dpcpp -Wall -DNDEBUG -O3 -fopenmp -o driver_spmv_input driver_spmv_input.cpp -ltbb -lboost_thread
Running method 9
Time to set up datastructures: 15333.7ms
61.5032, 61.6739, 61.6071, 61.6519, 61.671, 61.7189, 61.619, 61.6291, 61.661, 61.5501, 61.5549, 61.6241, 61.6119, 61.6062, 61.6829, 61.857, 61.702, 61.6419, 61.59, 61.6212, 61.6539, 61.5442, 61.6639, 61.6791, 61.579, 61.615, 64.7509, 61.9981, 61.5978, 61.63, 61.5969, 61.6541, 61.651, 61.5449, 61.5871, 61.6169, 61.62, 61.6269, 61.599, 61.8, 61.7342, 61.59, 61.6019, 61.9252, 61.6829, 61.64, 61.6629, 61.681, 61.738, 61.5861, 61.662, 61.6291, 61.6341, 61.604, 61.6999, 61.7149, 61.614, 61.8269, 61.5711, 61.589, 61.7559, 61.5771, 61.816, 61.6789, 61.759, 61.636, 61.553, 61.584, 61.6319, 61.646, 61.7769, 61.5749, 61.8949, 61.5981, 61.6121, 61.7149, 61.588, 61.5511, 61.717, 61.7139, 61.8351, 61.5599, 61.6381, 61.6109, 61.6021, 61.6801, 61.5809, 61.6579, 61.6171, 61.6491, 61.5649, 61.621, 61.574, 61.5819, 61.605, 61.5261, 61.671, 61.697, 61.6331, 61.5509, 
Time to set up datastructures: 13765.2ms
54.0431, 54.173, 54.112, 54.266, 54.3389, 54.374, 54.0481, 54.044, 54.0609, 54.055, 54.136, 54.085, 54.0791, 54.1821, 54.219, 54.322, 54.147, 54.1248, 54.1172, 54.1089, 54.255, 54.0869, 54.116, 54.0428, 54.1379, 54.1251, 54.0628, 54.0421, 54.2359, 54.162, 54.0771, 54.0969, 54.1122, 54.1849, 54.076, 54.0869, 54.3962, 54.0838, 54.095, 54.1048, 54.1182, 54.5559, 54.5402, 54.271, 54.1039, 54.121, 54.1801, 54.1029, 54.1751, 54.116, 54.229, 54.157, 54.0478, 54.4181, 54.343, 54.1661, 54.127, 54.1451, 54.1039, 54.1098, 54.1458, 54.178, 54.0621, 54.1849, 54.147, 54.1611, 54.1279, 54.1298, 54.1208, 54.0972, 54.2929, 54.0521, 54.1079, 54.2021, 54.3029, 54.0869, 54.184, 54.2991, 54.4159, 54.2679, 54.0991, 54.04, 54.235, 54.3361, 54.2121, 54.116, 54.0531, 54.2159, 54.1031, 54.116, 54.1639, 54.0431, 54.152, 54.0259, 54.1751, 54.07, 54.163, 54.266, 54.1749, 54.117, 
Time to set up datastructures: 15072.6ms
52.5291, 52.4859, 52.448, 52.4411, 52.428, 52.4209, 52.4321, 52.4211, 52.433, 52.3968, 52.3891, 52.4361, 52.5398, 52.417, 52.4521, 52.4371, 52.469, 52.2718, 52.4571, 52.448, 52.4831, 52.4058, 52.4962, 52.4778, 52.4499, 52.4759, 52.526, 52.4681, 52.5079, 52.4292, 52.4609, 52.4771, 52.4778, 52.4781, 52.444, 52.5141, 52.4859, 52.4411, 52.4039, 52.448, 52.417, 52.52, 52.4759, 52.371, 52.4402, 52.5808, 52.422, 52.423, 52.4831, 52.4399, 52.464, 52.46, 52.4092, 52.479, 52.4788, 52.398, 52.3698, 52.4828, 52.4402, 52.3698, 52.4461, 52.4209, 52.4311, 52.4509, 52.4769, 52.434, 52.4511, 52.4569, 52.464, 52.515, 52.444, 52.4931, 52.475, 52.47, 52.469, 52.4368, 52.5141, 52.628, 52.495, 52.542, 52.505, 52.4931, 52.3908, 52.506, 52.4049, 52.4561, 52.5219, 52.5579, 52.4731, 52.4321, 52.4268, 52.4161, 52.5191, 52.4259, 52.3081, 52.443, 52.382, 52.506, 52.3779, 52.4271, 
Time to set up datastructures: 16065.5ms
52.372, 52.3419, 52.3789, 52.3441, 52.3701, 52.34, 52.3729, 52.3279, 52.305, 52.351, 52.3388, 52.3272, 52.3789, 52.3841, 52.3129, 52.325, 52.335, 52.3381, 52.335, 52.3589, 52.351, 52.403, 52.397, 52.3341, 52.3379, 52.345, 52.29, 52.3312, 52.305, 52.3438, 52.3171, 52.335, 52.336, 52.341, 52.3832, 52.3419, 52.3679, 52.3262, 52.386, 52.3078, 52.3632, 52.356, 52.289, 52.3319, 52.3169, 52.3531, 52.3379, 52.3069, 52.345, 52.309, 52.4089, 52.314, 52.3551, 52.3829, 52.3221, 52.3059, 52.3531, 52.3629, 52.4051, 52.3319, 52.3241, 52.366, 52.2931, 52.5749, 52.3241, 52.428, 52.3329, 52.34, 52.382, 52.398, 52.3229, 52.3272, 52.3219, 52.3431, 52.3241, 52.2981, 52.393, 52.356, 52.4089, 52.3641, 52.289, 52.3899, 52.3212, 52.3899, 52.3281, 52.3632, 52.3109, 52.423, 52.3481, 52.3169, 52.356, 52.3808, 52.35, 52.33, 52.345, 52.3582, 52.351, 52.3729, 52.3069, 52.3221, 
Time to set up datastructures: 16801.1ms
52.613, 52.633, 52.5811, 52.7399, 52.711, 52.5708, 52.6538, 52.6168, 52.5999, 52.568, 52.6111, 52.5899, 52.6052, 52.6459, 52.6371, 52.609, 52.6018, 52.6121, 52.6111, 52.634, 52.6531, 52.5839, 52.6381, 52.5839, 52.582, 52.604, 52.6381, 52.599, 52.609, 52.624, 52.588, 52.5799, 52.6242, 52.6319, 52.6061, 52.623, 52.6428, 52.6011, 52.6409, 52.629, 52.6159, 52.6481, 52.654, 52.628, 52.604, 52.587, 52.568, 52.608, 52.5599, 52.6252, 52.583, 52.5658, 52.6419, 52.6412, 52.5589, 52.691, 52.6171, 52.5908, 52.603, 52.6531, 52.649, 52.5749, 52.5892, 52.6159, 52.6171, 52.65, 52.6171, 52.6509, 52.6202, 52.6378, 52.5801, 52.6021, 52.604, 52.597, 52.6109, 52.6021, 52.6102, 52.563, 52.551, 52.6481, 52.603, 52.578, 52.6481, 52.633, 52.6071, 52.604, 52.5939, 52.7179, 52.588, 52.618, 52.5591, 52.5811, 52.5968, 52.6452, 52.6209, 52.628, 52.6581, 52.6249, 52.613, 52.583, 
Time to set up datastructures: 17381.2ms
52.623, 52.583, 52.588, 52.6311, 52.675, 52.644, 52.6478, 52.5858, 52.568, 52.5589, 52.623, 52.609, 52.5889, 52.6092, 52.5899, 52.5382, 52.5968, 52.5501, 52.588, 52.6121, 52.592, 52.6121, 52.6011, 52.568, 52.6321, 52.6419, 52.635, 52.5558, 52.577, 52.561, 52.6512, 52.619, 52.7079, 52.604, 52.608, 52.5892, 52.5849, 52.6221, 52.572, 52.5949, 52.6121, 52.634, 52.6481, 52.5479, 52.6462, 52.604, 52.5861, 52.6428, 52.5799, 52.6121, 52.5801, 52.6218, 52.624, 52.6021, 52.5832, 52.6628, 52.6102, 52.6199, 52.6209, 52.5651, 52.5961, 52.593, 52.6319, 52.6621, 52.6991, 52.6209, 52.583, 52.6509, 52.6161, 52.5839, 52.5641, 52.6009, 52.5658, 52.6071, 52.6071, 52.541, 52.6271, 52.582, 52.5429, 52.6159, 52.5992, 52.588, 52.6719, 52.644, 52.592, 52.5811, 52.6769, 52.681, 52.6268, 52.6428, 52.5508, 52.582, 52.6519, 52.634, 52.578, 52.634, 52.5839, 52.5761, 52.5661, 52.645, 
Time to set up datastructures: 17608.6ms
52.6872, 52.66, 52.68, 52.6719, 52.685, 52.7041, 52.696, 52.664, 52.712, 52.695, 52.6309, 52.6891, 52.6831, 52.6738, 52.6779, 52.669, 52.665, 52.6822, 52.6669, 52.6741, 52.6381, 52.676, 52.707, 52.726, 52.6459, 52.6872, 52.6659, 52.6772, 52.6838, 52.6352, 52.6268, 52.64, 52.671, 52.7439, 52.726, 52.664, 52.686, 52.671, 52.675, 52.706, 52.6321, 52.696, 52.6729, 52.726, 52.6471, 52.6769, 52.6931, 52.6469, 52.9399, 52.6531, 52.7229, 52.671, 52.659, 52.6872, 52.6469, 52.6421, 52.6769, 52.6731, 52.721, 52.65, 52.6631, 52.7189, 52.706, 52.747, 52.635, 52.7651, 52.6679, 52.66, 52.6779, 52.654, 52.6509, 52.6769, 52.6631, 52.6659, 52.7139, 52.634, 52.6822, 52.6879, 52.6671, 52.6791, 52.7599, 52.685, 52.696, 52.669, 52.7239, 52.772, 52.685, 52.6741, 52.7022, 52.6748, 52.7141, 52.6941, 52.635, 52.659, 52.6619, 52.6781, 52.6669, 52.6941, 52.665, 52.6249, 
Time to set up datastructures: 18675.4ms
52.696, 52.7639, 52.7401, 52.7048, 52.6941, 52.7341, 52.7098, 52.706, 52.7151, 52.7401, 52.738, 52.7291, 52.6888, 52.7308, 52.702, 52.7439, 52.7251, 52.736, 52.7101, 52.7029, 52.7091, 52.7079, 52.778, 52.6721, 52.7098, 52.7041, 52.7451, 52.711, 52.6991, 52.6919, 52.738, 52.7282, 52.7148, 52.6981, 52.659, 52.6891, 52.681, 52.743, 52.7101, 52.737, 52.7091, 52.701, 52.736, 52.7329, 52.7451, 52.737, 52.742, 52.6919, 52.7301, 52.7179, 52.6931, 52.6879, 52.717, 52.763, 52.701, 52.717, 52.7129, 52.6938, 52.7232, 52.712, 52.7179, 52.7151, 52.7329, 52.6991, 52.7689, 52.84, 52.7439, 52.7279, 52.8822, 52.7518, 52.695, 52.7158, 52.7048, 52.7139, 52.6991, 52.716, 52.717, 52.691, 52.712, 52.7129, 52.7411, 52.6772, 52.748, 52.6991, 52.7289, 52.6838, 52.7651, 52.7558, 52.7649, 52.726, 52.711, 52.7661, 52.7339, 52.7, 52.7129, 52.6819, 52.7229, 52.726, 52.7301, 52.7589, 
Time to set up datastructures: 18322.5ms
52.6521, 52.6459, 52.6631, 52.628, 52.6729, 52.6311, 52.6109, 52.6412, 52.6628, 52.6621, 52.635, 52.6409, 52.6521, 52.64, 52.634, 52.659, 52.649, 52.68, 52.701, 52.6471, 52.6218, 52.671, 52.629, 52.6121, 52.7148, 52.7289, 52.6049, 52.649, 52.635, 52.659, 52.6569, 52.6102, 52.6459, 52.645, 52.6321, 52.628, 52.6378, 52.6369, 52.6471, 52.614, 52.6471, 52.6669, 52.69, 52.655, 52.6931, 52.6869, 52.676, 52.649, 52.6531, 52.6719, 52.6462, 52.7029, 52.6249, 52.6831, 52.676, 52.664, 52.6021, 52.6621, 52.645, 52.6171, 52.634, 52.6609, 52.6321, 52.7339, 52.604, 52.6328, 52.6488, 52.6621, 52.671, 52.659, 52.6371, 52.6099, 52.6361, 52.654, 52.6509, 52.6609, 52.6409, 52.634, 52.691, 52.6261, 52.676, 52.6721, 52.599, 52.6159, 52.6621, 52.649, 52.649, 52.6519, 52.7511, 52.6628, 52.6381, 52.635, 52.675, 52.6512, 52.66, 52.6509, 52.6171, 52.6569, 52.639, 52.644, 
Time to set up datastructures: 17378.8ms
52.6738, 52.6059, 52.871, 52.6092, 52.629, 52.628, 52.5839, 52.6409, 52.599, 52.7399, 52.6381, 52.671, 52.599, 52.6681, 52.6621, 52.6469, 52.664, 53.0751, 53.2269, 52.808, 52.5761, 52.619, 52.6829, 52.6631, 52.6209, 52.6299, 52.604, 52.5661, 52.6309, 52.6421, 52.6471, 52.6848, 52.5908, 52.6891, 52.6261, 52.6619, 52.6071, 52.6581, 52.597, 52.6638, 52.834, 52.6531, 52.619, 52.68, 52.6001, 52.7248, 52.6052, 52.604, 52.6991, 52.6259, 52.5908, 52.6562, 52.6268, 52.6268, 52.6791, 52.7499, 52.7561, 52.8541, 52.906, 52.567, 52.614, 52.6221, 52.608, 52.6052, 52.6299, 52.614, 52.568, 52.6228, 52.6152, 52.6271, 52.6168, 52.6152, 52.6309, 52.639, 52.6021, 52.649, 52.6221, 52.635, 52.6462, 52.623, 52.6159, 52.6631, 52.659, 52.6469, 52.6581, 52.6099, 52.6581, 52.937, 52.7699, 52.624, 52.6021, 52.6781, 52.633, 52.5858, 52.6731, 52.7101, 53.0391, 52.5968, 52.5999, 52.5889, 
Time to set up datastructures: 17807ms
53.045, 53.0219, 53.036, 52.9969, 53.0319, 52.9871, 53.025, 52.9759, 53.0188, 52.892, 52.9718, 52.9921, 53.031, 53.0059, 53.0481, 53.01, 52.9981, 52.984, 53.015, 53.0109, 53.0059, 53.0109, 52.9971, 53.0069, 53.0131, 52.973, 53.0119, 53.077, 53.0241, 52.9771, 52.9981, 53.0159, 52.9721, 53.0119, 53.067, 53, 53.0288, 52.9702, 53.02, 53.0038, 52.9952, 52.9828, 53.0279, 53.005, 52.9981, 53.04, 53.02, 52.907, 52.9511, 53.0128, 53.0071, 53.04, 52.9971, 53.0179, 52.9921, 53.015, 52.984, 53.036, 53.0779, 53.0121, 52.9969, 52.9802, 52.99, 53.0219, 53.03, 53.0882, 53.0219, 53.035, 53.031, 52.9859, 53.0012, 53.0519, 53.0429, 53.0159, 53.026, 53.015, 53.0219, 52.9661, 53.036, 53.004, 52.973, 53.015, 53.021, 53.0121, 53.0159, 52.8951, 53.056, 53.055, 53.021, 53.0119, 52.9811, 53.009, 53.051, 53, 53.004, 53.0431, 52.9759, 53.0188, 52.994, 53.046, 
Time to set up datastructures: 18041.4ms
52.8309, 52.779, 52.7971, 52.846, 52.7661, 52.7761, 52.7771, 52.7768, 52.8221, 52.7921, 52.7799, 52.7852, 52.7699, 52.7999, 52.7661, 52.789, 52.778, 52.7589, 52.793, 52.774, 52.7649, 52.7711, 52.7821, 52.8059, 52.788, 52.7611, 52.7871, 52.794, 52.808, 52.8259, 52.7911, 52.753, 52.7608, 52.8271, 52.815, 52.7551, 52.774, 52.767, 52.81, 52.7649, 52.7651, 52.8059, 52.8011, 52.7799, 52.7701, 52.7768, 52.8011, 52.7968, 52.829, 52.794, 52.7751, 52.784, 52.7821, 52.773, 52.8679, 52.788, 52.798, 52.8131, 52.835, 52.803, 52.7861, 52.7689, 52.778, 52.8131, 52.772, 52.7978, 52.7759, 52.803, 52.7871, 52.789, 52.7861, 52.8269, 52.747, 52.7902, 52.7668, 52.778, 52.7852, 52.779, 52.798, 52.7689, 52.7921, 52.7921, 52.767, 52.799, 52.763, 52.783, 52.8641, 52.8009, 52.8102, 52.773, 52.825, 52.882, 52.804, 52.7949, 52.7811, 52.8009, 52.783, 52.752, 52.779, 52.7902, 
Time to set up datastructures: 18179.2ms
52.7122, 52.6769, 52.7802, 52.866, 52.7248, 52.6791, 52.7291, 52.65, 52.738, 52.7, 52.7079, 52.726, 52.7201, 52.695, 52.686, 52.7139, 52.6941, 52.7291, 52.726, 52.7298, 52.6981, 52.7189, 52.7332, 52.726, 52.6979, 52.686, 52.7, 52.7351, 52.6631, 52.707, 52.736, 52.7101, 52.727, 52.68, 52.7, 52.681, 52.7079, 52.731, 52.726, 52.7141, 52.6929, 52.6931, 52.726, 52.7329, 52.6891, 52.6931, 52.7151, 52.6769, 52.676, 52.702, 52.7339, 52.6741, 52.6881, 52.727, 52.752, 52.7329, 52.686, 52.7229, 52.6659, 52.7091, 52.669, 52.695, 52.722, 52.691, 52.686, 52.809, 52.696, 52.7341, 52.7039, 52.7191, 52.6791, 52.7101, 52.732, 52.752, 52.7949, 52.681, 52.7081, 52.7589, 52.705, 52.6481, 52.6891, 52.6838, 52.695, 52.706, 52.7132, 52.675, 52.6769, 52.6991, 52.7332, 52.7558, 52.727, 52.7191, 52.7179, 52.716, 52.7141, 52.7239, 52.69, 52.686, 52.6941, 52.7029, 
