dpcpp -Wall -DNDEBUG -O3 -fopenmp -o driver_spmv_input driver_spmv_input.cpp -ltbb -lboost_thread
Running TBB_graphs_1 implementation
Time to set up datastructures: 8474.41ms
82.653, 82.6421, 82.7701, 82.8509, 82.5319, 82.803, 82.679, 82.5291, 82.731, 82.849, 82.9999, 82.628, 82.7529, 83.0371, 82.6969, 82.5841, 87.4689, 84.5079, 82.8001, 82.752, 82.619, 82.9301, 83.18, 82.5679, 82.629, 82.871, 82.6311, 82.567, 82.588, 82.628, 82.6321, 83.205, 82.7579, 82.5942, 82.8791, 82.5949, 82.629, 82.948, 82.5441, 82.9151, 87.8849, 84.6891, 82.669, 82.742, 82.516, 82.5062, 88.7558, 86.4761, 82.72, 82.5529, 83.5161, 82.799, 82.495, 82.998, 88.722, 84.97, 82.9031, 82.499, 82.9129, 82.741, 82.9351, 83.2338, 82.597, 82.5741, 82.8359, 82.7219, 82.9461, 88.897, 86.226, 82.7751, 82.4909, 82.49, 82.8152, 82.6399, 82.536, 82.6521, 82.6709, 82.6581, 82.6449, 82.6139, 82.6862, 83.0078, 82.6802, 82.788, 82.865, 82.649, 82.5219, 88.284, 84.3949, 82.6242, 83.317, 82.711, 82.8278, 88.3632, 85.299, 82.8359, 86.0291, 86.621, 88.388, 89.397, 
Time to set up datastructures: 8473.85ms
70.0662, 70.0638, 69.7391, 70.044, 69.9658, 69.7472, 69.7069, 69.6971, 69.972, 69.7119, 70.0581, 69.7589, 69.73, 69.9401, 69.731, 69.737, 69.7711, 73.8771, 73.5528, 70.1301, 69.6709, 70.0171, 69.5791, 69.7508, 69.7482, 69.9461, 73.838, 73.9789, 73.6351, 70.0071, 69.855, 69.9389, 69.777, 69.7351, 69.6919, 69.983, 70.0221, 69.7351, 69.711, 69.9461, 69.658, 73.7388, 73.293, 69.9658, 69.6781, 69.6521, 69.7529, 69.824, 69.9501, 69.663, 69.905, 70.1051, 69.7808, 70.0619, 69.952, 69.948, 69.7331, 70.0788, 69.8118, 69.8068, 69.6981, 70.0829, 69.6652, 69.7188, 69.9081, 70.2889, 70.019, 69.705, 69.993, 69.7789, 69.8261, 69.7429, 69.8352, 69.711, 69.8049, 69.7689, 69.7401, 69.849, 69.746, 69.772, 69.9561, 69.838, 69.8018, 69.896, 69.9921, 69.9279, 69.7262, 69.768, 69.8249, 70.1129, 70.0002, 69.731, 69.927, 69.833, 69.757, 69.685, 69.6709, 69.8102, 69.8669, 69.7601, 
Time to set up datastructures: 8464.62ms
62.7999, 62.3, 62.324, 62.3369, 62.309, 62.4201, 63.071, 62.6929, 62.634, 62.2611, 62.103, 62.232, 62.4061, 62.1829, 62.551, 62.5551, 62.2342, 62.4518, 62.4931, 62.202, 62.3279, 62.536, 62.17, 62.166, 62.2489, 62.602, 62.181, 62.5501, 62.2659, 62.3808, 62.1829, 62.4139, 62.222, 62.2568, 62.0842, 62.2189, 62.3329, 62.2561, 62.5839, 62.542, 62.4909, 62.325, 62.1629, 62.3441, 62.588, 62.2211, 62.629, 62.1789, 62.1359, 62.2902, 62.2299, 62.335, 62.4151, 62.1719, 62.175, 62.2439, 62.3641, 62.5138, 62.3982, 62.4628, 62.253, 62.3522, 62.1889, 62.4599, 62.5529, 62.536, 62.444, 62.5479, 62.4139, 62.3291, 62.386, 62.2098, 62.3589, 68.485, 62.7041, 62.227, 62.2749, 62.4881, 62.264, 62.1879, 62.4151, 62.4208, 62.4161, 62.304, 67.8592, 66.813, 62.9308, 62.377, 62.4971, 62.3391, 62.3651, 62.4979, 62.32, 62.0179, 62.1619, 62.0379, 62.1722, 62.5279, 62.181, 62.413, 
Time to set up datastructures: 8473.86ms
57.502, 57.5821, 57.39, 59.7141, 57.5249, 57.2701, 57.3459, 57.1611, 57.2929, 57.209, 57.518, 57.3602, 57.5409, 61.0721, 60.813, 59.4249, 57.6391, 57.426, 57.5571, 57.3549, 57.3161, 57.6229, 57.457, 57.3149, 57.4231, 57.364, 57.658, 57.2979, 57.476, 59.4571, 57.9259, 57.5399, 57.6231, 57.426, 57.368, 57.3468, 57.411, 57.445, 60.5628, 57.7462, 57.317, 57.3559, 57.487, 57.3468, 57.488, 57.502, 57.2572, 57.312, 57.2739, 57.332, 57.4241, 57.2729, 57.4882, 59.711, 57.626, 57.2281, 57.2698, 57.3461, 57.57, 57.4341, 60.6461, 57.5168, 57.5862, 57.4949, 57.389, 57.44, 57.296, 57.385, 57.564, 57.5171, 57.369, 57.4641, 57.4338, 57.3812, 57.3709, 57.457, 57.5202, 57.7898, 57.3461, 57.4319, 57.3781, 57.5659, 57.4121, 57.5449, 57.3161, 57.569, 57.2579, 57.3611, 57.4138, 57.3611, 57.3981, 57.353, 57.296, 57.303, 57.276, 57.6282, 57.3978, 57.3959, 57.3599, 57.5249, 
Time to set up datastructures: 8463.71ms
53.545, 53.571, 53.7941, 53.6158, 53.6311, 53.5531, 53.504, 53.4499, 56.1411, 56.5839, 53.9782, 53.596, 53.8099, 53.5841, 53.7419, 53.853, 53.6339, 53.6358, 53.52, 56.5951, 56.215, 53.9849, 53.566, 53.7312, 53.6978, 53.757, 53.5412, 53.616, 53.5898, 53.412, 53.7128, 53.561, 53.6761, 53.6101, 53.6399, 53.5312, 53.3938, 53.7291, 53.7281, 53.7729, 53.406, 53.6399, 53.5421, 53.699, 53.3369, 53.376, 53.581, 53.5789, 53.546, 53.561, 53.5219, 53.6282, 53.5989, 53.561, 53.4592, 53.4899, 53.5882, 53.5738, 53.556, 53.6251, 53.5579, 53.4561, 53.5722, 53.4358, 53.6101, 53.5879, 55.4681, 53.746, 53.715, 53.652, 53.6489, 53.715, 53.6299, 53.6752, 53.6649, 53.447, 53.586, 53.6671, 53.5719, 53.4379, 53.597, 53.447, 53.5581, 53.4749, 53.6649, 53.586, 53.472, 53.812, 53.586, 53.6129, 53.6919, 53.406, 53.524, 53.6392, 53.514, 53.617, 53.6599, 53.7219, 53.719, 53.4589, 
Running Threadpool_1 implementation
Time to set up datastructures: 8604.6ms
82.8602, 83.195, 83.0131, 82.953, 82.922, 83.0481, 82.927, 82.8788, 82.9341, 82.875, 82.9389, 82.922, 83.1461, 82.8969, 83.0271, 82.9449, 82.921, 82.8052, 82.742, 82.829, 83.034, 82.8979, 82.8331, 82.9699, 83.0998, 82.9539, 83.0019, 82.921, 82.912, 82.926, 82.8478, 83.035, 91.702, 83.7049, 82.9771, 83.0741, 82.8779, 82.8922, 83.2789, 82.927, 83.066, 83.1361, 82.804, 82.9561, 82.978, 83.5311, 92.6681, 84.439, 88.5129, 88.392, 83.601, 83.1418, 83.2431, 91.614, 83.334, 82.9589, 82.984, 83.1149, 83.106, 83.1032, 82.9959, 83.0319, 83.0789, 82.9589, 82.9, 82.9811, 82.7801, 83.0579, 82.994, 83.2231, 83.091, 82.948, 83.0309, 82.9189, 82.9661, 82.901, 83.0741, 82.8459, 82.8691, 83.113, 82.8931, 83.1101, 90.5368, 83.4339, 83.0011, 83.1668, 83.0791, 82.988, 82.8421, 83.0889, 82.8142, 82.906, 83.061, 83.178, 83.23, 83.065, 83.035, 83.1511, 83.1599, 82.9489, 
Time to set up datastructures: 8587.84ms
71.7142, 71.403, 71.0649, 70.3859, 70.6789, 70.8911, 70.142, 70.5359, 70.951, 70.5311, 73.7128, 73.849, 74.136, 70.262, 72.109, 70.2481, 70.637, 70.4579, 70.8151, 70.329, 70.5371, 71.0239, 70.348, 70.6189, 70.971, 70.2891, 70.667, 71.008, 70.317, 70.5729, 70.847, 70.359, 70.5421, 70.899, 70.364, 70.658, 70.868, 70.488, 70.688, 71.1131, 70.308, 70.5822, 71.0158, 70.3311, 70.6379, 71.0671, 70.385, 70.693, 70.802, 70.405, 70.7021, 71.1341, 70.3599, 70.617, 70.9591, 70.3709, 73.3149, 71.4412, 70.3509, 70.7011, 70.473, 70.647, 71.018, 70.3959, 70.606, 71.1031, 70.3239, 70.5721, 70.9369, 70.3361, 70.58, 70.1549, 70.504, 70.5612, 70.2729, 70.6081, 71.033, 71.2209, 71.3711, 70.6332, 70.878, 71.1799, 71.3871, 70.673, 70.7121, 70.2031, 70.4901, 70.8978, 70.3821, 70.647, 70.883, 70.4389, 70.6542, 71.003, 70.5011, 70.58, 71.0421, 70.354, 70.545, 70.956, 
Time to set up datastructures: 8592.72ms
63.0951, 66.524, 66.4001, 63.0369, 63.0529, 63.4079, 62.9191, 63.1778, 63.252, 63.3018, 63.5159, 63.133, 63.0591, 63.175, 63.432, 63.5149, 62.8889, 62.4981, 65.809, 65.388, 62.7561, 62.839, 63.045, 63.3039, 63.168, 62.923, 62.834, 62.9969, 63.36, 62.912, 62.9358, 63.22, 63.3092, 63.4148, 62.9189, 63.102, 63.1571, 63.458, 63.4599, 62.8231, 63.055, 63.1599, 63.359, 66.1631, 65.644, 63.6249, 62.9461, 63.123, 63.282, 66.3171, 62.876, 62.696, 62.804, 62.5341, 62.6979, 62.463, 62.4831, 62.511, 66.2551, 65.7921, 63.113, 62.556, 62.933, 62.6421, 62.659, 62.4909, 62.861, 62.629, 62.3679, 62.449, 62.5191, 62.5041, 62.5489, 62.6981, 62.552, 62.4599, 62.4971, 62.6628, 62.4852, 62.557, 62.8009, 62.4981, 62.454, 65.552, 66.6709, 63.0052, 62.5019, 62.5341, 63.0429, 62.7789, 62.5241, 62.6731, 62.552, 62.4681, 62.7708, 62.6271, 62.5889, 62.439, 62.479, 62.5839, 
Time to set up datastructures: 8784.6ms
58.116, 57.9321, 57.919, 61.131, 60.962, 58.702, 58.3429, 57.9011, 58.2578, 58.5289, 58.1751, 60.8521, 60.993, 59.0501, 59.556, 62.1769, 59.145, 58.1791, 58.3339, 58.1532, 58.4059, 58.0761, 58.244, 57.8039, 58.0091, 57.986, 57.982, 58.0239, 58.2001, 60.8299, 58.557, 58.0652, 58.3489, 58.022, 58.1579, 61.0421, 61.4951, 61.141, 58.0969, 58.1672, 57.961, 58.0599, 60.9269, 61.2581, 58.2559, 58.619, 57.9102, 57.9469, 57.9789, 58.32, 57.9741, 58.2509, 58.104, 58.496, 58.171, 58.193, 58.5282, 58.2519, 58.2821, 58.0499, 58.1021, 58.1629, 58.223, 58.043, 58.0201, 58.0311, 58.1789, 58.4819, 58.2681, 58.2149, 57.9431, 58.356, 58.0339, 58.1441, 57.9789, 58.1892, 57.869, 58.223, 57.9569, 58.1961, 57.873, 58.0831, 60.3099, 61.1281, 58.4521, 57.9979, 58.207, 59.32, 58.161, 58.2628, 57.9882, 58.085, 57.9829, 58.1272, 58.5299, 58.3119, 58.3589, 58.0909, 58.0881, 58.1172, 
Time to set up datastructures: 8576.94ms
55.3591, 55.2421, 55.2158, 55.1372, 55.3079, 55.4411, 55.505, 55.021, 55.1548, 55.1958, 58.0039, 57.502, 57.3299, 58.0931, 55.311, 55.052, 55.526, 55.49, 55.5, 55.4919, 55.362, 55.1569, 55.2101, 55.407, 55.3949, 55.5332, 55.474, 55.2189, 55.141, 55.2399, 55.3751, 55.438, 55.6729, 55.2621, 55.1629, 55.248, 55.479, 55.5241, 55.649, 55.5511, 55.0799, 55.197, 55.321, 55.0721, 55.2959, 55.099, 55.239, 55.4731, 55.418, 55.4891, 55.4929, 55.155, 55.2781, 55.3491, 55.723, 55.2409, 55.469, 55.5499, 55.1581, 54.929, 55.136, 55.5649, 57.476, 58.331, 55.9511, 55.5968, 55.1119, 55.063, 55.2042, 55.5148, 55.335, 55.665, 55.3691, 55.1879, 55.4261, 55.2049, 57.528, 58.2411, 57.4059, 55.1519, 54.9748, 55.2988, 55.1121, 55.0921, 54.9009, 54.95, 55.059, 55.048, 54.8909, 55.0601, 54.9209, 54.9181, 54.949, 54.868, 54.9331, 54.894, 54.9338, 54.991, 54.9109, 54.791, 
Running TBB_graphs_2 implementation
Time to set up datastructures: 8492.22ms
83.4508, 89.118, 87.245, 83.658, 83.6279, 83.981, 83.946, 89.6029, 85.6891, 83.838, 83.8859, 83.8559, 83.5581, 83.477, 83.42, 83.7779, 83.2682, 83.4839, 88.979, 88.6531, 85.8281, 86.4151, 86.23, 83.8308, 83.832, 84.27, 83.802, 83.5509, 83.5669, 83.5631, 83.6489, 83.3631, 83.3771, 83.6389, 88.8772, 83.8509, 83.6301, 83.4301, 86.41, 86.3309, 83.6, 83.6031, 83.782, 90.0121, 84.5189, 83.637, 83.437, 83.54, 83.5612, 83.626, 83.6658, 84.003, 84.2559, 84.136, 83.8349, 89.045, 85.6202, 85.2628, 85.7031, 83.904, 83.8621, 83.6358, 83.5531, 83.6549, 83.585, 83.6711, 83.9121, 84.0259, 83.8361, 83.955, 84.034, 84.1191, 83.982, 84.0859, 83.468, 83.4951, 83.364, 83.4529, 83.5991, 83.4, 88.815, 87.0159, 83.8339, 83.5621, 84.0049, 84.0712, 84.1861, 83.854, 83.652, 83.6029, 83.4162, 83.7259, 83.6041, 83.3299, 83.4591, 89.3128, 85.7198, 83.951, 83.4191, 83.7171, 
Time to set up datastructures: 8451.47ms
70.7831, 70.802, 70.863, 70.7841, 71.1498, 70.9832, 70.9379, 70.8101, 70.9791, 70.8508, 71.121, 70.9279, 70.801, 70.857, 71.0249, 70.9982, 70.7009, 70.9701, 70.7309, 70.883, 70.7791, 70.8749, 70.7898, 70.771, 70.976, 70.735, 70.9341, 70.8911, 70.936, 70.7381, 70.7428, 70.8311, 71.1491, 70.6959, 70.8132, 70.719, 70.8299, 70.677, 70.997, 70.786, 70.9941, 71.028, 70.7641, 70.581, 70.641, 71.075, 71.1071, 74.8298, 71.7351, 70.9429, 70.801, 70.8621, 70.6921, 70.9829, 70.6511, 70.8909, 70.8442, 70.9059, 70.8442, 71.0769, 70.982, 71.0831, 70.8621, 70.8339, 70.6902, 70.8899, 70.817, 70.8129, 70.828, 70.9641, 70.9679, 70.7428, 70.9431, 70.869, 70.864, 71.0759, 70.8959, 70.801, 70.925, 70.6041, 70.6909, 70.75, 70.7979, 70.8821, 70.611, 70.7519, 71.104, 70.8759, 70.9941, 71.007, 70.8408, 70.9648, 71.0402, 70.7409, 70.8101, 70.5619, 70.9131, 70.848, 70.8029, 70.739, 
Time to set up datastructures: 8435.63ms
63.288, 63.2992, 66.539, 67.0609, 63.4079, 63.2751, 63.664, 63.365, 63.473, 67.45, 66.54, 63.6001, 63.374, 63.39, 63.4291, 63.4539, 63.3831, 63.8559, 63.5431, 63.638, 63.314, 63.436, 63.55, 63.334, 63.4151, 63.3211, 63.406, 63.4, 63.5719, 63.374, 63.427, 63.4079, 63.251, 63.3972, 63.2529, 63.4589, 63.1661, 63.2529, 63.3559, 63.6191, 63.314, 63.4129, 63.4241, 63.4699, 63.5359, 63.5381, 63.5598, 63.5221, 63.7369, 63.4482, 63.3709, 63.463, 63.5109, 63.4952, 63.3888, 63.1969, 63.379, 63.355, 63.2432, 63.4239, 63.6902, 63.345, 63.421, 63.52, 63.5381, 63.5669, 63.1731, 63.3419, 63.4952, 63.2041, 63.4379, 63.2679, 63.5111, 63.555, 63.458, 63.092, 63.1649, 63.3571, 63.3788, 63.272, 63.421, 63.463, 63.3421, 63.2491, 63.292, 63.4079, 63.359, 63.267, 63.2882, 63.6089, 63.319, 63.5061, 63.448, 63.3521, 63.158, 63.3669, 63.251, 63.2319, 63.2391, 63.2629, 
Time to set up datastructures: 8443.86ms
57.9331, 58.033, 58.027, 58.151, 57.9622, 58.012, 58.0299, 58.1529, 57.869, 57.9531, 58.007, 58.1498, 57.965, 58.1131, 58.1, 58.1479, 57.971, 58.0671, 58.1129, 57.8911, 58.1269, 58.0862, 57.9948, 57.951, 58.2221, 58.0389, 58.084, 58.0802, 58.0468, 58.171, 57.9011, 57.9798, 57.9221, 58.053, 58.006, 58.161, 58.1188, 57.9581, 58.171, 57.9059, 58.0711, 58.26, 58.197, 58.1789, 57.9481, 57.946, 58.172, 58.1629, 58.0101, 57.9939, 57.909, 57.9989, 58.171, 58.1641, 58.1748, 58.311, 57.904, 57.9331, 58.121, 58.1021, 57.9641, 58.11, 58.002, 59.5191, 58.0099, 58.0029, 57.8721, 58.136, 58.0871, 61.105, 61.352, 58.1319, 58.172, 57.9479, 58.2361, 57.827, 58.1639, 58.0592, 58.0969, 58.2461, 58.1899, 57.9891, 58.239, 57.8299, 58.0969, 58.0261, 58.3539, 58.0001, 58.0971, 58.0029, 57.9741, 58.1999, 57.7569, 57.986, 58.136, 58.0959, 57.9829, 58.1501, 57.9081, 58.1379, 
Time to set up datastructures: 8472.64ms
53.9398, 53.925, 54.0891, 54.1651, 54.2679, 54.2231, 54.1279, 56.073, 54.219, 53.9231, 54.6029, 54.0662, 54.1389, 54.0149, 54.131, 54.0669, 53.822, 54.1699, 54.0631, 54.0171, 53.8859, 53.9391, 53.787, 54.0209, 53.978, 53.9289, 53.901, 54.04, 54.05, 53.9088, 54.1921, 53.8859, 54.1811, 53.8511, 53.896, 54.177, 53.8759, 54.1031, 53.8719, 54.2612, 53.998, 54.1201, 54.0769, 53.9789, 53.8931, 54.0271, 54.1029, 53.978, 53.9372, 53.9999, 54.1031, 54.1899, 54.1601, 53.8371, 53.967, 54.065, 53.9389, 53.992, 53.736, 54.1191, 54.0161, 54.0988, 53.9041, 53.7829, 53.8862, 54.0249, 53.956, 54.05, 54.126, 54.0271, 54.028, 54.023, 53.905, 54.0459, 53.9889, 53.905, 53.9038, 53.921, 53.8559, 53.8661, 53.9529, 54.101, 54.0969, 54.0559, 54.1272, 54.178, 54.3079, 54.1389, 53.9711, 54.1551, 53.9808, 54.0271, 54.028, 53.997, 54.0991, 54.0969, 54.0662, 53.9999, 53.8909, 54.0311, 
Running Threadpool_2 implementation
Time to set up datastructures: 8655.19ms
91.841, 83.8802, 84.831, 88.016, 83.503, 83.823, 83.7641, 87.585, 84.219, 86.36, 85.675, 92.792, 83.621, 83.8132, 83.756, 88.0709, 91.2139, 84.626, 83.4019, 84.1122, 84.1749, 83.9911, 83.9651, 84.013, 84.0111, 84.0409, 83.9591, 83.9469, 83.9128, 84.084, 88.2239, 85.9709, 83.3371, 83.513, 83.7181, 88.0609, 85.0561, 86.4811, 89.025, 83.6489, 83.7381, 83.704, 84.6641, 85.639, 86.2958, 87.203, 83.4839, 83.7021, 84.2021, 84.105, 84.0759, 90.081, 87.6782, 83.8518, 83.5731, 83.6411, 83.775, 83.482, 88.9609, 92.7942, 85.8228, 88.402, 88.5398, 83.874, 84.6491, 86.0369, 89.2582, 87.9419, 83.586, 83.487, 87.9021, 92.2461, 84.029, 84.131, 84.2431, 84.012, 87.9228, 87.5762, 84.826, 83.9779, 83.9782, 84.029, 84.0349, 83.904, 83.9241, 83.8959, 88.443, 86.2479, 84.929, 85.8312, 83.4589, 83.848, 87.6851, 91.1739, 85.726, 83.498, 83.7941, 83.3859, 89.154, 83.8501, 
Time to set up datastructures: 8600.58ms
69.8938, 70.3669, 69.8349, 70.3468, 69.8009, 70.344, 69.7281, 70.3669, 70.92, 70.0672, 70.504, 69.8981, 70.3158, 69.8111, 70.1909, 69.7658, 70.3011, 69.7529, 70.261, 69.7689, 70.277, 69.876, 70.2271, 70.7979, 70.081, 73.9622, 74.1909, 71.0101, 69.8738, 70.225, 70.853, 70.049, 69.7019, 69.988, 70.1511, 69.9909, 70.5788, 69.886, 73.0159, 75.027, 71.7831, 74.11, 69.947, 69.886, 70.04, 71.5971, 73.4248, 70.4191, 70.9751, 73.422, 70.127, 69.9642, 70.6019, 70.0049, 70.37, 69.8092, 70.3428, 70.6282, 70.1599, 74.6429, 74.615, 73.5421, 69.905, 70.0998, 69.7989, 70.343, 69.8118, 70.4432, 69.9809, 70.1392, 70.5769, 70.0011, 73.9779, 74.2099, 70.2851, 69.7129, 70.3142, 69.9708, 70.3299, 69.885, 70.785, 70.9519, 69.9971, 70.416, 69.849, 70.2569, 69.896, 70.1931, 69.8092, 70.364, 70.8139, 71.573, 70.2651, 70.461, 69.994, 70.298, 69.9532, 70.2739, 69.8881, 70.3449, 
Time to set up datastructures: 8617.35ms
62.5982, 62.6569, 66.1271, 63.273, 62.4321, 62.4681, 62.3691, 62.7301, 63.3759, 62.392, 62.6261, 63.004, 62.417, 62.669, 62.9408, 62.458, 62.737, 62.8891, 62.396, 62.6979, 62.9542, 66.1669, 66.905, 66.4871, 66.5801, 63.0679, 62.875, 66.149, 62.8791, 62.932, 64.0519, 63.1812, 62.4509, 62.7761, 62.973, 62.5348, 62.8231, 62.9861, 62.3529, 62.6161, 62.958, 62.4859, 62.7751, 62.8779, 62.5181, 62.572, 62.8488, 62.34, 62.7451, 62.921, 62.4609, 62.6519, 63.3571, 63.807, 64.2381, 63.1158, 62.4371, 62.7182, 63.0989, 62.607, 62.701, 62.928, 63.071, 62.5701, 62.7398, 63.2281, 62.4449, 62.6521, 66.2229, 65.5761, 62.6481, 62.4709, 62.5861, 62.9659, 62.551, 62.8538, 63.0591, 62.412, 62.7511, 62.942, 62.4008, 62.7298, 62.9098, 62.49, 62.6252, 62.979, 62.3879, 62.602, 65.748, 66.0219, 65.9339, 67.8251, 62.7689, 62.958, 63.0889, 62.5708, 62.223, 62.2759, 62.3021, 62.393, 
Time to set up datastructures: 8609ms
60.2679, 60.8602, 58.6379, 57.5211, 57.4141, 57.451, 57.4038, 57.3418, 57.2672, 57.538, 57.3158, 57.399, 57.395, 57.26, 57.4131, 57.399, 57.488, 57.265, 57.487, 57.6429, 60.6191, 60.215, 57.7369, 57.471, 57.58, 57.606, 57.2801, 57.5099, 57.3862, 57.2848, 57.4272, 57.318, 57.5359, 57.3971, 57.2379, 57.4169, 57.3621, 57.3571, 57.6279, 57.5821, 57.4479, 57.4291, 57.368, 57.271, 57.4651, 57.3061, 57.2228, 57.4992, 57.389, 57.1868, 57.3971, 57.313, 57.2221, 57.4698, 57.3909, 57.4191, 57.4498, 57.308, 57.5299, 57.3599, 57.1561, 57.446, 57.4009, 57.5531, 60.6861, 58.2659, 57.4841, 60.817, 58.0778, 57.4341, 57.4651, 57.4269, 57.4429, 57.399, 57.4131, 60.8089, 60.914, 58.491, 61.162, 59.3061, 57.663, 57.502, 60.3309, 57.9782, 57.338, 57.5058, 57.3931, 57.3239, 57.3919, 57.3361, 57.5929, 60.9341, 59.195, 57.724, 57.2581, 57.265, 57.476, 57.6608, 57.2228, 57.497, 
Time to set up datastructures: 8561.74ms
53.489, 53.4141, 56.1619, 59.0181, 56.4208, 54.2321, 53.4661, 53.3919, 53.436, 53.3712, 53.6158, 53.4651, 53.3381, 53.6749, 53.4999, 53.3812, 53.5538, 53.5491, 53.3412, 53.5948, 53.2968, 53.3679, 53.4451, 53.3061, 57.7328, 54.0421, 53.3631, 53.308, 53.4329, 53.5769, 53.6911, 53.3459, 53.551, 53.3872, 53.52, 53.5619, 53.334, 53.3481, 53.4861, 53.436, 56.3748, 56.3402, 53.8628, 53.3898, 53.6952, 53.5419, 53.386, 53.514, 53.5021, 53.4439, 53.5071, 53.468, 56.4971, 56.922, 56.6261, 54.225, 53.4821, 53.3772, 53.3819, 53.535, 53.3631, 53.628, 53.515, 53.55, 57.3671, 55.8431, 53.7229, 53.5629, 56.2789, 54.5511, 53.6439, 53.5131, 53.4329, 56.4461, 54.352, 53.668, 55.917, 56.4559, 53.8211, 53.4639, 55.7861, 54.41, 53.5741, 53.5989, 53.673, 53.5431, 53.5359, 53.4492, 53.3609, 53.5159, 53.3578, 56.7341, 56.704, 56.241, 56.3049, 53.833, 53.4818, 53.324, 55.9561, 56.581, 
Running TBB_graphs_3 implementation
Time to set up datastructures: 8468.46ms
82.751, 82.7689, 82.922, 82.792, 82.804, 82.942, 82.886, 82.8891, 82.7551, 82.7041, 82.994, 82.593, 82.562, 82.5651, 82.53, 82.6631, 82.8359, 82.6399, 82.6521, 82.5861, 82.685, 82.7031, 82.5369, 82.479, 82.5951, 82.9949, 82.5469, 82.479, 82.5241, 82.5961, 82.5069, 82.7761, 82.814, 88.5091, 89.1418, 83.648, 84.1479, 83.0641, 85.8679, 85.9661, 82.8469, 82.4752, 82.876, 82.865, 82.8819, 82.844, 82.7451, 82.7029, 82.937, 82.813, 82.531, 82.705, 83.143, 82.9389, 82.6981, 82.499, 82.8259, 82.566, 82.901, 82.866, 82.7661, 88.239, 88.855, 87.672, 82.9871, 82.55, 82.9971, 85.3519, 85.058, 85.393, 82.876, 82.68, 82.3641, 82.9771, 82.6051, 82.552, 82.787, 82.7279, 82.859, 82.788, 82.613, 82.6831, 82.726, 82.6299, 82.8171, 82.701, 89.438, 84.3279, 82.7529, 82.603, 82.8099, 82.8478, 88.361, 85.3829, 82.6769, 82.5, 82.4771, 82.536, 82.9999, 82.7279, 
Time to set up datastructures: 8444.7ms
69.313, 69.139, 69.201, 69.4339, 69.227, 69.293, 69.2172, 69.4528, 69.1762, 69.401, 69.243, 69.2899, 69.3872, 69.402, 69.3278, 69.391, 69.0658, 69.5798, 69.308, 69.2871, 69.7339, 69.4828, 69.3841, 69.314, 69.344, 69.407, 69.247, 69.454, 69.087, 69.2301, 69.206, 69.171, 69.236, 69.402, 69.1972, 69.2189, 69.3541, 69.231, 69.4859, 69.206, 69.2132, 69.345, 68.994, 69.3591, 69.5438, 69.2101, 69.2651, 69.144, 69.232, 69.289, 69.1941, 69.226, 69.201, 69.4301, 69.2289, 69.2432, 69.329, 69.169, 69.016, 69.2489, 69.366, 69.417, 69.2892, 69.4449, 69.1271, 69.3018, 69.643, 69.504, 69.365, 69.3309, 69.3831, 69.1879, 69.185, 69.2439, 69.386, 69.248, 69.3531, 69.3269, 69.2432, 69.2179, 69.3469, 69.154, 69.458, 69.2399, 69.2461, 69.4289, 69.417, 69.2282, 69.4029, 69.401, 69.1991, 69.3829, 69.392, 69.4251, 69.5109, 69.4451, 69.422, 69.3328, 69.2911, 69.304, 
Time to set up datastructures: 8451.52ms
61.595, 61.887, 61.83, 61.6388, 61.7609, 61.826, 61.8999, 61.748, 61.763, 61.4982, 61.6159, 61.6019, 61.888, 61.7681, 62.048, 61.7092, 61.7409, 61.7621, 61.7411, 61.7869, 61.774, 61.4781, 61.9328, 61.7149, 61.5649, 61.7068, 61.6908, 61.5251, 61.6159, 61.5132, 61.8489, 61.46, 61.5411, 61.831, 61.8219, 61.6021, 61.7068, 61.8889, 61.5671, 61.7189, 61.687, 61.5129, 61.7161, 61.682, 61.718, 61.96, 61.5859, 61.8632, 61.662, 61.816, 61.6791, 61.6739, 61.8429, 61.9321, 61.7549, 61.6782, 61.6338, 61.83, 61.6491, 61.6078, 61.7101, 61.6961, 61.7459, 61.8711, 61.9161, 61.6829, 61.7518, 61.81, 61.6832, 61.8649, 61.7061, 61.6741, 61.8088, 61.8179, 61.5571, 61.795, 61.5921, 61.373, 61.672, 61.888, 61.4491, 61.6748, 61.558, 61.8429, 61.5311, 61.6879, 61.8222, 61.4829, 61.7142, 61.5878, 61.7471, 61.6319, 61.914, 61.94, 61.573, 61.599, 61.6291, 61.8579, 61.6491, 61.5299, 
Time to set up datastructures: 8434.9ms
56.3612, 56.5228, 56.3872, 56.4289, 56.5631, 56.381, 56.1869, 56.5448, 56.6261, 56.448, 56.289, 56.4928, 56.2272, 56.4249, 56.318, 56.3459, 56.432, 56.3071, 56.4351, 56.4749, 56.288, 56.392, 56.4132, 56.2038, 56.381, 56.416, 56.5569, 56.35, 56.18, 56.3431, 56.3071, 56.33, 56.1762, 56.4919, 56.345, 56.6621, 56.186, 56.2689, 56.5572, 56.3889, 56.396, 56.452, 56.2751, 56.349, 56.267, 56.329, 56.4089, 56.143, 56.4451, 56.339, 56.4859, 56.3259, 56.3421, 56.2711, 56.2069, 56.5121, 56.4799, 56.4981, 56.3819, 56.2761, 56.4458, 56.1662, 56.3619, 56.376, 56.421, 56.278, 56.159, 56.2999, 56.3321, 56.6001, 56.2959, 56.267, 56.627, 56.2251, 56.4241, 59.669, 56.6008, 56.195, 56.3881, 56.7288, 56.5529, 56.3231, 56.3819, 56.365, 56.442, 56.2539, 56.7222, 56.4201, 56.6349, 56.51, 56.2561, 56.309, 56.196, 56.2921, 56.3991, 56.385, 56.2928, 56.6568, 56.479, 56.2592, 
Time to set up datastructures: 8442.24ms
55.505, 53.4999, 53.1631, 53.721, 53.143, 53.019, 53.1409, 52.958, 53.0021, 53.0241, 52.9099, 53.056, 55.932, 55.8021, 53.5469, 53.267, 53.231, 53.0851, 53.0109, 52.825, 53.0422, 52.9108, 53.0362, 53.0469, 53.0119, 55.2442, 53.3659, 52.9509, 52.9952, 52.937, 53.0488, 52.9902, 53.0899, 52.9451, 53.05, 53.1399, 52.9749, 53.2322, 55.114, 53.3898, 53.081, 52.9151, 53.0851, 53.1259, 52.9621, 53.092, 53.046, 53.144, 52.9711, 53.2, 52.943, 52.8901, 53.0958, 52.963, 52.9861, 53.149, 53.0069, 53.067, 52.989, 53.0241, 53.1061, 53.129, 53.0231, 53.149, 53.067, 53.0529, 52.9432, 53.0689, 53.026, 53.107, 53.195, 53.169, 53.1671, 53.107, 53.0481, 53.0398, 53.0941, 53.004, 53.117, 52.9199, 52.9032, 53.1738, 53.1778, 53.0381, 53.299, 53.1821, 53.062, 53.0801, 53.1859, 53.2279, 53.1318, 53.128, 53.1921, 53.2138, 52.9311, 53.0171, 53.0589, 53.5328, 52.902, 53.2122, 
Running Threadpool_3 implementation
Time to set up datastructures: 8599.08ms
83.3731, 83.302, 83.8149, 83.811, 88.1221, 89.592, 85.9911, 82.845, 82.9771, 83.463, 83.0081, 83.833, 82.8161, 83.075, 82.9411, 87.8038, 90.6141, 83.005, 83.1301, 83.5991, 83.5609, 83.8981, 83.7328, 85.223, 83.704, 83.5581, 83.6048, 83.7672, 84.008, 89.2711, 84.9679, 82.9608, 87.827, 87.9772, 87.5099, 84.6112, 83.056, 88.6281, 83.6921, 83.8249, 83.8132, 83.921, 82.777, 83.0829, 83.554, 83.684, 83.6031, 83.173, 82.762, 83.0181, 88.5949, 91.536, 87.7481, 83.6849, 83.534, 83.7538, 83.7409, 83.8289, 85.1541, 83.6051, 83.781, 83.7381, 84.121, 83.6918, 83.7801, 82.751, 83.1449, 88.2361, 86.4849, 87.9722, 89.021, 82.973, 83.1389, 82.654, 83.2782, 88.1588, 84.8112, 84.7969, 85.5839, 84.3899, 89.484, 82.969, 83.241, 83.6551, 83.7851, 85.0859, 83.6768, 83.699, 83.6742, 83.7169, 83.853, 83.8771, 85.32, 83.5779, 83.626, 83.8718, 83.75, 83.7018, 84.079, 83.8311, 
Time to set up datastructures: 8582.99ms
72.458, 70.93, 73.8151, 72.2721, 69.5989, 69.998, 69.793, 74.5361, 73.3969, 73.061, 69.5961, 70.5709, 69.592, 69.5071, 69.912, 69.7169, 69.448, 69.9039, 70.437, 69.9141, 71.4891, 69.5529, 70.0691, 69.6249, 70.049, 69.6092, 70.0219, 69.7381, 73.8189, 74.1901, 73.123, 69.459, 71.368, 70.2322, 69.9959, 69.8049, 73.791, 73.4022, 70.2329, 77.718, 69.91, 69.5791, 69.5219, 73.277, 70.9331, 70.2178, 69.679, 70.0231, 69.726, 69.375, 69.742, 69.4089, 69.972, 69.6292, 69.9878, 69.7622, 73.1418, 74.9142, 69.973, 69.675, 70.168, 69.9048, 70.246, 74.573, 69.993, 69.5159, 70.909, 69.6399, 70.0071, 70.3199, 70.1149, 69.581, 69.9091, 69.654, 70.061, 69.8431, 73.487, 74.9271, 73.1728, 71.192, 71.1901, 71.6848, 70.3259, 69.802, 70.2701, 69.787, 70.2391, 69.802, 70.1468, 69.8118, 70.2381, 69.896, 70.673, 69.6681, 70.8051, 70.0209, 69.9069, 69.5591, 70.081, 69.6511, 
Time to set up datastructures: 8595.11ms
62.2461, 62.5451, 62.2809, 62.3422, 62.062, 62.3479, 61.9822, 62.4409, 62.6051, 62.2489, 62.387, 62.006, 62.356, 61.9581, 62.521, 62.535, 62.372, 63.504, 62.5751, 62.1321, 62.3899, 61.878, 62.4802, 68.6929, 66.1659, 62.2849, 62.5079, 61.866, 62.4321, 62.736, 62.3069, 62.6321, 61.985, 62.4721, 62.6149, 62.2771, 62.331, 62.052, 62.4359, 61.888, 62.3989, 62.5741, 62.1378, 62.3491, 62.104, 62.2511, 62.088, 62.403, 65.8569, 65.773, 62.4988, 62.1572, 62.6199, 61.9481, 62.0279, 61.995, 62.0551, 61.964, 61.8601, 61.8858, 62.3631, 62.0699, 62.521, 61.965, 62.4371, 69.1659, 62.7589, 63.375, 62.0601, 62.3629, 61.892, 62.2549, 61.9972, 62.494, 62.5689, 62.0739, 62.4661, 62.0768, 62.2261, 61.882, 62.33, 62.752, 62.1569, 62.387, 62.0711, 62.2439, 61.9259, 62.4142, 62.551, 62.187, 62.5329, 62.0332, 62.382, 61.9528, 62.1269, 61.933, 62.4981, 62.4881, 62.1219, 62.5989, 
Time to set up datastructures: 8571.69ms
57.1592, 57.0998, 57.5452, 57.4429, 56.8941, 57.1589, 57.415, 57.2, 58.0571, 60.029, 59.0441, 57.5759, 57.333, 57.668, 57.5531, 57.4009, 57.615, 57.3499, 57.013, 57.646, 57.4021, 56.946, 57.405, 57.2319, 57.0259, 57.6711, 57.508, 56.9131, 57.42, 57.2529, 57.0221, 57.436, 57.354, 57.045, 61.3191, 57.513, 59.14, 57.43, 56.921, 57.4689, 57.431, 57.0202, 57.497, 57.4529, 57.1611, 57.5249, 57.354, 57.1179, 57.7471, 57.482, 57.168, 57.5211, 57.4069, 56.9389, 57.543, 57.1921, 56.9301, 57.868, 57.4129, 56.9971, 57.5421, 57.3211, 56.9201, 57.4429, 57.3061, 57.059, 57.7478, 57.3592, 57.0579, 57.6, 57.6091, 57.096, 57.4851, 57.302, 57.235, 57.4319, 57.302, 57.0731, 57.538, 57.477, 57.0309, 57.5001, 57.302, 57.1589, 60.405, 60.5519, 57.8718, 57.1401, 57.451, 57.358, 57.0829, 57.6711, 57.4291, 57.158, 57.523, 58.0509, 59.6981, 57.1599, 56.8752, 56.8929, 
Time to set up datastructures: 8562.57ms
53.4699, 56.6552, 55.8579, 56.113, 56.1469, 53.8211, 53.345, 54.3621, 56.5531, 54.6949, 53.9641, 53.467, 53.4039, 53.371, 56.9091, 55.5201, 53.7112, 53.417, 53.292, 53.396, 53.4949, 53.4241, 53.4461, 53.3819, 55.989, 53.7, 53.256, 53.3311, 53.437, 53.3638, 53.441, 53.345, 53.4141, 53.443, 53.473, 53.369, 53.5429, 53.405, 53.3571, 56.288, 54.1289, 53.4451, 55.913, 54.533, 53.4379, 53.546, 53.6389, 53.3888, 56.2761, 56.6471, 54.915, 54.5211, 53.7789, 55.6731, 54.296, 53.5538, 53.5629, 53.39, 53.2999, 56.2391, 54.1971, 53.4158, 56.087, 54.4729, 53.431, 56.1879, 54.6601, 53.611, 53.4399, 53.5612, 53.51, 53.421, 53.4489, 56.5081, 55.119, 53.849, 53.57, 53.5109, 56.3772, 54.723, 53.973, 53.4389, 53.488, 56.236, 54.4021, 53.5629, 53.5421, 53.4129, 53.6301, 53.4558, 53.5121, 56.958, 55.3641, 53.7629, 53.5209, 53.7691, 53.364, 53.3578, 56.6611, 54.6539, 
Running TBB_graphs_4 implementation
Time to set up datastructures: 8486.32ms
83.0331, 82.227, 82.5861, 87.9161, 85.8579, 82.633, 82.716, 82.6581, 82.8381, 82.6919, 82.9082, 82.577, 82.356, 82.4139, 82.293, 82.4761, 82.7348, 82.6151, 82.8209, 82.725, 82.2911, 82.866, 82.4699, 82.5369, 82.536, 82.473, 82.7768, 82.4618, 82.5632, 82.6628, 82.4361, 82.54, 82.4029, 82.7851, 82.6859, 89.999, 86.9629, 83.3211, 82.515, 82.5131, 82.7289, 83.2722, 82.3519, 82.531, 82.551, 82.37, 82.3989, 82.871, 82.5551, 82.576, 82.6149, 82.612, 82.5272, 82.994, 82.9399, 82.3531, 82.679, 82.6929, 82.787, 82.763, 82.752, 82.9191, 82.602, 82.6709, 82.5109, 82.5398, 82.4552, 82.412, 82.5911, 82.7808, 82.6352, 82.7789, 82.844, 82.67, 82.3631, 82.7761, 82.6149, 82.6759, 82.619, 82.7391, 82.8519, 82.468, 82.5601, 82.3419, 82.3121, 82.4471, 82.6449, 82.649, 82.376, 82.689, 82.37, 82.7651, 82.664, 88.5859, 86.6652, 82.9179, 82.7451, 82.4239, 82.4301, 82.675, 
Time to set up datastructures: 8433.2ms
69.7191, 69.4129, 69.356, 69.6111, 69.6721, 69.4559, 69.6621, 69.6371, 69.4518, 69.725, 69.701, 69.802, 69.685, 69.7029, 69.433, 69.5422, 69.8879, 69.7651, 69.742, 69.562, 69.6371, 69.3781, 69.577, 73.729, 73.344, 70.0738, 69.5882, 69.849, 70.411, 69.6459, 69.6051, 69.6099, 70.7872, 69.7739, 69.5131, 69.7141, 69.406, 69.603, 69.6039, 69.6659, 69.4208, 69.468, 69.7041, 69.7391, 69.396, 69.777, 69.7029, 69.6151, 69.51, 69.4971, 69.911, 69.6709, 69.4602, 69.592, 69.587, 69.7899, 69.587, 69.6361, 69.49, 69.5541, 69.726, 69.752, 69.7029, 69.339, 69.684, 69.587, 69.4499, 69.2682, 69.4458, 69.6661, 69.5009, 69.3929, 69.762, 69.9451, 69.85, 69.6661, 73.782, 69.773, 69.828, 69.598, 69.6239, 69.6821, 69.433, 69.7191, 69.4959, 69.7351, 74.4488, 73.4141, 70.085, 69.612, 70.2739, 69.55, 69.386, 69.6621, 69.469, 69.3669, 69.7281, 73.133, 73.396, 73.509, 
Time to set up datastructures: 8480.7ms
61.9898, 61.996, 61.9221, 61.913, 61.8041, 62.089, 62.0141, 61.9781, 62.2029, 62.1049, 62.007, 61.8689, 61.9531, 62.1259, 62.079, 61.8801, 61.8799, 61.9869, 61.9891, 62.1181, 62.1269, 62.2451, 62.2311, 62.264, 62.1569, 62.1209, 61.682, 62.2089, 61.9459, 61.8491, 61.8889, 61.939, 63.334, 61.7721, 62.0198, 61.883, 61.7809, 61.8591, 62.079, 62.0379, 62.0971, 61.919, 61.8269, 62.108, 62.0501, 61.8789, 61.77, 61.7738, 62.0759, 61.8811, 62.006, 61.7349, 62.13, 61.8701, 62.207, 62.103, 62.047, 61.913, 62.17, 62.1419, 62.026, 62.0081, 61.8889, 61.7671, 61.9111, 65.3498, 62.309, 62.1119, 61.8351, 61.944, 62.0151, 62.012, 62.0251, 62.1979, 61.981, 62.0241, 61.8269, 61.805, 62.268, 61.914, 61.8792, 61.8649, 61.9261, 62.047, 61.806, 61.98, 62.124, 61.9819, 61.9099, 61.8062, 62.0549, 61.94, 61.9822, 61.8479, 61.9521, 61.9268, 61.975, 61.8792, 61.805, 61.9879, 
Time to set up datastructures: 8430.91ms
56.6211, 56.6871, 56.7091, 56.4978, 56.6821, 56.7131, 56.716, 56.5989, 56.6151, 56.9649, 56.865, 56.72, 56.685, 56.586, 56.5829, 56.6261, 56.561, 56.6869, 56.7009, 56.694, 56.7291, 56.8531, 56.8008, 56.7081, 56.7701, 56.603, 56.617, 56.762, 56.829, 56.5391, 56.7081, 56.8709, 56.565, 56.5069, 56.9551, 56.6001, 56.8688, 56.6802, 56.7639, 56.711, 59.664, 56.936, 56.8449, 56.6921, 56.8209, 56.8271, 56.6142, 56.7241, 56.881, 56.586, 56.725, 56.761, 56.7899, 56.6561, 56.68, 56.8199, 56.5591, 56.5851, 56.8399, 56.6509, 56.8089, 56.6399, 56.6192, 56.7958, 56.7281, 56.668, 56.7908, 56.669, 56.6311, 56.854, 56.8221, 56.453, 56.8221, 56.7429, 56.617, 56.7441, 56.747, 56.7811, 56.6568, 56.6492, 56.71, 56.942, 56.6518, 56.7651, 56.7281, 56.531, 56.89, 56.7169, 56.736, 56.643, 56.777, 56.6509, 56.735, 56.8001, 56.6628, 56.7079, 56.5929, 56.8821, 56.5999, 56.5262, 
Time to set up datastructures: 8440.01ms
53.129, 53.138, 52.9079, 55.9518, 53.525, 53.015, 53.0648, 53.0081, 52.9351, 52.9499, 52.989, 53.0601, 52.9001, 53.1158, 52.995, 52.9358, 52.845, 52.8178, 52.9592, 52.8548, 53.0012, 53.1011, 53.005, 52.8598, 53.026, 52.8939, 52.9311, 52.916, 52.876, 52.9451, 53.6349, 53.4611, 53.0341, 52.9718, 53.005, 52.9802, 52.8579, 53.0832, 52.937, 52.7139, 53.1271, 52.8481, 52.882, 52.9079, 54.7631, 52.995, 52.8769, 53.1161, 52.8879, 53.0241, 53.035, 53.045, 53.2861, 53.081, 52.7689, 52.9549, 53.0012, 53.0269, 53.071, 52.9091, 53.0288, 52.7852, 53.1259, 52.958, 53.081, 52.9821, 59.8629, 55.938, 53.4241, 53.1139, 53.1321, 52.7561, 52.84, 53.021, 52.835, 52.948, 52.9611, 53.138, 53.0169, 53.2031, 53.2, 53.0272, 53.2148, 52.9921, 53.0801, 52.8769, 52.875, 52.846, 53.045, 52.9499, 53.097, 52.9141, 52.845, 52.8729, 52.9189, 52.9199, 53.0581, 53.0379, 53.0651, 53.092, 
Running Threadpool_4 implementation
Time to set up datastructures: 8588.03ms
82.8159, 88.279, 83.1151, 88.5971, 83.468, 82.8149, 82.9051, 82.8478, 88.0442, 83.2369, 83.024, 89.087, 83.3769, 83.149, 82.757, 82.7448, 87.4472, 83.746, 82.9031, 82.937, 82.607, 87.1689, 83.3039, 82.9611, 82.7789, 87.9471, 83.235, 82.9039, 83.097, 82.6361, 88.3369, 83.432, 87.8921, 85.252, 82.9289, 83.1132, 82.8838, 82.8221, 87.116, 82.9711, 82.9, 82.69, 83.493, 88.177, 87.8942, 83.009, 82.902, 82.612, 87.0149, 84.7571, 82.9239, 82.839, 82.8412, 88.1751, 83.5118, 87.0731, 83.935, 82.86, 82.984, 88.2781, 83.6091, 87.61, 83.2689, 82.792, 82.911, 82.834, 84.6851, 83.0209, 87.4951, 88.1469, 84.095, 82.7451, 82.9852, 82.8588, 87.5411, 82.998, 82.9539, 82.911, 88.376, 82.9132, 85.6168, 83.189, 87.7891, 83.39, 87.3411, 91.4772, 83.4379, 82.752, 84.0621, 83.025, 84.2738, 82.957, 82.9031, 82.87, 84.2249, 82.962, 84.677, 83.1141, 87.2669, 86.2801, 
Time to set up datastructures: 8569.19ms
69.979, 76.3509, 73.5822, 74.0969, 74.6689, 71.98, 70.4372, 70.1289, 70.179, 69.968, 70.1029, 70.029, 70.091, 70.0581, 69.983, 70.086, 71.9759, 70.2171, 69.9499, 74.4612, 72.0298, 70.1771, 74.172, 70.2591, 73.9799, 74.543, 74.3072, 70.766, 70.025, 75.11, 70.204, 70.0951, 73.503, 70.3049, 70.9531, 70.029, 70.015, 69.7172, 74.028, 70.4539, 69.9461, 70.1091, 75.2079, 70.4222, 73.3368, 74.2381, 75.8121, 73.683, 70.374, 69.943, 74.017, 70.142, 71.5461, 70.4119, 70.1189, 74.259, 70.2291, 70.107, 70.044, 70.097, 69.916, 69.9561, 70.0238, 69.9821, 70.2381, 69.9699, 70.1241, 69.9861, 70.0748, 69.9172, 70.1408, 70.0581, 70.128, 69.953, 69.932, 69.9532, 70.092, 69.9799, 70.0519, 69.9549, 70.0891, 70.0719, 70.2062, 69.9868, 75.3131, 73.133, 70.189, 70.0929, 74.244, 70.2319, 74.187, 70.327, 70.1039, 74.5332, 74.327, 74.5668, 70.256, 70.015, 70.2391, 69.993, 
Time to set up datastructures: 8588.1ms
61.8808, 61.9142, 61.94, 65.3961, 62.4018, 61.9841, 61.8751, 62.8929, 62.2261, 61.964, 62.037, 61.9471, 61.9609, 61.8451, 61.6899, 61.8939, 61.919, 65.804, 62.0661, 61.6729, 61.6419, 61.8021, 61.754, 61.842, 61.8639, 61.969, 65.9342, 66.6819, 62.5801, 63.0488, 61.9471, 61.83, 61.9102, 65.7279, 62.237, 61.7599, 61.8711, 66.443, 62.5322, 61.7619, 61.7871, 61.955, 61.8548, 65.9232, 62.3789, 61.8851, 61.6488, 61.908, 61.8019, 65.506, 63.3521, 61.9779, 61.671, 62.104, 61.7089, 61.9931, 61.806, 62, 61.533, 61.9271, 61.7731, 61.7549, 61.821, 61.9719, 61.7621, 62.012, 65.671, 62.171, 61.9249, 61.8601, 66.613, 62.449, 61.954, 62.068, 61.7499, 61.995, 66.6862, 62.506, 61.861, 62, 61.82, 66.6878, 62.36, 61.729, 61.6281, 61.8789, 61.6331, 65.974, 63.534, 65.973, 64.785, 62.2339, 61.77, 61.9888, 61.892, 65.84, 63.0231, 62.0329, 61.83, 61.98, 
Time to set up datastructures: 8559.15ms
58.743, 56.7801, 59.864, 57.4548, 56.5078, 56.3462, 56.6368, 56.3161, 56.6089, 59.8791, 57.1339, 56.581, 56.453, 56.6061, 56.761, 56.6909, 56.5281, 56.4771, 56.6409, 56.3061, 56.2849, 56.6289, 56.756, 56.7091, 56.4811, 56.4198, 56.3021, 56.6039, 56.3891, 56.7799, 56.391, 59.9198, 60.3211, 59.895, 57.9669, 56.8111, 56.5009, 57.9638, 59.1931, 56.8008, 56.349, 56.417, 56.5891, 56.4198, 56.6549, 56.7279, 56.6201, 56.349, 56.329, 56.4098, 56.417, 56.649, 56.5131, 59.6769, 59.88, 56.9489, 56.6761, 56.4981, 56.4268, 56.4609, 56.7541, 56.4981, 56.639, 59.3021, 56.8841, 56.5379, 56.8349, 56.35, 56.6571, 56.433, 56.6502, 60.2849, 56.9761, 56.468, 56.591, 56.6609, 56.72, 56.7632, 56.4818, 56.5271, 56.6261, 56.6149, 56.4029, 56.411, 56.6862, 60.2469, 59.252, 57.0641, 59.51, 59.082, 56.8209, 59.9151, 57.3871, 56.632, 56.6928, 56.6881, 56.5879, 59.6218, 57.055, 56.5879, 
Time to set up datastructures: 8611.63ms
56.7899, 57.2541, 53.4241, 52.9299, 56.4501, 54.8179, 53.3171, 55.531, 54.249, 53.2188, 52.705, 52.804, 52.6969, 52.6299, 52.7101, 52.716, 55.3381, 53.3118, 52.8941, 52.671, 52.8131, 52.87, 52.886, 52.738, 52.671, 52.722, 52.814, 57.1079, 55.6901, 53.473, 52.675, 52.7871, 52.943, 55.8639, 54.3962, 53.2589, 54.395, 53.8619, 52.8049, 52.7451, 52.6268, 52.742, 52.8901, 56.1271, 56.8531, 53.1859, 52.659, 52.7198, 52.6841, 55.413, 53.4561, 52.84, 53.009, 52.9361, 55.5639, 53.3562, 53.1409, 52.9952, 53.0291, 55.9809, 55.794, 56.5851, 55.3601, 53.5059, 53.1731, 52.9702, 52.8159, 55.6459, 55.546, 53.2379, 52.8269, 52.902, 52.9239, 52.844, 53.0601, 53.0741, 52.9509, 52.882, 55.7361, 54.492, 53.0999, 52.9711, 53.102, 52.9959, 52.8779, 52.701, 53.108, 53.1821, 52.99, 52.8231, 53.1349, 53.077, 52.948, 52.768, 53.2038, 53.05, 52.8622, 52.6259, 55.141, 53.865, 
Running TBB_graphs_5 implementation
Time to set up datastructures: 8481.4ms
82.5441, 82.2411, 81.9321, 81.8179, 82.041, 82.442, 82.3619, 82.0711, 82.0739, 82.7041, 82.726, 82.7041, 82.638, 82.3929, 81.9461, 82.195, 82.5279, 82.2241, 82.2871, 82.4549, 82.0749, 82.2172, 82.3288, 82.52, 87.81, 82.53, 82.3321, 85.2849, 84.322, 82.545, 82.263, 82.1011, 81.9309, 82.0632, 82.2239, 82.1481, 82.2799, 82.37, 82.1359, 88.207, 88.4581, 82.623, 82.3541, 82.247, 82.269, 82.2701, 82.3269, 82.6111, 82.164, 82.725, 82.376, 82.2799, 81.9299, 82.289, 82.464, 82.6209, 82.1991, 82.1369, 82.1581, 82.186, 82.315, 82.345, 82.3321, 82.1879, 82.0231, 82.094, 82.2561, 82.3519, 82.0861, 82.195, 81.984, 82.1579, 82.4032, 82.2499, 82.438, 82.716, 82.4339, 82.3162, 82.644, 82.34, 82.128, 82.4249, 82.2141, 82.2449, 82.305, 82.6092, 82.046, 82.3648, 82.274, 82.473, 82.6941, 82.5958, 82.299, 82.3522, 82.238, 82.094, 82.304, 82.2899, 82.13, 82.3362, 
Time to set up datastructures: 8464.47ms
69.7231, 69.6559, 69.5171, 69.412, 69.7949, 69.5722, 69.7699, 69.536, 69.797, 69.777, 69.6931, 69.7079, 69.628, 69.7289, 69.7508, 69.7682, 69.4809, 69.5951, 69.5531, 69.5848, 69.494, 69.6042, 69.6878, 69.7761, 69.4551, 69.4909, 69.8581, 69.561, 69.88, 69.7501, 69.4749, 69.8011, 69.598, 69.6239, 69.5131, 69.7501, 69.6359, 69.592, 69.6039, 69.7482, 69.4818, 69.4802, 69.5291, 69.4129, 69.5801, 69.54, 69.5679, 69.6239, 69.4602, 69.5779, 69.4461, 69.4621, 69.6189, 69.7439, 69.6461, 69.742, 69.6151, 69.448, 69.571, 69.319, 69.7169, 69.5789, 69.7589, 69.752, 69.592, 69.6559, 69.5829, 69.556, 69.6292, 69.6368, 69.9551, 69.5851, 69.8829, 69.5312, 69.6759, 69.443, 69.3672, 69.639, 69.6559, 69.3901, 69.737, 69.5961, 69.5441, 69.4001, 69.7949, 69.644, 69.468, 69.3829, 69.514, 69.401, 69.757, 69.891, 69.4571, 69.6571, 69.4981, 69.6819, 69.591, 69.607, 69.443, 69.597, 
Time to set up datastructures: 8442.7ms
62.047, 61.7158, 61.691, 61.9891, 61.79, 61.8541, 61.8279, 62.0201, 61.903, 62.0041, 62.1989, 61.7189, 61.9371, 61.6319, 61.8062, 62.0329, 62.3181, 62.053, 61.7599, 62.119, 61.687, 62.1719, 62.1021, 61.7769, 61.7559, 61.8291, 61.8789, 61.904, 61.9812, 62.012, 61.8181, 61.7309, 61.8191, 62, 61.6169, 61.995, 62.109, 61.7411, 62.0871, 61.8439, 62.0131, 61.9888, 62.2211, 62.1049, 61.933, 62.0091, 61.995, 61.9419, 61.7971, 61.8079, 62.0081, 61.944, 61.9941, 61.7459, 61.861, 61.8939, 62.006, 61.6899, 61.9481, 61.9581, 62.0849, 65.495, 65.6369, 63.2901, 62.191, 61.9838, 62.0458, 61.9631, 61.753, 61.8711, 61.8989, 61.8429, 61.6951, 61.934, 62.175, 62.1359, 61.7321, 65.1791, 65.82, 62.279, 62.1979, 61.8231, 61.8651, 61.9259, 61.785, 62.0451, 61.9941, 61.9059, 61.7671, 62.067, 61.7809, 61.856, 62.093, 61.8539, 61.6438, 61.981, 61.918, 62.13, 62.0129, 62.098, 
Time to set up datastructures: 8489.6ms
56.643, 56.5379, 56.6149, 56.5841, 56.3519, 59.3491, 56.8709, 56.7708, 56.8669, 56.555, 56.453, 56.5779, 56.7181, 56.4241, 56.4229, 56.632, 56.644, 56.5619, 56.6111, 56.5109, 56.6761, 56.67, 56.5901, 56.6599, 56.4282, 56.5598, 56.4351, 56.4349, 56.6611, 56.6559, 56.4849, 56.659, 56.6671, 56.453, 56.4959, 56.67, 56.32, 56.5882, 56.484, 56.5879, 56.406, 56.5839, 56.5841, 56.5779, 56.205, 56.4649, 56.344, 56.4909, 56.437, 56.38, 56.812, 56.4559, 56.4022, 56.484, 56.4959, 56.638, 56.5951, 56.566, 56.4349, 56.7131, 56.5181, 57.044, 56.5379, 56.3161, 56.7751, 56.6108, 56.4232, 56.4799, 56.9849, 56.5271, 56.5939, 56.5591, 56.427, 56.6039, 56.529, 56.515, 56.5991, 56.582, 62.6359, 57.4651, 56.5331, 56.5078, 56.7932, 56.433, 56.725, 56.4919, 56.386, 58.727, 56.7639, 56.5619, 56.391, 56.5622, 56.4358, 56.3922, 56.3118, 56.788, 56.577, 56.5941, 56.4051, 56.4909, 
Time to set up datastructures: 8450.78ms
54.616, 52.7902, 52.4399, 53.4871, 52.578, 52.3961, 52.35, 52.5649, 52.64, 52.453, 52.4511, 52.3939, 52.2959, 52.583, 52.5248, 52.495, 52.5169, 52.283, 52.3171, 55.0158, 52.8471, 54.3959, 52.7551, 52.5551, 52.485, 52.1779, 52.3679, 52.2811, 52.407, 52.1519, 52.2552, 56.679, 55.1898, 52.675, 52.5761, 52.5501, 52.412, 52.496, 52.6478, 52.3951, 52.4039, 52.495, 52.4771, 52.4881, 52.269, 52.4349, 52.3131, 52.2749, 52.191, 52.5041, 52.3078, 52.3989, 52.4349, 52.603, 52.3291, 52.4471, 54.9259, 52.691, 52.5169, 52.309, 52.428, 52.511, 52.4561, 52.258, 52.124, 52.6009, 52.345, 52.3219, 52.3219, 52.4559, 52.412, 52.3398, 52.4092, 52.2819, 52.3732, 52.4139, 52.3551, 52.3829, 52.4721, 52.3689, 52.515, 52.4161, 52.372, 52.402, 52.7298, 52.6931, 52.603, 52.4271, 52.3751, 52.4769, 52.6299, 52.5341, 52.3119, 52.4271, 52.304, 52.7329, 52.8722, 52.556, 52.2499, 52.46, 
Running Threadpool_5 implementation
Time to set up datastructures: 8589.97ms
83.0989, 82.4101, 82.036, 87.8429, 84.0611, 82.597, 82.305, 86.9739, 83.0562, 82.314, 82.3069, 82.32, 82.15, 89.0839, 82.607, 82.4099, 82.3278, 88.4202, 83.4529, 82.13, 82.1731, 83.9839, 82.3162, 81.933, 89.1619, 85.1371, 82.432, 82.51, 86.405, 83.868, 82.5169, 84.3861, 82.387, 82.4251, 82.4239, 89.772, 83.0212, 88.6018, 82.829, 86.4532, 82.597, 85.4039, 82.552, 82.303, 82.2849, 82.299, 88.3021, 89.1471, 83.396, 82.0379, 82.0041, 88.093, 82.901, 82.2871, 82.1478, 82.2501, 82.2339, 82.3622, 82.4809, 82.3231, 88.017, 89.7579, 83.3161, 82.3019, 92.4261, 91.2051, 88.068, 83.354, 82.4051, 82.056, 82.346, 82.2949, 89.103, 83.3189, 82.5589, 82.3829, 85.464, 82.5651, 82.372, 82.2139, 82.027, 87.5869, 87.9121, 84.2049, 82.1769, 82.1419, 84.152, 82.3271, 81.9209, 82.974, 82.3281, 82.3271, 82.2608, 82.149, 82.886, 82.068, 82.0811, 82.408, 82.273, 87.8129, 
Time to set up datastructures: 8561.15ms
73.5722, 69.649, 73.71, 69.72, 69.3991, 73.2458, 69.8521, 69.1769, 69.1118, 69.3281, 69.5181, 74.4529, 69.524, 75.0282, 70.1299, 69.468, 69.7141, 69.4289, 69.0842, 73.385, 71.147, 69.694, 69.2229, 72.8111, 69.623, 69.104, 69.5519, 69.2799, 69.401, 69.0501, 73.4379, 69.4561, 69.145, 73.673, 69.9921, 69.4289, 69.0601, 69.3069, 69.2091, 73.2861, 69.8299, 69.308, 69.242, 69.495, 74.44, 69.885, 69.4909, 72.612, 69.4182, 73.617, 73.961, 69.766, 69.1941, 69.226, 69.448, 74.8599, 69.663, 69.3059, 69.169, 74.1651, 69.6619, 69.3741, 69.2101, 69.4401, 69.3409, 69.056, 69.268, 69.3121, 69.2251, 69.1619, 69.4282, 74.8248, 70.133, 74.2021, 69.7591, 69.0639, 69.4158, 74.3752, 73.271, 76.462, 69.747, 69.9439, 72.927, 72.808, 69.778, 69.416, 72.5551, 69.767, 69.593, 73.5879, 69.6318, 69.1822, 72.2311, 69.3839, 69.452, 69.3581, 69.294, 69.257, 73.602, 69.5791, 
Time to set up datastructures: 8566.39ms
65.515, 61.6429, 61.564, 61.7151, 65.815, 61.9299, 65.1102, 61.826, 61.337, 65.2518, 61.64, 61.311, 61.6519, 61.511, 61.42, 61.5952, 61.4889, 65.6149, 63.159, 61.6021, 61.5311, 65.12, 62.9539, 61.595, 61.558, 61.336, 61.5451, 61.5129, 61.414, 61.5411, 61.4481, 61.4059, 61.626, 61.368, 65.6571, 65.027, 61.8451, 61.3189, 61.5051, 61.6379, 61.4672, 61.522, 61.4238, 61.311, 61.501, 61.3968, 61.491, 61.3859, 61.533, 61.4111, 64.8658, 61.6641, 61.42, 61.914, 65.228, 65.212, 64.8789, 61.841, 61.368, 61.4049, 61.481, 61.3172, 61.3549, 61.3351, 61.4719, 61.4262, 61.517, 61.537, 61.528, 61.4431, 61.569, 61.465, 61.3909, 61.3332, 61.5261, 61.41, 61.538, 61.445, 62.9861, 61.3768, 61.4901, 61.4259, 61.435, 61.4831, 61.4309, 61.3651, 61.4538, 61.528, 61.641, 61.5211, 61.337, 61.552, 61.4209, 61.475, 61.4772, 61.4469, 61.4421, 61.5058, 61.372, 65.3789, 
Time to set up datastructures: 8565.82ms
56.5732, 56.6499, 56.6211, 56.3989, 56.5112, 56.479, 60.9109, 59.896, 59.6561, 56.783, 56.7279, 56.4401, 56.5531, 56.3819, 56.536, 56.375, 59.885, 60.3762, 56.746, 56.6409, 56.675, 56.6392, 56.5529, 56.706, 56.9432, 56.659, 56.457, 56.6568, 56.489, 56.5209, 56.54, 56.4442, 56.6609, 56.4771, 56.4139, 56.345, 56.5081, 56.514, 56.711, 56.4308, 56.509, 56.4179, 56.7241, 56.6299, 56.5119, 56.54, 59.8919, 57.2691, 56.4039, 56.3991, 56.4289, 56.6001, 56.5641, 60.1249, 60.216, 60.7171, 60.286, 60.25, 59.7038, 57.544, 56.8891, 56.6211, 59.7661, 57.1001, 56.489, 56.4821, 56.5648, 56.3869, 56.5538, 56.4692, 60.2269, 57.7371, 56.6261, 56.6068, 56.3588, 56.488, 60.498, 58.377, 56.648, 56.3309, 61.095, 60.7228, 56.9251, 56.421, 56.591, 56.833, 56.644, 57.0161, 56.5751, 56.428, 56.483, 59.351, 59.8352, 59.685, 59.922, 60.662, 57.2119, 56.7091, 56.4599, 56.4001, 
Time to set up datastructures: 8553.9ms
52.819, 57.117, 55.0101, 53.247, 52.948, 52.819, 52.819, 53.2601, 52.9559, 52.7539, 52.799, 55.3751, 55.8569, 54.497, 53.6361, 52.8538, 52.8989, 52.8929, 52.8791, 52.856, 56.0181, 55.793, 56.1159, 53.4701, 53.575, 52.9768, 55.614, 55.0451, 53.1189, 52.9089, 52.825, 52.9082, 52.8839, 52.808, 55.372, 55.9421, 53.5982, 53.4129, 53.0031, 52.8328, 55.6769, 56.174, 53.4558, 52.9602, 52.9029, 52.9621, 55.5589, 53.3981, 52.7968, 53.004, 52.8882, 52.943, 52.983, 52.896, 52.839, 52.737, 52.9571, 52.9768, 52.8622, 52.8979, 55.8059, 53.6101, 52.979, 52.707, 52.6791, 55.6741, 53.925, 52.8979, 52.866, 52.7401, 56.319, 54.908, 53.196, 56.056, 53.8671, 52.8579, 52.8622, 55.7098, 54.0411, 53.021, 52.8409, 52.8152, 52.9008, 52.9802, 53.0999, 52.7821, 52.9311, 52.9649, 52.886, 52.6459, 52.7692, 52.8698, 53.0388, 52.923, 52.9282, 53.057, 52.999, 52.7689, 52.8889, 55.7091, 
Running TBB_graphs_6 implementation
Time to set up datastructures: 8465.74ms
82.2251, 81.9559, 81.8551, 82.0041, 82.2201, 82.104, 82.6659, 82.36, 81.778, 82.0611, 82.165, 82.062, 82.2141, 82.2251, 82.3488, 82.2611, 82.181, 82.011, 82.093, 82.026, 82.124, 86.9849, 85.309, 82.0251, 82.083, 82.2611, 82.1738, 82.2132, 83.1718, 82.3622, 82.1729, 82.1352, 81.9991, 87.7738, 82.1772, 82.387, 81.9311, 81.9449, 82.057, 82.345, 82.3441, 81.871, 81.8119, 82.1388, 82.237, 82.129, 87.9669, 82.5171, 82.0949, 81.8729, 82.211, 82.191, 82.068, 82.068, 82.361, 82.1528, 82.119, 82.124, 82.237, 81.9149, 82.1259, 82.437, 82.3071, 81.866, 82.092, 82.2959, 81.989, 82.443, 82.159, 87.3671, 84.9431, 82.092, 82.2089, 82.0022, 81.9709, 82.0129, 81.8288, 81.9361, 82.1068, 82.1061, 82.1769, 82.114, 82.0551, 81.8191, 82.243, 82.2461, 82.185, 81.6381, 82.6359, 82.1509, 82.2668, 82.155, 82.0851, 82.0959, 82.1991, 82.0661, 82.3989, 81.9802, 82.0098, 82.2802, 
Time to set up datastructures: 8475.04ms
68.9411, 69.03, 69.042, 69.0169, 68.985, 69.0529, 69.0191, 69.144, 68.8891, 69.268, 68.9418, 69.0701, 69.1471, 69.1431, 69.124, 68.9399, 68.995, 69.1359, 69.247, 68.8939, 69.257, 68.9471, 69.4468, 69.17, 69.1552, 69.165, 73.0588, 69.4702, 69.145, 69.1528, 68.8112, 69.983, 70.1771, 69.1319, 69.2031, 68.9249, 69.042, 68.8729, 68.9399, 69.1321, 68.9399, 69.0238, 68.9189, 69.0579, 72.7358, 73.375, 69.4208, 69.2751, 69.1919, 69.1681, 69.0949, 69, 73.2172, 69.8628, 69.0742, 69.0291, 69.0479, 68.8801, 68.893, 69.0091, 69.1249, 68.975, 68.9821, 68.924, 68.9881, 69.38, 69.145, 69.288, 69.243, 69.0582, 69.1419, 69.026, 69.0579, 68.83, 69.036, 68.97, 69.1061, 68.8949, 68.9111, 69.0119, 69.1321, 68.9991, 68.975, 68.9681, 68.8338, 69.3271, 68.9251, 69.3028, 69.0179, 73.0081, 69.881, 69.067, 69.0751, 69.0601, 68.754, 69.1431, 69.1519, 69.102, 69.2861, 69.1879, 
Time to set up datastructures: 8440.83ms
61.7831, 61.5201, 61.631, 61.5051, 61.5079, 61.475, 61.563, 61.516, 61.254, 64.019, 61.6989, 61.3899, 61.3251, 61.4171, 61.4879, 61.3031, 61.4369, 61.3081, 61.5699, 61.435, 61.6841, 61.3859, 61.3241, 61.667, 61.4569, 61.6281, 61.6798, 61.681, 61.615, 64.09, 61.851, 61.5132, 65.1369, 62.4511, 61.908, 61.626, 61.434, 61.5261, 61.667, 61.456, 61.337, 61.368, 61.564, 61.343, 61.4982, 61.5308, 61.5411, 61.342, 61.377, 61.235, 61.446, 61.3198, 61.2481, 61.245, 61.496, 61.46, 61.3608, 61.3341, 61.4228, 61.6212, 61.522, 61.1129, 64.3051, 61.5511, 61.625, 61.264, 62.87, 61.5258, 61.2931, 61.573, 61.6009, 61.403, 61.5809, 61.384, 61.367, 61.3999, 63.58, 61.4979, 61.271, 61.5132, 61.574, 61.403, 61.5509, 61.4479, 61.2431, 61.4359, 61.4769, 61.491, 61.3341, 61.5358, 61.3821, 61.6851, 61.377, 61.6269, 61.4471, 61.511, 61.3489, 61.4059, 61.45, 61.5969, 
Time to set up datastructures: 8447.11ms
55.7959, 55.8741, 55.9299, 55.8531, 55.913, 55.8491, 55.6841, 55.887, 55.9471, 55.7339, 55.98, 56.092, 55.933, 55.908, 55.8012, 56.0448, 55.7241, 55.9108, 56.0641, 56.1121, 55.9139, 56.041, 55.9919, 55.9361, 55.9781, 55.7659, 55.9931, 56.1631, 56.0451, 55.9499, 55.6591, 55.933, 55.804, 58.4059, 56.02, 55.7761, 55.9599, 55.8879, 55.805, 55.871, 55.9089, 55.758, 55.86, 56.0501, 56.159, 55.9289, 56.0222, 55.9478, 55.768, 55.9151, 55.8529, 56.0951, 55.9959, 55.8569, 55.836, 55.9752, 55.8798, 59.664, 59.5272, 56.298, 56.0579, 56.1619, 58.6882, 57.0328, 56.1149, 56.0551, 55.969, 55.934, 55.7971, 55.856, 55.7859, 55.9721, 55.8641, 55.9969, 55.9621, 56.046, 55.815, 55.8391, 56.036, 55.9258, 55.9602, 55.958, 55.958, 55.9089, 55.934, 55.7971, 55.8619, 56.2592, 55.9659, 56.0951, 55.9881, 56.015, 55.835, 55.9349, 55.7079, 55.824, 55.9301, 56.1409, 55.886, 56.21, 
Time to set up datastructures: 8435.84ms
52.5239, 52.599, 52.5491, 52.736, 52.676, 52.6199, 52.4831, 52.707, 52.568, 55.3741, 53.3578, 52.6681, 52.619, 52.5811, 52.521, 52.4559, 52.6071, 52.5072, 52.6309, 52.6221, 52.6328, 52.4452, 52.5029, 52.8679, 52.489, 52.609, 52.2969, 52.3899, 52.609, 52.4189, 52.3539, 52.3932, 52.5169, 52.4809, 52.5351, 52.5801, 52.2721, 52.2449, 52.3272, 52.336, 52.6841, 52.6838, 52.7151, 52.645, 52.6831, 52.3961, 52.5229, 52.4549, 52.4621, 52.748, 52.582, 52.711, 52.4309, 52.773, 57.0059, 55.6681, 54.899, 52.8939, 52.4411, 52.7191, 52.7399, 52.5181, 52.3691, 52.3269, 52.5119, 52.4271, 52.5329, 52.495, 52.4402, 52.413, 52.7959, 52.3951, 52.5119, 53.4391, 52.8719, 52.433, 52.48, 52.4011, 52.6059, 52.6748, 52.5658, 52.609, 52.4969, 52.8071, 52.428, 52.5289, 52.696, 52.454, 52.634, 52.5138, 52.6941, 52.4299, 52.4862, 52.4909, 52.6791, 52.4879, 52.5041, 52.52, 52.629, 52.619, 
Running Threadpool_6 implementation
Time to set up datastructures: 8591.29ms
83.6511, 83.6589, 83.849, 82.7301, 82.936, 93.3931, 91.5298, 83.2469, 83.328, 83.5979, 83.626, 83.8151, 83.8108, 82.8261, 82.9449, 83.6182, 87.9719, 91.7261, 87.534, 84.079, 90.7149, 85.7201, 85.3331, 82.8099, 83.2331, 91.4888, 83.0622, 82.7839, 85.2289, 84.8742, 85.0859, 89.4341, 84.466, 84.6369, 84.414, 91.5179, 84.4281, 84.698, 83.6229, 83.842, 83.9322, 82.763, 84.0969, 87.06, 91.8732, 86.2699, 84.5771, 86.8361, 84.1379, 84.0549, 84.0411, 83.9911, 83.997, 83.9949, 84.0681, 83.9159, 84.0921, 84.08, 84.0089, 82.731, 83.1702, 83.266, 83.647, 83.7479, 83.756, 83.7471, 83.9241, 83.9739, 85.3591, 83.5509, 83.57, 88.423, 84.3821, 82.895, 82.665, 82.8731, 87.4119, 89.35, 82.87, 85.861, 89.9811, 84.2559, 86.4089, 82.9229, 83.0882, 83.483, 85.736, 83.0679, 82.6511, 91.2869, 84.635, 83.432, 83.936, 84.0042, 83.7379, 82.747, 83.1029, 84.739, 83.1671, 83.477, 
Time to set up datastructures: 8601.48ms
74.2021, 69.942, 74.748, 69.9069, 69.778, 69.8271, 74.106, 69.757, 74.7139, 70.1339, 69.968, 69.541, 69.5529, 69.8659, 73.9651, 69.8061, 74.275, 74.5449, 69.952, 69.804, 69.6669, 73.036, 69.808, 69.5369, 69.6459, 75.1622, 70.101, 69.7141, 69.7601, 69.67, 69.5629, 74.836, 69.9561, 73.5331, 69.8628, 73.6091, 69.9351, 74.0168, 73.7879, 69.941, 69.6089, 72.144, 70.199, 69.5629, 69.488, 74.136, 70.1139, 74.8861, 70.003, 69.9, 69.593, 69.6001, 69.7539, 74.1401, 70.2372, 73.1769, 70.0591, 71.81, 69.6142, 69.8059, 69.828, 69.586, 69.7749, 74.578, 69.9861, 69.7649, 69.7861, 74.789, 70.1139, 69.5572, 69.5159, 72.2389, 69.9222, 69.7799, 69.8531, 69.8299, 74.1441, 70.178, 71.2988, 69.9441, 69.5939, 74.3501, 70.2929, 70.4651, 69.8519, 74.9021, 70.4601, 69.6158, 71.2562, 69.8409, 74.7421, 70.143, 69.8779, 69.7041, 69.5801, 69.85, 74.9609, 70.38, 69.901, 74.9369, 
Time to set up datastructures: 8576.53ms
61.671, 61.5661, 61.5408, 61.4841, 61.538, 65.6872, 62.1119, 62.423, 62.1791, 61.836, 61.5151, 64.8758, 62.0518, 61.5702, 64.749, 65.9559, 65.1991, 66.1299, 62.1531, 61.5349, 61.657, 65.496, 62.0401, 61.511, 61.564, 61.533, 65.4461, 65.6168, 62.216, 61.455, 61.666, 65.099, 62.125, 61.8782, 61.7349, 61.7599, 61.7201, 61.893, 61.6519, 61.6729, 61.7909, 61.7371, 61.851, 61.9709, 61.6441, 61.8391, 61.5938, 61.8968, 61.7671, 61.841, 61.6682, 61.584, 61.8029, 61.6798, 61.923, 61.6181, 61.5239, 61.8811, 61.7809, 61.851, 61.765, 61.6541, 61.646, 65.5839, 63.3311, 61.7559, 61.5621, 61.5199, 61.8341, 61.7051, 61.6689, 61.5931, 61.655, 61.872, 61.7762, 61.8079, 61.837, 61.6548, 61.6291, 61.6081, 61.5399, 61.6891, 61.662, 61.836, 61.7521, 61.6119, 61.6181, 61.6069, 61.7921, 61.672, 61.63, 61.537, 61.7931, 61.8169, 61.8391, 61.722, 61.728, 61.5649, 61.542, 61.821, 
Time to set up datastructures: 8572.56ms
56.412, 56.8008, 59.751, 58.064, 56.7591, 56.4849, 56.931, 56.952, 56.7429, 56.6781, 56.4711, 56.3741, 56.89, 56.8659, 56.6981, 56.638, 56.4361, 56.386, 56.7191, 56.8569, 59.998, 59.8121, 56.952, 56.623, 56.5131, 56.468, 56.9301, 59.346, 59.855, 57.3862, 56.7899, 56.551, 56.5121, 56.412, 56.2329, 59.967, 56.9801, 56.689, 56.798, 56.7839, 56.4082, 56.37, 56.891, 56.8161, 56.7429, 56.5929, 56.407, 56.3359, 56.9241, 56.8228, 56.7191, 56.5901, 56.4311, 56.329, 56.36, 59.0301, 56.7489, 56.406, 56.788, 56.803, 56.7341, 56.6218, 56.5219, 56.35, 56.8972, 59.5479, 59.6271, 57.1351, 56.5, 56.5021, 56.525, 56.3819, 56.392, 56.3591, 56.8669, 57.3561, 56.8011, 57.3459, 57.9362, 56.8788, 56.4392, 56.3359, 56.86, 56.885, 56.839, 56.5879, 56.411, 56.345, 56.2599, 59.618, 59.6361, 56.9439, 56.6251, 57.831, 57.4229, 56.951, 56.843, 56.6111, 57.497, 60.8299, 
Time to set up datastructures: 8600.23ms
52.819, 53.036, 56.0551, 54.2178, 53.0472, 52.9881, 53.067, 53.0109, 52.927, 53.1859, 53.1342, 53.0889, 53.0741, 55.717, 54.1189, 53.205, 53.025, 53.103, 53.082, 53.0579, 53.1399, 53.158, 52.9771, 53.098, 55.974, 55.5398, 53.2322, 53.1008, 52.906, 53.0262, 53.0808, 53.169, 52.912, 53.1421, 56.1359, 56.3302, 53.55, 53.2029, 53.159, 55.8321, 53.7059, 53, 53.004, 53.1781, 53.0601, 53.194, 53.0529, 56.463, 54.7721, 53.1979, 53.1342, 52.8591, 53.103, 55.347, 53.755, 53.2479, 53.0498, 53.041, 53.143, 52.9928, 53.236, 53.0472, 53.1368, 53.0262, 53, 57.6508, 53.5991, 52.9971, 57.725, 55.6099, 53.396, 53.1781, 55.625, 54.0321, 53.2629, 53.0741, 53.1218, 53.6289, 52.9439, 53.201, 53.1061, 52.953, 53.334, 53.185, 52.9821, 53.256, 56.1681, 55.4199, 53.5181, 53.1509, 52.871, 53.103, 56.9811, 55.7539, 53.298, 52.917, 55.655, 55.696, 53.5779, 55.8591, 
Running TBB_graphs_7 implementation
Time to set up datastructures: 8462.1ms
82.8769, 82.8021, 82.623, 82.7961, 82.5911, 82.8938, 82.875, 82.839, 82.746, 82.8331, 82.5641, 82.5109, 82.7339, 82.623, 88.1438, 89.4339, 83.6539, 82.6321, 82.6662, 82.7699, 82.942, 82.6759, 83.0159, 82.8381, 82.9411, 82.866, 82.8779, 82.8531, 82.6242, 82.948, 82.9749, 82.778, 82.8359, 82.751, 82.7332, 82.72, 82.7599, 82.7131, 82.8478, 82.8412, 82.9289, 82.763, 82.988, 83.0672, 82.84, 82.6468, 82.7172, 82.628, 82.7429, 82.926, 82.932, 82.6471, 82.603, 82.974, 82.6921, 82.8619, 82.777, 83.0491, 83.0491, 82.6299, 82.7069, 82.5088, 82.535, 82.6008, 82.4671, 82.7329, 82.69, 82.9902, 82.834, 82.6318, 82.705, 88.0229, 85.0751, 83.2698, 83.4398, 82.6631, 82.7971, 82.9871, 82.7858, 83.0162, 82.9449, 83.3192, 83.0278, 82.896, 83.1351, 82.6581, 82.6209, 82.9661, 82.7789, 82.793, 82.6509, 82.736, 82.6161, 82.715, 82.5188, 82.835, 82.6111, 82.9279, 82.756, 82.6449, 
Time to set up datastructures: 8455.73ms
70.015, 71.9841, 70.019, 70.663, 70.05, 69.885, 69.947, 69.9921, 70.0269, 69.91, 69.9821, 69.8791, 70.0169, 70.0331, 69.767, 69.854, 70.0412, 70.0848, 69.9139, 70.0631, 69.912, 69.8509, 69.648, 70.003, 69.9079, 69.814, 72.4909, 70.6069, 69.7899, 70.0111, 70.0939, 69.8481, 70.0321, 70.143, 70.0128, 69.7532, 69.8409, 69.7441, 69.664, 70.0278, 69.8822, 69.8419, 69.813, 70.303, 69.993, 70.209, 69.911, 70.1368, 69.855, 69.731, 69.7041, 70.1489, 69.8149, 70.1931, 70.128, 70.1411, 70.1821, 70.0569, 69.958, 69.8531, 69.9949, 69.7381, 69.931, 70.0841, 70.255, 69.8109, 69.9382, 69.845, 69.7379, 69.9611, 70.0929, 70.0481, 69.766, 69.849, 69.993, 70.0119, 69.7172, 69.695, 69.9818, 69.7472, 70.0278, 70.2171, 69.7329, 69.6859, 84.2011, 75.475, 73.7789, 73.483, 70.19, 70.0419, 69.895, 71.7621, 69.8349, 69.7999, 70.3928, 69.901, 69.9668, 69.7491, 69.7329, 70.1361, 
Time to set up datastructures: 8452.85ms
62.3469, 62.011, 62.217, 62.0961, 62.2668, 61.9171, 62.1052, 62.0511, 62.3028, 62.2811, 62.0339, 61.934, 64.615, 61.995, 61.9822, 64.1189, 65.8832, 62.3879, 62.6149, 62.124, 62.0191, 61.9011, 61.816, 62.166, 62.078, 61.686, 62.012, 62.1049, 62.0391, 62.2129, 62.181, 63.179, 62.216, 62.005, 62.083, 62.3479, 61.9221, 61.974, 62.114, 61.9209, 65.2859, 63.024, 64.656, 66.179, 62.1769, 61.8801, 61.8489, 61.9512, 62.753, 61.976, 61.9071, 61.976, 62.4268, 61.918, 63.9601, 62.6869, 61.9719, 61.9061, 62.3009, 62.2721, 62.367, 62.042, 62.3641, 62.021, 62.211, 62.0608, 64.5721, 65.726, 65.084, 62.3779, 62.176, 65.861, 62.649, 61.954, 61.795, 62.109, 62.1099, 61.898, 61.9481, 61.96, 62.088, 62.1991, 62.1109, 61.8911, 62.0949, 61.9762, 61.9378, 62.0482, 61.8689, 62.1171, 61.9099, 61.9102, 61.9898, 61.8372, 62.1209, 61.913, 61.9979, 61.8651, 61.8529, 62.1891, 
Time to set up datastructures: 8440.48ms
56.7641, 56.8368, 56.7441, 56.7369, 56.74, 56.8931, 56.7908, 56.761, 56.637, 56.7229, 56.9479, 56.777, 57.1141, 56.7379, 61.209, 59.7961, 58.0869, 57.0099, 58.0902, 57.267, 57.0099, 56.6621, 56.7389, 56.591, 56.6082, 56.706, 56.953, 56.9551, 56.865, 56.6549, 56.74, 56.787, 56.973, 56.7341, 56.649, 56.7949, 56.776, 56.8271, 56.7901, 57.019, 56.6831, 56.9129, 56.849, 56.9, 56.7088, 57.0822, 56.5159, 57.122, 56.777, 56.6831, 56.797, 56.9918, 56.7791, 56.9899, 56.8881, 57.0869, 56.8001, 56.747, 56.669, 56.8151, 56.9749, 57.055, 56.5381, 56.644, 56.7381, 59.3009, 56.977, 59.726, 57.1499, 56.9689, 56.803, 56.6261, 56.7889, 56.772, 56.514, 56.6881, 56.721, 56.6962, 56.978, 56.7129, 57.014, 56.8771, 56.953, 56.8151, 56.7601, 56.9799, 56.8969, 56.8609, 56.9251, 56.7119, 56.8001, 56.7451, 56.7598, 56.8161, 56.989, 56.6778, 56.7498, 56.9081, 56.8359, 56.6051, 
Time to set up datastructures: 8436.56ms
53.3419, 53.303, 53.345, 53.2591, 53.4029, 53.623, 53.401, 53.385, 53.441, 53.3142, 53.371, 53.4098, 53.493, 53.5741, 53.3271, 53.36, 53.277, 53.576, 55.722, 56.2389, 53.6761, 53.3121, 53.4499, 53.2651, 53.3731, 53.4298, 53.5491, 53.406, 53.3941, 53.477, 53.463, 53.436, 53.721, 53.376, 53.4492, 53.4019, 53.5049, 53.297, 53.339, 53.365, 53.591, 53.278, 53.3209, 53.5779, 53.333, 55.7532, 54.5759, 53.489, 56.941, 54.8711, 53.6819, 53.3581, 53.3929, 53.355, 53.5588, 53.1542, 53.3209, 53.6621, 53.21, 53.3218, 53.3352, 53.5219, 53.436, 53.478, 53.529, 53.251, 53.503, 53.37, 53.566, 53.6609, 57.137, 55.9621, 53.6849, 53.3981, 53.287, 53.4949, 53.334, 53.494, 53.3111, 53.2119, 53.4191, 53.1819, 53.2479, 53.421, 53.437, 53.4911, 53.4711, 53.5989, 53.323, 53.7601, 53.3018, 55.7401, 53.8909, 53.5979, 53.297, 53.4341, 53.484, 53.365, 53.251, 53.34, 
Running Threadpool_7 implementation
Time to set up datastructures: 8608.86ms
89.046, 83.4329, 88.1381, 83.478, 87.6701, 83.2229, 82.7351, 83.077, 89.5531, 83.5121, 82.7448, 82.8011, 88.0051, 83.297, 82.9749, 82.9811, 82.916, 83.8399, 82.8841, 83.0469, 82.89, 82.9401, 88.583, 87.955, 83.5431, 82.931, 83.041, 83.0431, 82.993, 88.7618, 88.3248, 90.986, 83.6692, 83.0739, 82.751, 84.182, 92.8819, 83.6151, 83.0259, 82.9201, 88.016, 83.4239, 83.0441, 83.1571, 83.092, 82.9701, 90.6551, 85.326, 89.1159, 83.539, 82.9172, 82.8679, 83.1101, 82.9301, 88.7408, 83.5381, 83.591, 84.0759, 82.9222, 82.9148, 82.885, 82.901, 88.6481, 89.828, 88.155, 84.933, 83.1079, 82.921, 83.051, 88.3701, 84.085, 82.9868, 82.978, 83.1091, 82.8969, 83.1351, 88.2568, 83.7798, 83.3571, 83.142, 83.0491, 83.004, 82.83, 83.024, 83.0951, 83.2248, 83.3001, 90.286, 88.459, 83.1449, 82.9289, 88.582, 87.7299, 83.4641, 84.64, 88.5079, 84.641, 83.039, 82.8881, 88.2518, 
Time to set up datastructures: 8590.12ms
70.365, 75.1052, 70.5469, 70.415, 74.3389, 75.1171, 74.64, 73.5419, 70.5771, 71.6901, 70.57, 70.3819, 70.317, 70.2882, 70.3499, 71.327, 70.3712, 70.215, 75.5398, 71.023, 70.3111, 70.4329, 70.631, 70.4169, 70.297, 70.1621, 70.42, 70.3599, 70.3361, 74.7299, 70.4541, 70.349, 70.2989, 70.338, 70.2729, 70.2209, 70.462, 70.3089, 70.296, 75.361, 74.9171, 77.255, 77.4391, 75.48, 74.275, 70.766, 70.498, 70.353, 70.3731, 70.3199, 70.2291, 70.631, 71.665, 70.4451, 70.426, 70.5278, 70.4219, 70.436, 70.4629, 70.416, 70.2701, 70.317, 70.4992, 70.5149, 70.2951, 70.3099, 70.2991, 70.385, 70.3969, 70.4231, 75.881, 71.7449, 75.542, 70.672, 70.42, 70.452, 70.286, 70.533, 76.91, 73.719, 70.693, 70.4269, 70.425, 70.421, 70.3578, 70.1461, 70.442, 70.2271, 70.344, 74.5239, 75.6631, 77.3389, 72.7491, 71.6028, 70.478, 70.4062, 70.4939, 70.4241, 70.4489, 75.552, 
Time to set up datastructures: 8574.99ms
63.6561, 63.5579, 63.1511, 66.3719, 66.9141, 67.0011, 66.3011, 64.044, 63.6849, 63.76, 63.884, 63.8139, 63.8349, 63.8921, 63.2129, 63.0991, 63.3509, 63.514, 67.1551, 64.163, 63.7898, 63.8771, 63.9009, 63.2911, 63.0739, 63.431, 63.4072, 63.54, 63.5669, 63.776, 63.7801, 66.874, 66.505, 63.7131, 63.6349, 63.7181, 63.8011, 66.4771, 63.719, 65.2409, 63.329, 63.2071, 63.2069, 63.6358, 63.637, 63.6559, 63.792, 63.1952, 63.0548, 63.2992, 63.4499, 63.477, 63.7031, 63.7169, 63.725, 63.175, 63.288, 63.458, 63.6611, 63.606, 66.2971, 63.483, 63.283, 63.4589, 63.5359, 63.684, 63.6032, 63.8659, 63.8831, 63.961, 66.5629, 67.0252, 63.7341, 63.5998, 63.6961, 63.6649, 63.822, 63.982, 63.2041, 63.1659, 63.21, 63.3991, 63.5459, 63.7441, 63.92, 63.8769, 64.7051, 63.7839, 63.8301, 63.822, 63.7949, 63.0808, 63.082, 63.2322, 63.5099, 63.5359, 63.7491, 66.6621, 66.6728, 63.6532, 
Time to set up datastructures: 8566.21ms
61.0549, 61.121, 58.702, 58.434, 58.7101, 58.305, 58.383, 58.0571, 58.3909, 58.6882, 58.368, 58.4579, 58.0451, 58.2819, 58.1481, 58.3971, 58.6131, 58.2688, 58.377, 58.1441, 58.408, 58.754, 58.1639, 58.4671, 58.115, 58.306, 58.7239, 58.404, 58.5239, 58.1319, 58.3501, 58.7602, 58.3048, 58.5179, 58.0812, 58.337, 58.717, 58.3239, 58.3909, 58.007, 58.3401, 57.9951, 58.3749, 58.5442, 58.2609, 58.326, 58.1901, 58.4269, 58.7721, 58.192, 58.4831, 58.032, 58.3189, 58.1431, 58.2998, 58.567, 58.135, 58.3801, 58.2879, 58.5001, 58.7091, 58.3689, 58.4681, 58.099, 58.2299, 61.3501, 61.594, 61.1959, 58.367, 58.2111, 58.264, 58.1129, 58.0001, 58.059, 58.0649, 58.1379, 58.0261, 58.0461, 58.259, 58.1119, 58.0149, 58.0411, 58.1269, 61.888, 59.0532, 61.1579, 60.6439, 59.5131, 58.347, 60.997, 58.738, 58.6131, 58.203, 58.538, 58.1942, 58.4741, 58.5079, 58.1689, 58.3642, 58.075, 
Time to set up datastructures: 8562.08ms
54.94, 54.8301, 54.9438, 55.4302, 54.955, 57.107, 57.245, 55.6741, 54.683, 54.698, 54.8339, 54.512, 54.7111, 55.0549, 54.7881, 54.6088, 54.7719, 54.534, 54.656, 54.6181, 54.6188, 54.5371, 54.8131, 54.579, 54.5678, 54.79, 54.4531, 54.796, 56.9708, 57.43, 56.021, 54.8279, 54.6789, 55.0191, 54.7318, 54.7581, 54.7411, 54.548, 54.5678, 54.7671, 54.605, 54.8151, 54.7171, 54.8398, 54.6091, 54.7101, 54.7431, 54.7659, 54.599, 54.8398, 54.6222, 54.5609, 54.739, 54.6331, 54.7559, 54.6939, 54.445, 54.719, 54.841, 59.3431, 58.1479, 55.2611, 54.5659, 54.625, 54.7411, 54.5969, 54.6591, 54.75, 54.6031, 54.662, 54.8329, 56.8759, 56.5791, 55.0251, 54.9788, 54.651, 54.636, 54.6801, 54.5599, 54.6391, 56.9589, 57.4751, 55.8159, 54.811, 54.6222, 54.786, 54.512, 54.7369, 54.862, 54.7221, 54.6739, 54.8329, 54.507, 54.733, 56.993, 55.0818, 54.8801, 54.5449, 54.7559, 54.8291, 
Running TBB_graphs_8 implementation
Time to set up datastructures: 8458.74ms
83.5049, 83.4861, 83.039, 83.2179, 83.0262, 83.322, 83.2939, 82.8221, 83.1878, 83.2121, 83.4699, 83.1158, 83.9899, 88.0179, 88.9809, 84.0011, 83.4188, 83.7951, 83.6661, 83.1261, 83.2829, 82.9701, 83.1978, 89.0281, 84.8501, 83.463, 83.288, 83.303, 83.137, 83.358, 83.096, 83.138, 83.3499, 83.524, 83.5681, 84.3389, 83.256, 83.4351, 83.317, 83.497, 88.939, 86.1371, 85.427, 84.4078, 83.1721, 83.3299, 83.8811, 83.0989, 83.3001, 83.1931, 83.0069, 83.2281, 83.427, 83.2241, 83.1699, 83.5531, 83.1959, 83.0472, 83.046, 83.1881, 83.1299, 83.1609, 83.631, 83.431, 83.122, 82.937, 83.0061, 88.573, 84.6839, 83.266, 83.2331, 83.293, 83.221, 82.953, 83.0882, 83.6999, 83.2181, 82.9909, 83.441, 83.338, 83.1449, 89.0622, 86.2, 83.5898, 83.0941, 83.3371, 83.252, 83.2119, 84.048, 83.5271, 83.5919, 83.2651, 83.2, 83.359, 83.2732, 83.411, 83.442, 82.9329, 83.07, 83.281, 
Time to set up datastructures: 8447.39ms
75.0179, 70.6291, 70.169, 70.2848, 70.271, 70.3871, 70.127, 70.159, 74.806, 70.2429, 70.4792, 70.014, 70.1921, 70.195, 70.1549, 70.189, 70.2991, 70.277, 70.251, 70.5321, 70.416, 70.2488, 70.3208, 70.3318, 70.081, 70.1251, 70.19, 70.0982, 70.292, 70.3099, 70.3361, 70.262, 70.1721, 70.107, 69.9968, 70.2138, 70.3869, 70.2121, 70.1449, 70.0841, 70.292, 70.441, 70.385, 70.344, 70.0219, 69.9751, 70.1058, 70.3309, 70.209, 70.2591, 70.3681, 70.262, 70.5469, 70.297, 70.3092, 70.3459, 70.292, 70.353, 70.328, 70.1029, 70.3781, 70.4508, 70.188, 70.2591, 70.0719, 70.3771, 70.0998, 69.9081, 70.08, 70.37, 70.075, 69.937, 70.0519, 70.2891, 70.2579, 70.1921, 70.302, 70.1811, 69.783, 69.9749, 70.0591, 70.2121, 70.154, 70.2841, 70.0819, 70.3311, 70.4339, 70.472, 70.3619, 70.4119, 70.1661, 70.1799, 70.168, 70.2841, 70.0719, 70.0369, 70.224, 70.0669, 70.0462, 70.173, 
Time to set up datastructures: 8480.51ms
62.5901, 62.5889, 62.4931, 62.4878, 62.4731, 62.7022, 62.526, 62.624, 62.633, 62.7201, 62.4528, 62.7751, 62.5598, 62.5129, 62.3312, 62.5339, 62.4988, 62.3741, 62.6359, 62.6202, 62.536, 62.531, 62.52, 62.6428, 62.5491, 62.665, 62.6791, 62.6709, 62.5739, 62.5141, 62.6299, 62.7251, 62.7351, 62.4099, 62.778, 62.5551, 62.752, 62.3519, 62.6562, 62.4249, 62.4731, 62.5339, 62.5601, 62.4609, 62.4771, 62.3479, 62.4521, 62.5679, 62.4461, 62.391, 62.644, 62.923, 62.8929, 62.4011, 62.5689, 62.5849, 62.731, 62.6049, 62.458, 62.392, 62.7091, 62.366, 62.597, 62.485, 62.598, 62.7899, 62.386, 62.6421, 62.633, 62.567, 62.6681, 62.8729, 62.516, 62.485, 62.5951, 62.459, 62.5041, 62.573, 62.7, 62.551, 62.4011, 62.7089, 62.8641, 62.5031, 62.6309, 62.4909, 62.4421, 62.7351, 62.665, 62.542, 62.825, 62.4318, 62.5641, 62.289, 62.4261, 62.5389, 62.4301, 62.6869, 62.2282, 62.4888, 
Time to set up datastructures: 8431.97ms
58.2318, 57.9751, 58.3329, 58.0921, 58.0151, 57.9679, 57.878, 58.0251, 57.874, 58.2089, 58.244, 61.7669, 58.583, 58.3091, 58.0821, 57.9679, 58.073, 57.9939, 58.3072, 58.044, 58.0151, 57.9929, 57.8511, 58.0308, 57.862, 57.981, 58.2979, 58.0771, 57.9381, 57.7791, 58.2049, 58.296, 58.0812, 57.8799, 58.048, 58.074, 58.0721, 58.218, 60.9848, 58.2011, 57.9309, 57.8611, 58.0719, 58.2042, 58.1369, 58.1269, 57.9772, 58.0299, 58.022, 57.9371, 58.234, 57.982, 57.9441, 58.322, 58.0461, 57.966, 58.048, 58.2371, 57.8198, 57.9541, 57.884, 57.951, 57.775, 57.8179, 57.8341, 58.6019, 57.987, 57.919, 58.5179, 58.264, 57.8599, 58.3062, 58.0158, 58.5411, 58.1391, 57.8189, 58.207, 58.2001, 58.08, 58.166, 58.171, 57.9591, 58.3448, 57.9631, 57.8279, 58.1861, 60.5099, 58.8129, 58.089, 57.982, 57.9791, 58.1901, 58.0099, 58.1009, 58.162, 60.909, 58.9199, 61.3391, 58.4838, 58.0828, 
Time to set up datastructures: 8463.4ms
53.9148, 53.8771, 54.033, 54.002, 54.029, 53.8969, 53.916, 54.1301, 54.1611, 53.8549, 54.0051, 54.0769, 54.05, 54.0001, 53.9989, 54.0411, 54.04, 53.9911, 54.208, 53.911, 53.8471, 53.8099, 54.199, 54.1389, 53.9, 53.932, 54.1191, 54.019, 53.962, 54.1589, 53.9761, 54.08, 54.0431, 54.0569, 54.1022, 54.1508, 54.0471, 54.137, 54.2231, 56.9251, 54.395, 54.1179, 53.9091, 53.874, 54.126, 54.008, 53.9789, 54.0161, 53.8499, 54.3451, 53.9849, 54.177, 54.0099, 54.1818, 54.3852, 54.1899, 53.941, 54.04, 54.0941, 54.1351, 54.013, 54.3649, 54.1492, 53.947, 54.143, 54.3201, 54.131, 53.9629, 53.8981, 53.9808, 54.0431, 54.0099, 53.792, 53.9939, 53.9849, 54.1792, 54.013, 53.9439, 54.5061, 53.9889, 54.0512, 54.1348, 56.633, 54.2591, 54.06, 54.0302, 54.121, 54.0149, 53.899, 54.0099, 54.213, 54.0249, 53.9141, 53.848, 54.0919, 53.9091, 53.9789, 54.2181, 54.1611, 53.9739, 
Running Threadpool_8 implementation
Time to set up datastructures: 8589.86ms
83.905, 83.205, 83.6799, 83.7901, 83.5211, 83.478, 83.739, 83.591, 83.2729, 83.1239, 90.863, 85.7372, 83.612, 89.0598, 84.007, 83.4291, 83.2839, 83.18, 83.7512, 83.842, 84.0569, 83.832, 83.4529, 83.349, 83.199, 83.0832, 83.7829, 84.187, 84.028, 84.0302, 83.621, 83.8411, 84.018, 83.8571, 83.9269, 83.915, 83.848, 83.827, 83.914, 83.818, 83.3402, 83.416, 83.1769, 83.066, 83.3719, 83.7941, 83.9789, 83.431, 83.293, 83.3201, 83.2639, 83.369, 83.4751, 83.5469, 83.992, 83.837, 83.498, 83.1692, 83.3189, 83.2269, 83.7882, 84.0099, 83.8649, 84.0788, 83.9422, 83.487, 83.36, 83.3681, 83.179, 83.1919, 83.4792, 83.5059, 83.5171, 83.137, 83.2369, 83.261, 83.6792, 83.6589, 83.6101, 83.5631, 83.483, 83.37, 83.3418, 90.8742, 85.2659, 83.6132, 89.1519, 84.1291, 83.2429, 83.2009, 83.3111, 83.5578, 83.5412, 83.89, 83.977, 83.6461, 83.3049, 83.2832, 83.18, 83.673, 
Time to set up datastructures: 8602.61ms
71.3952, 71.3339, 71.229, 71.146, 71.2221, 71.0721, 71.4059, 71.2049, 71.1062, 71.0199, 71.214, 71.2862, 71.0099, 71.135, 71.0561, 71.2919, 71.0409, 71.3491, 71.286, 71.2349, 71.2831, 71.2669, 75.541, 72.6399, 76.8449, 71.7652, 75.29, 71.2969, 71.281, 71.0919, 71.4071, 71.2569, 71.0661, 71.296, 71.3, 71.3069, 71.3339, 71.0399, 75.5539, 76.251, 74.97, 71.4259, 71.346, 74.97, 72.4001, 71.3229, 75.4609, 71.548, 71.2218, 71.2681, 71.2621, 71.0609, 72.9079, 71.1832, 75.6059, 71.692, 71.316, 71.2178, 71.31, 71.0862, 71.2519, 71.5799, 71.285, 71.1548, 71.3441, 71.0571, 72.5269, 71.3639, 71.136, 71.1598, 71.1062, 71.3048, 71.3339, 76.8292, 77.6219, 75.2189, 71.4931, 74.5609, 71.4719, 71.2812, 71.0149, 70.95, 71.2821, 71.312, 71.481, 71.1141, 71.326, 71.0819, 76.3822, 74.7869, 72.3169, 71.3279, 71.497, 71.48, 71.1131, 71.29, 75.99, 72.371, 71.255, 71.279, 
Time to set up datastructures: 8613.13ms
63.9811, 63.8421, 67.235, 65.366, 63.9381, 63.8499, 63.8981, 63.8509, 63.9682, 63.9739, 63.9489, 64.0171, 64.033, 64.0199, 63.8561, 63.91, 64.0972, 63.9729, 63.951, 63.947, 63.884, 64.0111, 64.023, 64.0368, 64.0681, 64.018, 64.069, 63.9961, 63.9989, 63.9949, 63.9441, 64.034, 64.0311, 64.044, 63.925, 63.9939, 64.0299, 63.9532, 63.9229, 64.034, 63.987, 64.1069, 63.9341, 63.997, 63.9031, 64.0581, 64.013, 63.9348, 63.9911, 64.0531, 63.9219, 64.0371, 64.06, 64.0249, 63.9999, 64.0171, 63.9639, 63.9491, 63.971, 63.946, 64.2879, 64.1119, 64.0309, 63.9391, 64.0359, 64.003, 64.038, 63.982, 64.0011, 64.095, 64.1301, 63.936, 63.992, 64.0481, 63.838, 64.22, 63.94, 63.894, 63.935, 63.91, 63.9, 63.9739, 64.0101, 63.9858, 63.8959, 63.931, 63.9648, 63.9188, 63.9482, 63.9379, 63.8931, 63.966, 64.0321, 66.596, 67.513, 67.1608, 66.9801, 64.1849, 63.9851, 64.0311, 
Time to set up datastructures: 8624.27ms
58.4419, 58.327, 58.4671, 58.552, 58.3808, 58.4219, 58.286, 58.3181, 58.368, 58.4049, 58.3611, 58.1679, 58.3541, 61.64, 59.881, 58.646, 59.468, 58.7821, 58.4509, 58.4459, 58.388, 58.435, 58.4211, 58.4629, 58.4102, 58.2368, 58.4018, 61.5971, 58.857, 61.7661, 58.9108, 58.248, 58.4359, 58.527, 58.3279, 58.3711, 58.49, 58.563, 58.3441, 58.234, 58.4462, 58.4509, 58.49, 58.634, 58.67, 58.4159, 58.49, 58.435, 58.4102, 58.461, 58.4309, 58.4538, 58.4219, 58.444, 58.527, 58.507, 58.378, 58.4259, 58.553, 58.5241, 58.502, 58.176, 58.5289, 58.6491, 58.5599, 58.316, 58.45, 58.4261, 58.3918, 58.5189, 58.435, 58.4621, 58.49, 61.29, 61.2588, 59.2968, 58.5482, 58.537, 58.6469, 58.526, 61.4409, 61.2612, 58.8551, 58.435, 58.732, 58.3799, 58.388, 61.8398, 60.5199, 58.614, 58.548, 58.4691, 58.6929, 58.6672, 58.3758, 58.6181, 58.7051, 58.4159, 58.692, 61.7261, 
Time to set up datastructures: 8602.57ms
55.0969, 55.099, 57.9221, 55.439, 55.023, 55.1891, 55.167, 54.9891, 54.93, 55.078, 55.2008, 57.586, 58.3429, 57.2741, 55.3689, 55.043, 54.944, 55.1171, 55.2728, 55.861, 55.45, 55.0549, 54.944, 55.0129, 55.0928, 55.0551, 54.997, 55.012, 55.074, 57.2522, 57.7989, 55.2702, 54.9979, 55.1219, 55.1279, 54.9181, 54.98, 55.125, 55.275, 55.0461, 54.9619, 54.9719, 54.986, 55.043, 54.9381, 55.0871, 55.022, 55.1319, 54.939, 55.0721, 56.6819, 58.0058, 55.2518, 54.939, 55.1691, 55.1629, 55.186, 54.9471, 55.037, 54.9951, 55.62, 55.5379, 55.176, 54.98, 55.1491, 56.32, 55.295, 55.465, 55.3861, 54.976, 56.34, 55.306, 55.1572, 55.166, 55.155, 54.9419, 55.088, 55.1071, 55.9309, 57.1182, 55.999, 55.6278, 55.3021, 57.2629, 57.3411, 56.1268, 55.037, 55.172, 55.1789, 55.2971, 55.0768, 55.12, 55.1488, 55.1951, 55.29, 55.0151, 55.408, 55.362, 55.105, 55.2599, 
Running TBB_graphs_9 implementation
Time to set up datastructures: 8470.97ms
83.3559, 83.204, 83.2949, 83.379, 83.4792, 83.842, 83.6799, 83.7231, 82.9349, 83.1561, 83.2801, 83.616, 83.518, 83.411, 83.2949, 83.1802, 83.1668, 83.1962, 83.1258, 83.1301, 83.153, 83.3499, 83.2551, 83.6689, 83.065, 83.5209, 83.2889, 83.313, 82.993, 83.5819, 83.544, 83.292, 83.1649, 83.0081, 83.3979, 83.2701, 83.034, 83.2729, 83.3731, 83.199, 83.0131, 83.2338, 83.0541, 83.2911, 83.6811, 88.9919, 86.4711, 85.8431, 85.7599, 85.1221, 86.0319, 83.446, 83.4692, 83.2238, 87.3921, 86.339, 83.262, 83.2829, 83.1821, 83.391, 83.8072, 83.1268, 83.015, 83.19, 88.9459, 85.0072, 83.9779, 83.2341, 83.4301, 83.2851, 83.3449, 83.1621, 83.0779, 83.06, 83.3411, 83.514, 83.869, 83.4141, 83.369, 83.2059, 83.1461, 83.061, 83.71, 83.3781, 83.3499, 100.802, 87.2679, 88.98, 83.755, 83.1301, 83.4289, 83.482, 83.282, 83.1349, 83.2319, 83.0839, 83.3151, 83.2989, 82.9551, 83.9789, 
Time to set up datastructures: 8493.6ms
70.8601, 70.8611, 70.6449, 70.7781, 70.6429, 70.796, 70.5931, 70.7319, 70.9591, 70.8399, 70.6692, 70.6139, 71.0571, 70.874, 70.7982, 70.7419, 70.7932, 70.9031, 71.146, 70.7788, 70.7359, 70.4429, 70.6799, 70.6041, 70.4339, 70.58, 70.5631, 70.8301, 70.8809, 70.714, 70.92, 70.5881, 70.7021, 70.586, 71.099, 70.962, 70.5161, 70.5719, 70.8411, 70.7259, 70.554, 70.744, 70.6079, 70.7622, 70.7779, 71.0161, 70.621, 70.9739, 70.6639, 70.5242, 70.646, 70.791, 70.5528, 70.5242, 70.5318, 70.652, 70.6582, 70.7488, 70.637, 70.766, 70.7052, 70.452, 71.1219, 70.5011, 70.7891, 70.8008, 70.7371, 70.6191, 70.951, 70.7729, 70.4861, 70.7791, 70.59, 70.657, 70.811, 70.8258, 74.6791, 75.3238, 71.207, 70.5211, 70.8659, 70.8268, 70.5888, 72.252, 70.879, 70.725, 70.6792, 70.9219, 70.6401, 70.7481, 70.4751, 70.5509, 70.7409, 70.7061, 70.5729, 70.6172, 70.971, 70.8649, 70.9169, 70.622, 
Time to set up datastructures: 8435.94ms
63.38, 63.2861, 63.2041, 63.731, 63.4191, 63.5788, 63.3512, 63.2129, 66.9732, 63.6568, 63.627, 63.261, 63.4701, 63.431, 65.6199, 66.689, 63.489, 63.509, 63.36, 63.431, 63.2131, 63.437, 63.4301, 63.307, 63.2041, 63.616, 63.57, 63.4918, 63.3991, 63.3891, 63.241, 63.375, 63.3509, 63.4241, 63.5262, 63.3998, 63.483, 63.5829, 66.884, 66.5691, 63.704, 63.4048, 67.1761, 64.8019, 63.6451, 63.5459, 63.333, 63.483, 63.5521, 63.381, 63.4501, 63.5841, 64.8279, 67.2851, 63.9889, 63.5691, 63.2851, 63.4429, 63.5459, 63.4601, 63.3259, 63.4382, 63.468, 63.396, 63.303, 63.7071, 63.5891, 63.2339, 63.365, 63.6642, 63.148, 63.422, 63.452, 63.2169, 63.2639, 63.5321, 65.8121, 63.5889, 63.302, 63.5898, 63.288, 63.5672, 63.3769, 63.6089, 63.4639, 63.4181, 63.422, 63.3891, 63.4758, 63.8161, 63.374, 63.6001, 63.5309, 63.3621, 63.652, 63.3869, 63.3571, 63.3419, 63.2591, 63.175, 
Time to set up datastructures: 8460.65ms
60.055, 58.785, 58.4872, 58.5718, 58.881, 58.8531, 58.6209, 58.5082, 58.4619, 58.656, 58.6469, 58.696, 58.651, 59.972, 58.8791, 58.5508, 58.5151, 58.7041, 58.8579, 58.7831, 59.752, 61.4531, 59.0048, 58.737, 58.6841, 58.408, 58.645, 58.7039, 58.7881, 58.5401, 58.5179, 58.568, 58.455, 58.5861, 58.4219, 58.7518, 58.538, 58.8419, 58.598, 58.512, 58.4722, 58.6798, 58.589, 58.6019, 58.604, 58.5258, 58.6371, 58.6309, 58.578, 61.547, 60.364, 58.7671, 58.6529, 58.568, 58.579, 58.6851, 58.691, 58.485, 58.4409, 58.4509, 58.6278, 58.6841, 58.635, 58.63, 58.8791, 58.7819, 58.7342, 58.8958, 58.6481, 58.603, 58.4829, 58.4409, 58.3742, 58.867, 58.677, 58.4469, 58.5642, 58.558, 60.5609, 59.2592, 58.7149, 58.454, 58.6779, 58.7862, 58.7871, 58.805, 58.733, 58.6128, 58.5518, 58.6319, 58.3611, 58.3961, 61.733, 59.3569, 58.8031, 58.2829, 58.466, 58.4469, 58.331, 58.665, 
Time to set up datastructures: 8486.2ms
55.4068, 55.4552, 55.5029, 55.3119, 55.295, 55.445, 55.2869, 55.5019, 55.2349, 55.392, 55.5129, 55.397, 55.2831, 55.4051, 55.2919, 55.198, 55.4368, 55.4531, 55.577, 55.6209, 55.335, 55.4261, 55.3019, 55.779, 55.3019, 55.352, 55.1991, 55.2859, 55.522, 55.377, 55.3482, 55.4481, 55.6901, 55.3298, 55.2821, 55.3091, 55.239, 55.4719, 55.2521, 55.402, 55.6879, 55.577, 55.2111, 55.311, 55.2871, 55.3141, 55.372, 55.3949, 55.5401, 55.3999, 55.346, 55.3389, 55.2499, 55.6381, 55.2881, 55.3501, 55.3918, 55.253, 55.084, 55.2928, 55.3331, 55.4049, 55.279, 55.3811, 55.2969, 55.2092, 57.3199, 55.7201, 55.2809, 55.1829, 55.3551, 55.3749, 55.16, 55.2649, 55.4249, 55.3949, 55.28, 55.377, 55.136, 55.3091, 55.532, 55.4621, 55.459, 55.268, 55.4929, 55.455, 55.4051, 55.409, 55.3479, 55.351, 55.2831, 55.295, 55.4581, 55.2111, 55.583, 55.382, 55.3761, 55.599, 55.6321, 55.136, 
Running Threadpool_9 implementation
Time to set up datastructures: 8591.53ms
84.245, 84.4591, 84.0089, 84.043, 84.2831, 83.807, 84.255, 84.3189, 85.3839, 89.8311, 84.7859, 84.254, 83.9798, 89.8209, 84.47, 83.9491, 84.2009, 84.2071, 84.25, 84.0821, 84.0099, 84.2249, 84.2431, 84.0499, 84.039, 84.132, 83.993, 84.0061, 90.543, 88.5291, 84.6939, 84.204, 84.0142, 84.208, 89.0739, 85.5489, 84.301, 84.3251, 84.1169, 84.183, 84.2631, 90.421, 84.7309, 84.166, 84.192, 84.0919, 84.1582, 84.9481, 89.6308, 84.45, 84.0871, 83.9899, 83.9891, 84.07, 83.904, 84.151, 84.0042, 84.0218, 84.157, 84.121, 84.0321, 83.8969, 84.0378, 83.904, 84.1031, 84.0719, 84.214, 84.167, 84.2159, 84.0049, 84.1579, 84.0838, 84.0781, 83.9801, 84.1899, 84.254, 84.4111, 84.28, 84.2021, 84.0189, 84.136, 84.2159, 84.1701, 84.094, 83.951, 84.065, 84.1041, 84.1241, 84.1918, 84.0201, 84.1069, 83.8611, 83.842, 84.193, 84.0261, 84.4679, 84.2431, 83.988, 84.0871, 84.111, 
Time to set up datastructures: 8585.4ms
71.6951, 71.722, 71.8021, 71.8129, 71.8529, 71.9862, 72.0439, 71.924, 72.0072, 72.1149, 71.888, 71.8679, 71.965, 71.9202, 71.914, 72.067, 72.1161, 72.032, 71.949, 71.898, 71.913, 71.898, 72.006, 75.3191, 75.2618, 72.2301, 71.5721, 71.3999, 71.516, 71.7561, 71.8398, 71.8389, 71.876, 71.9471, 71.9359, 73.35, 71.578, 71.732, 71.857, 71.6991, 71.81, 71.8839, 71.913, 72.015, 72.0849, 72.006, 71.9578, 71.939, 71.857, 72.058, 71.969, 71.9991, 71.9259, 71.9709, 71.965, 72.109, 71.944, 71.97, 71.996, 71.9781, 72.103, 71.9581, 71.949, 72.0298, 72.0382, 72.1359, 72.051, 71.9039, 71.9411, 71.99, 72.0499, 71.867, 71.876, 72.0701, 71.8629, 71.8441, 71.877, 71.9469, 72.134, 71.876, 71.9571, 71.9891, 72.3689, 72.0642, 71.954, 71.9008, 72.206, 72.005, 71.9881, 73.7069, 71.9459, 71.5721, 71.794, 71.8658, 71.8682, 71.882, 71.8451, 71.8548, 71.8331, 72.0549, 
Time to set up datastructures: 8572.33ms
64.3189, 64.306, 64.296, 64.187, 64.239, 64.153, 64.1131, 67.719, 67.2419, 67.733, 65.326, 64.1599, 63.9911, 64.0271, 63.7989, 63.875, 64.0121, 64.1081, 63.777, 63.8571, 63.7901, 63.9129, 64.136, 64.1952, 63.9889, 64.018, 63.997, 63.9191, 63.9248, 64.08, 64.0881, 64.2381, 63.787, 63.796, 64.0929, 64.1601, 64.0631, 63.978, 63.8051, 64.0528, 63.9589, 63.9501, 64.044, 64.0371, 63.9758, 63.9818, 64.06, 63.863, 64.014, 64.049, 64.0559, 64.0371, 64.08, 64.126, 63.817, 63.761, 63.9172, 64.09, 64.0478, 64.1, 63.8139, 63.798, 64.0862, 64.0509, 64.1379, 64.1291, 63.895, 64.151, 63.988, 64.0471, 64.079, 63.7529, 64.0512, 63.9689, 64.0531, 64.0309, 64.0881, 64.0149, 63.8301, 64.0678, 64.0471, 64.152, 63.9491, 64.007, 63.714, 63.88, 64.177, 67.7819, 68.0802, 65.697, 64.081, 64.2099, 64.3859, 64.3711, 64.3778, 64.1899, 64.1971, 64.1949, 64.1718, 64.1382, 
Time to set up datastructures: 8618.19ms
62.216, 61.415, 59.1681, 62.0389, 59.7272, 62.5858, 61.691, 61.867, 61.738, 60.529, 61.8281, 59.541, 61.4641, 59.2699, 59.021, 59.0131, 58.9249, 62.0151, 59.617, 59.006, 60.1981, 59.139, 59.0391, 59.1891, 58.9318, 59.0849, 59.0432, 59.0699, 58.9471, 59.1331, 59.1171, 59.1168, 59.1531, 58.9349, 59.0861, 59.14, 59.0041, 59.206, 59.0231, 58.974, 58.9809, 59.1671, 59.0658, 59.0529, 59.165, 59.2029, 59.0181, 58.908, 59.123, 59.088, 59.0951, 59.02, 59.0189, 59.1211, 59.047, 58.897, 59.1829, 59.1211, 59.032, 59.015, 61.9879, 61.862, 59.382, 59.0012, 59.0029, 59.6201, 58.9139, 61.779, 59.4251, 59.17, 61.897, 61.8629, 59.335, 59.1531, 58.8601, 59.233, 59.2229, 58.9402, 59.036, 59.0379, 58.989, 61.734, 59.3719, 58.893, 62.0229, 59.67, 60.328, 59.2961, 59.063, 59.067, 59.0818, 59.0351, 59.0231, 59.0019, 59.068, 59.1002, 59.099, 59.0711, 62.099, 59.478, 
Time to set up datastructures: 8586.57ms
55.938, 55.938, 55.975, 55.9859, 56.0172, 55.9399, 55.737, 55.8691, 55.851, 55.944, 56.0019, 55.794, 55.8422, 55.9359, 55.8321, 55.9399, 55.805, 55.8081, 55.8701, 58.2631, 58.5489, 56.515, 56.0782, 55.9149, 55.9001, 55.958, 55.8629, 56.251, 56.0291, 55.773, 56.041, 55.877, 56.0172, 55.8629, 55.793, 55.9309, 55.9511, 55.8341, 55.876, 55.8779, 55.866, 58.233, 56.4201, 56.047, 55.855, 55.9361, 55.9988, 56.0122, 55.959, 55.748, 55.8789, 55.8801, 56.1261, 55.9099, 56.0191, 55.9781, 55.975, 58.4059, 56.3071, 55.9189, 56.0131, 55.9101, 55.8889, 56.0291, 56.0091, 55.897, 55.928, 55.9359, 55.9392, 55.943, 58.481, 59.1099, 58.1582, 57.811, 56.5989, 56.047, 56.041, 55.9752, 55.685, 55.8839, 55.974, 56.0501, 56.0811, 55.9549, 55.7661, 55.963, 55.8789, 56.0241, 55.9919, 55.9721, 55.8331, 55.8908, 56.1111, 55.871, 55.984, 55.999, 55.7599, 55.85, 56.0091, 56.0341, 
Running TBB_graphs_10 implementation
Time to set up datastructures: 8466.18ms
84.2679, 84.327, 84.2111, 84.2369, 84.0201, 83.9229, 83.9798, 84.1131, 84.3859, 84.167, 84.1758, 84.3501, 84.769, 84.425, 84.507, 84.3201, 84.173, 84.038, 84.1761, 84.362, 83.9059, 83.945, 84.1591, 84.0888, 84.0421, 84.0001, 84.26, 84.229, 84.1019, 84.0211, 84.0909, 84.0161, 84.2628, 84.5902, 89.1068, 84.7461, 84.079, 84.1088, 84.2252, 84.125, 83.8978, 84.017, 84.156, 84.3079, 84.1911, 83.75, 84.234, 84.1241, 84.2381, 84.3379, 84.8858, 89.2339, 88.8941, 84.383, 83.91, 83.998, 84.0311, 84.023, 84.065, 84.321, 84.028, 84.2299, 84.0449, 84.137, 84.043, 84.208, 84.2271, 88.8281, 84.5709, 84.249, 84.3539, 83.915, 84.2772, 84.341, 84.188, 84.064, 84.0049, 84.1551, 84.121, 84.27, 84.25, 89.319, 84.9919, 84.3551, 84.1329, 83.9701, 84.0709, 84.4491, 84.1269, 84.2531, 84.2099, 84.8401, 84.9011, 84.229, 84.1601, 84.1949, 84.305, 84.106, 84.1272, 83.952, 
Time to set up datastructures: 8463.21ms
71.0962, 71.4078, 71.6612, 71.3, 71.13, 71.173, 71.4231, 71.2841, 71.1498, 71.5718, 71.305, 71.1482, 71.106, 71.0759, 71.3141, 71.414, 71.1701, 71.3079, 71.4588, 71.219, 71.4459, 71.2409, 71.2922, 71.3899, 71.3079, 71.2218, 71.5668, 71.336, 71.8031, 75.423, 71.238, 71.702, 71.579, 71.2709, 71.2912, 74.8689, 71.6021, 71.6808, 71.5351, 71.3041, 71.182, 71.26, 71.4381, 71.4378, 71.265, 71.068, 71.332, 71.342, 71.393, 71.7702, 71.424, 71.4829, 71.3251, 71.6648, 71.2061, 71.4512, 71.3699, 71.2409, 71.2662, 71.059, 71.2478, 71.4812, 71.337, 71.3151, 71.1679, 71.357, 71.094, 71.4228, 71.2981, 71.295, 71.3561, 71.063, 74.893, 71.7399, 71.317, 71.1381, 71.47, 71.7359, 71.9061, 71.1851, 71.3511, 71.1589, 71.686, 71.497, 71.2309, 71.1501, 71.2252, 71.497, 71.3439, 71.4302, 71.362, 71.224, 71.321, 71.3091, 71.1329, 71.3689, 71.1279, 71.0199, 71.3229, 71.136, 
Time to set up datastructures: 8442.21ms
63.962, 64.0049, 63.575, 63.8721, 63.961, 63.6559, 63.755, 63.5741, 63.9169, 63.983, 66.783, 63.812, 63.612, 64.1179, 63.5281, 63.767, 63.6711, 63.7, 63.4921, 63.6041, 63.664, 63.4, 63.7329, 66.5231, 63.8599, 63.9009, 63.7581, 63.539, 63.5169, 63.6981, 63.56, 63.6311, 63.561, 63.493, 63.436, 63.889, 63.7281, 63.849, 63.735, 63.587, 63.8461, 63.6439, 63.7, 63.621, 63.503, 63.8731, 63.597, 63.482, 63.571, 63.3259, 63.653, 63.5111, 63.724, 63.8919, 63.611, 63.6361, 63.6499, 63.669, 63.7572, 63.534, 63.7, 63.7739, 63.7012, 63.5529, 63.8511, 63.8509, 63.792, 63.668, 63.4851, 63.8409, 63.7648, 64.0731, 63.9451, 63.581, 63.4911, 63.7798, 63.8831, 64.0571, 63.5688, 63.844, 63.946, 63.463, 63.55, 63.832, 63.6799, 63.3829, 63.854, 63.7898, 63.72, 63.5462, 63.6508, 63.7152, 63.5879, 63.458, 63.4379, 63.6759, 63.6621, 63.5369, 63.7641, 63.4961, 
Time to set up datastructures: 8439.46ms
58.5549, 58.9428, 58.5971, 58.6481, 58.6069, 58.7699, 58.883, 58.6441, 58.7099, 58.8369, 58.821, 58.6691, 58.8179, 58.763, 58.8131, 58.6519, 58.6801, 58.67, 59.092, 58.7449, 58.7301, 58.7978, 58.728, 58.7459, 58.809, 58.578, 58.5492, 58.7289, 58.744, 58.665, 58.6541, 58.6929, 58.83, 61.3899, 59.1679, 58.6011, 58.712, 58.8849, 58.876, 58.5921, 58.593, 58.928, 58.8448, 58.5101, 58.5551, 58.5189, 58.7749, 58.8732, 58.6979, 58.749, 58.8551, 58.7749, 58.8481, 58.784, 58.785, 58.7289, 58.5999, 58.8112, 58.7139, 58.912, 58.7049, 58.706, 58.594, 58.6181, 58.6159, 58.6751, 58.6672, 58.7578, 58.4741, 58.852, 58.584, 58.5821, 58.697, 58.5752, 58.5709, 58.4431, 58.8439, 58.9252, 58.5229, 58.7101, 59.0129, 58.908, 58.6982, 58.5959, 58.665, 58.5849, 58.9869, 58.6059, 58.691, 58.866, 58.6741, 58.6569, 58.641, 58.784, 58.7621, 58.712, 58.8171, 58.4698, 58.7721, 58.6879, 
Time to set up datastructures: 8470.45ms
55.4199, 55.366, 55.1541, 55.3479, 55.3141, 55.3391, 55.27, 55.4841, 55.326, 55.3801, 57.6701, 56.0648, 55.3651, 55.362, 55.3501, 55.4209, 55.506, 55.0802, 55.3479, 55.2502, 55.264, 55.594, 55.558, 55.088, 55.3861, 55.5019, 55.4481, 57.524, 58.9831, 57.8389, 57.868, 55.546, 55.295, 55.562, 55.413, 55.378, 55.3241, 55.326, 55.362, 55.433, 55.5282, 55.4528, 55.2871, 55.3021, 55.2089, 55.5599, 55.4278, 55.2289, 55.5749, 55.268, 55.4051, 55.3219, 55.5589, 55.31, 55.2661, 55.486, 55.4368, 55.299, 55.3141, 55.2759, 55.249, 55.337, 55.259, 55.285, 55.3591, 55.4929, 55.213, 55.3019, 55.4931, 55.279, 55.3529, 55.3091, 55.5351, 55.439, 55.366, 55.3141, 55.46, 55.464, 55.475, 55.2721, 55.3029, 55.3651, 55.5439, 63.467, 61.4111, 57.6069, 55.5201, 55.3601, 55.639, 55.268, 55.1779, 55.46, 55.382, 55.306, 55.4922, 55.3589, 55.393, 55.2361, 55.311, 55.4349, 
Running Threadpool_10 implementation
Time to set up datastructures: 8587.37ms
84.0759, 83.982, 84.0361, 83.9739, 83.813, 83.9901, 84.126, 83.9901, 84.0271, 84.064, 83.802, 83.9229, 83.9601, 84.0101, 83.8718, 84.085, 84.064, 84.0929, 84.0201, 83.8749, 88.8979, 85.4671, 84.2171, 86.8769, 85.9432, 84.106, 86.3378, 84.115, 84.08, 88.783, 84.3668, 84.0881, 84.0991, 89.5209, 84.5051, 84.1031, 84.0249, 84.1269, 84.3492, 89.8221, 88.0198, 84.188, 84.0821, 83.751, 83.9772, 83.9438, 84.1241, 84.0361, 83.998, 84.0149, 83.879, 84.0371, 83.7309, 83.8079, 84.1541, 84.0161, 84.0859, 84.0209, 84.0218, 84.0132, 83.9999, 84.0821, 83.9489, 84.0988, 84.007, 84.2311, 84.0888, 83.967, 83.926, 84.125, 84.1761, 84.0249, 83.9829, 84.0192, 83.972, 84.0559, 84.0099, 84.007, 84.13, 83.967, 84.1119, 83.837, 83.977, 83.915, 84.0311, 83.9679, 84.0361, 84.038, 83.9911, 84.034, 84.0881, 83.9229, 84.1491, 84.0931, 84.2419, 84.07, 84.1041, 84.0361, 84.084, 84.07, 
Time to set up datastructures: 8565.14ms
71.398, 71.4388, 71.7311, 71.4481, 71.5559, 71.4519, 71.382, 71.49, 71.4209, 71.4231, 71.5091, 71.491, 71.4638, 71.49, 71.496, 71.959, 71.3561, 71.3539, 71.4731, 71.316, 71.2979, 71.7671, 71.439, 71.4478, 71.2271, 75.9139, 75.4921, 71.7421, 75.3219, 72.057, 71.552, 71.4891, 71.4018, 71.4331, 75.3541, 73.2241, 75.371, 71.8298, 75.32, 75.2048, 71.7001, 71.244, 71.4719, 71.491, 75.4981, 76.318, 73.71, 72.0069, 71.4371, 71.4638, 71.4841, 71.615, 74.935, 72.433, 71.6231, 71.732, 71.671, 71.4691, 71.516, 71.471, 75.2921, 71.8651, 71.6519, 71.497, 71.635, 71.523, 71.6431, 71.5508, 71.7502, 71.6228, 71.5592, 75.439, 71.9011, 71.5709, 71.5749, 71.563, 71.701, 71.5089, 71.5401, 75.228, 75.4831, 71.9888, 71.6381, 71.6681, 71.7199, 72.8731, 71.532, 71.5659, 71.63, 71.574, 71.522, 71.569, 71.7311, 71.564, 71.6481, 75.5191, 72.011, 71.5129, 71.6031, 71.5129, 
Time to set up datastructures: 8586.2ms
63.8208, 64.0881, 63.9019, 64.1131, 63.8978, 63.9331, 63.889, 63.9009, 64.002, 64.0371, 63.9739, 64.0471, 63.9229, 64.019, 63.9648, 64.0461, 63.9799, 64.0671, 63.905, 64.0051, 63.9379, 63.9551, 64.0271, 64.0159, 64.0349, 64.172, 63.915, 63.905, 63.8809, 63.993, 64.0192, 63.9918, 63.9861, 63.952, 63.8871, 63.8969, 64.0481, 63.987, 63.9641, 64.023, 64.1048, 64.0271, 63.9431, 64.0469, 63.9939, 63.9379, 63.9791, 63.9989, 64.018, 63.941, 64.059, 63.9169, 63.9999, 64.074, 63.9839, 63.983, 63.9908, 63.838, 63.977, 63.9651, 64.002, 63.9431, 64.0659, 63.997, 63.978, 64.033, 64.038, 63.9429, 64.0152, 63.9679, 64.0161, 64.0888, 63.9539, 63.911, 63.9291, 64.1, 64.05, 63.9391, 63.9269, 63.952, 63.9501, 64.0221, 63.962, 64.0399, 64.141, 63.9501, 64.0469, 64.2281, 63.9751, 64.0209, 64.0399, 63.9629, 64.0261, 63.9269, 63.9791, 63.9608, 63.9839, 63.993, 64.11, 64.0919, 
Time to set up datastructures: 8566.86ms
59.0582, 58.9168, 58.9988, 61.6891, 62.0699, 59.2759, 58.876, 58.9421, 58.9368, 58.9511, 61.63, 61.8749, 59.2091, 58.872, 59.103, 58.8911, 58.917, 58.9471, 61.552, 62.0019, 59.309, 58.7718, 58.9519, 59.0181, 61.605, 59.6049, 58.9292, 61.2009, 59.293, 61.5699, 59.3169, 59.0191, 59.005, 58.9468, 58.9511, 58.9099, 58.965, 58.903, 58.9731, 58.9421, 59.0169, 58.964, 59.0482, 59.0689, 58.8679, 58.882, 61.4531, 59.247, 58.8579, 58.892, 59.0861, 58.938, 58.9681, 58.97, 61.4691, 61.5129, 59.9599, 58.9111, 58.877, 58.8741, 61.5659, 61.887, 59.3009, 58.809, 58.9521, 58.989, 58.877, 59.0069, 59.067, 59.0141, 58.789, 58.893, 58.9991, 61.5251, 61.8088, 59.777, 59.0491, 59.087, 59.011, 59.0501, 58.8479, 58.8231, 59.0169, 59.088, 58.882, 59.0639, 61.6782, 59.226, 59.0129, 58.9881, 58.9809, 58.9859, 59.0751, 59.0148, 61.774, 61.888, 59.2279, 59.0091, 59.067, 59.0439, 
Time to set up datastructures: 8573.53ms
55.6099, 55.6781, 55.794, 58.1141, 58.26, 58.5639, 56.9379, 55.8829, 55.6901, 55.747, 55.81, 55.7289, 55.917, 55.6672, 55.6479, 55.7921, 55.6779, 55.768, 55.8209, 55.8269, 55.656, 55.788, 55.5661, 55.639, 55.778, 55.727, 55.624, 55.7721, 55.8798, 55.711, 55.6271, 55.6421, 55.81, 55.7718, 55.7659, 55.9549, 55.886, 55.8331, 55.8269, 55.8891, 55.7649, 55.7261, 55.6841, 55.603, 55.7439, 55.7661, 55.712, 55.8131, 55.7678, 55.7561, 55.6731, 55.7699, 55.882, 55.7542, 55.7449, 55.6691, 55.8081, 55.671, 55.7108, 57.9472, 58.141, 58.0971, 56.637, 55.8219, 55.6681, 55.558, 55.5639, 55.7492, 55.774, 55.7909, 55.6512, 55.8629, 58.2139, 58.1422, 58.3458, 58.3189, 57.3251, 56.1149, 55.897, 55.547, 55.7642, 55.7199, 55.7981, 55.896, 55.819, 55.886, 55.7721, 55.836, 55.5921, 55.6901, 55.6738, 55.814, 55.6581, 55.5739, 55.635, 55.829, 55.867, 55.6622, 55.8128, 55.8419, 
