dpcpp -Wall -DNDEBUG -O3 -fopenmp -o driver_spmv_input driver_spmv_input.cpp -ltbb -lboost_thread
Running sequential algorithm
Time to set up datastructures: 6018.32ms
296.892, 296.644, 296.726, 296.904, 297.013, 296.654, 296.433, 296.795, 296.62, 296.7, 296.464, 296.86, 296.573, 297.1, 297.767, 297.242, 297.093, 296.576, 296.485, 296.423, 296.702, 296.692, 296.71, 296.567, 296.947, 296.648, 298.733, 296.969, 297.186, 296.604, 296.898, 297.39, 296.471, 296.553, 296.892, 296.765, 296.655, 296.36, 296.905, 297.13, 297.213, 296.845, 296.408, 296.685, 296.636, 296.518, 296.483, 296.749, 296.975, 296.585, 296.921, 296.729, 296.684, 296.882, 296.795, 296.644, 296.687, 296.432, 296.514, 296.534, 296.511, 296.894, 297.043, 297.028, 296.521, 296.606, 296.71, 297.005, 296.695, 296.455, 297.016, 296.331, 296.745, 296.541, 296.885, 296.722, 296.593, 296.481, 296.449, 296.523, 297.001, 296.699, 296.955, 296.564, 296.667, 296.617, 296.567, 296.421, 296.906, 296.904, 296.647, 296.573, 297.261, 297.06, 296.96, 296.693, 296.956, 296.533, 296.619, 297.134, 
Running OpenMP implementation
Time to set up datastructures: 9072.68ms
155.448, 155.654, 155.438, 155.322, 155.388, 155.37, 155.343, 155.366, 155.5, 155.453, 155.235, 155.473, 155.409, 155.404, 155.273, 155.393, 155.345, 155.36, 155.274, 155.287, 155.332, 155.402, 155.63, 155.295, 155.362, 155.572, 155.488, 155.282, 155.419, 155.555, 155.714, 155.451, 155.62, 155.351, 155.488, 155.46, 155.498, 155.653, 155.343, 155.576, 155.351, 155.479, 155.368, 155.444, 155.267, 155.274, 155.377, 155.424, 155.576, 155.287, 155.452, 155.517, 155.559, 155.285, 155.454, 155.281, 155.544, 155.285, 155.59, 155.381, 155.415, 155.289, 155.58, 155.348, 155.355, 155.456, 155.295, 155.358, 155.302, 155.404, 155.323, 155.363, 155.411, 155.689, 155.35, 155.405, 155.343, 155.401, 155.471, 155.278, 155.418, 155.334, 155.321, 155.563, 155.417, 155.366, 155.257, 155.292, 155.39, 155.302, 155.389, 155.381, 155.505, 155.295, 155.372, 155.367, 155.308, 155.484, 155.418, 155.734, 
Time to set up datastructures: 7247.97ms
107.578, 107.698, 107.774, 107.569, 108.041, 107.605, 107.527, 107.619, 107.852, 107.521, 107.646, 107.603, 107.62, 107.678, 107.882, 107.684, 108.002, 107.999, 107.642, 107.56, 107.708, 107.777, 107.567, 107.631, 107.562, 107.556, 107.735, 107.906, 107.507, 107.596, 107.544, 107.871, 109.432, 107.582, 107.523, 107.774, 107.62, 107.585, 107.899, 107.566, 107.814, 107.877, 107.563, 107.529, 107.522, 107.495, 108.512, 107.668, 107.612, 107.562, 107.672, 107.636, 107.572, 107.556, 107.793, 107.732, 107.865, 107.653, 107.678, 107.69, 107.644, 107.514, 107.524, 107.491, 107.652, 107.565, 107.544, 107.957, 107.771, 108.187, 107.738, 107.51, 107.821, 107.542, 107.6, 107.577, 107.787, 107.896, 107.887, 107.703, 107.546, 107.491, 107.565, 107.798, 107.512, 107.547, 107.548, 107.853, 107.57, 107.512, 107.514, 108.072, 107.546, 107.535, 107.601, 107.542, 107.92, 107.645, 107.751, 107.557, 
Time to set up datastructures: 10952.2ms
85.4208, 85.5241, 85.4731, 85.449, 85.4731, 85.5489, 85.3729, 85.4142, 85.4039, 85.6149, 85.5279, 85.428, 85.464, 85.4981, 85.5091, 85.422, 85.4928, 85.6571, 85.433, 85.5169, 85.4151, 85.3179, 85.4301, 85.3748, 85.4039, 85.4471, 85.3989, 85.469, 85.4268, 85.624, 85.516, 85.356, 85.4721, 85.5439, 85.48, 85.4771, 85.5241, 85.542, 85.4909, 85.4089, 85.6049, 85.4151, 85.4039, 85.4969, 85.357, 85.367, 85.4411, 85.4378, 85.4182, 85.418, 85.325, 85.5868, 85.4759, 85.474, 85.4299, 85.4688, 85.561, 85.5331, 85.4459, 85.47, 85.5532, 85.449, 85.3992, 85.3949, 85.536, 85.427, 85.387, 85.4499, 85.4371, 85.516, 85.4502, 85.5329, 85.3801, 85.5289, 85.4242, 85.4239, 85.511, 85.4261, 85.4299, 85.4301, 85.4218, 85.5169, 85.521, 85.537, 85.5901, 85.4731, 85.427, 85.6209, 85.4411, 85.479, 85.4509, 85.386, 85.268, 85.3689, 85.386, 85.4352, 85.4058, 85.4361, 85.4869, 85.4368, 
Time to set up datastructures: 10870.1ms
72.3841, 72.4499, 72.5119, 72.3331, 72.4461, 72.4819, 72.479, 72.494, 72.6101, 72.4809, 72.484, 72.4261, 72.4781, 72.4919, 72.4301, 72.381, 72.5639, 72.5501, 72.5091, 72.3529, 72.49, 72.4978, 72.4368, 72.4411, 72.444, 72.54, 72.4709, 72.4051, 72.4452, 72.4308, 72.3801, 72.3879, 72.4061, 72.4511, 72.4671, 72.4769, 72.422, 72.4249, 72.4571, 72.3732, 72.4618, 72.4611, 72.3839, 72.4761, 72.5811, 72.453, 72.4149, 72.437, 72.4471, 72.449, 72.3939, 72.5088, 72.3691, 72.511, 72.4001, 72.391, 72.4359, 72.4192, 72.485, 72.4199, 72.5288, 72.489, 72.4649, 72.633, 72.4471, 72.4142, 72.4318, 72.499, 72.53, 72.3729, 72.443, 72.412, 72.4559, 72.485, 72.4552, 72.4678, 72.3991, 72.4649, 72.3791, 72.4869, 72.391, 72.3951, 72.386, 72.417, 72.427, 72.412, 72.4149, 72.438, 72.365, 72.4599, 72.4831, 72.4721, 72.422, 72.36, 72.401, 72.505, 72.5229, 72.4189, 72.4449, 72.5281, 
Time to set up datastructures: 11488.7ms
64.4152, 64.3299, 64.4531, 64.3818, 64.4221, 64.446, 64.436, 64.451, 64.409, 64.3952, 64.3799, 64.4591, 64.4188, 64.4329, 64.378, 64.497, 65.161, 65.3472, 64.4209, 64.348, 64.3981, 64.3461, 64.4798, 64.4312, 64.456, 64.455, 64.456, 64.5409, 64.431, 64.3742, 64.4319, 64.4209, 64.4312, 64.43, 64.4598, 64.3301, 64.3589, 64.4491, 64.3611, 64.4319, 64.6091, 64.5239, 64.5251, 64.5609, 64.41, 64.3511, 64.353, 64.441, 64.5061, 64.352, 64.362, 64.343, 64.4779, 64.395, 64.599, 64.4011, 64.4639, 64.3511, 64.404, 64.3489, 64.379, 64.321, 64.3651, 64.3969, 64.3978, 64.425, 64.5242, 64.4569, 64.518, 64.384, 64.3861, 64.486, 64.327, 64.3899, 64.393, 64.486, 64.4882, 64.4269, 64.4381, 64.5289, 64.4631, 64.44, 64.415, 64.4469, 64.4228, 64.4391, 64.364, 64.3389, 64.4019, 64.446, 64.4438, 64.3282, 64.3849, 64.3909, 64.4281, 64.4341, 64.357, 64.3489, 64.446, 64.4739, 
Time to set up datastructures: 11462.8ms
58.877, 58.8729, 58.9499, 58.9321, 58.928, 58.8381, 58.8651, 58.8789, 58.9521, 59.19, 58.8489, 58.887, 58.8431, 58.8679, 58.912, 59.0281, 58.9659, 59.227, 58.8939, 59.025, 58.9452, 59.1619, 58.9058, 58.912, 58.9919, 58.9921, 59.0749, 58.928, 58.9471, 58.892, 58.929, 58.9318, 59.0181, 58.9831, 58.9049, 58.8751, 58.9039, 58.861, 58.9352, 58.903, 58.9879, 59, 59.0608, 58.9972, 58.9669, 58.9449, 58.9762, 58.8689, 58.99, 58.9821, 59.16, 59.092, 58.9139, 59.1691, 58.913, 58.9809, 58.9499, 58.9061, 58.9409, 58.8691, 58.9659, 58.9659, 58.9521, 58.995, 58.8889, 58.8939, 58.9199, 58.8942, 58.9631, 58.9159, 58.8961, 59.221, 59.047, 59.0341, 58.9499, 58.9559, 58.948, 58.8222, 58.918, 58.9118, 59.0239, 58.897, 58.9762, 59.0649, 59.0272, 58.995, 58.892, 58.9998, 58.9471, 58.9812, 58.9478, 58.8701, 58.8369, 58.857, 58.9242, 58.924, 58.9051, 58.9509, 58.912, 58.8861, 
Time to set up datastructures: 11325.9ms
54.971, 54.889, 55.0239, 55.0711, 54.9641, 55.0671, 55.0408, 55.0201, 54.986, 55.0849, 55.0931, 55.1569, 55.0442, 54.9939, 55.1162, 55.0289, 55.0611, 55.0499, 55.16, 55.0771, 55.0089, 55.125, 55.0561, 55.094, 55.0301, 55.057, 55.0489, 55.011, 55.0699, 55.0621, 54.93, 55.0389, 55.007, 55.0499, 54.9691, 55.1209, 54.9769, 55.0342, 55.109, 55.023, 55.028, 55.0518, 55.1071, 55.1012, 55.0818, 55.0749, 55.145, 55.0702, 54.9469, 55.0752, 55.0668, 55.038, 55.0208, 55.0261, 55.0551, 55.0749, 55.1109, 54.965, 55.0752, 55.141, 54.929, 55.151, 55.0351, 55.0449, 55.0411, 55.053, 55.0668, 54.9781, 55.0201, 55.069, 55.006, 55.0039, 55.0971, 54.9719, 55.022, 54.9741, 55.114, 55.0539, 55.0921, 54.98, 54.965, 55.0489, 55.0311, 55.079, 55.2151, 54.9889, 54.9312, 55.0249, 54.9319, 54.9891, 55.0258, 55.1362, 55.012, 55.0671, 55.068, 55.2061, 55.177, 54.9531, 54.976, 54.9459, 
Time to set up datastructures: 11701.2ms
52.6121, 52.5968, 52.701, 52.6321, 52.6011, 52.6779, 52.6321, 52.6631, 52.5439, 52.629, 52.7451, 52.567, 52.6271, 52.65, 52.6109, 52.6831, 52.5608, 52.6202, 52.5858, 52.6118, 52.6741, 52.599, 52.669, 52.726, 52.7921, 52.7771, 52.6049, 52.6252, 52.6669, 52.5942, 52.634, 52.572, 52.6428, 52.635, 52.6299, 52.6481, 52.6781, 52.5529, 52.5789, 52.671, 52.5939, 52.665, 52.669, 52.5479, 52.6991, 52.5749, 52.6152, 52.6268, 52.6512, 52.603, 52.5808, 52.6741, 52.659, 52.6671, 52.628, 52.6309, 52.5229, 52.5179, 52.922, 52.9411, 52.8641, 52.7349, 52.726, 52.547, 52.649, 52.649, 52.634, 52.669, 52.6719, 52.6719, 52.902, 52.7341, 52.5908, 52.5608, 52.5761, 52.5889, 52.654, 52.686, 52.6268, 52.6512, 52.6619, 52.6021, 52.6781, 52.6319, 52.6412, 52.6259, 52.6612, 52.6531, 52.64, 52.6059, 52.5951, 52.541, 52.5599, 52.5842, 52.6419, 52.6161, 52.5899, 52.6812, 52.6829, 52.788, 
Time to set up datastructures: 11647.4ms
50.719, 50.6911, 50.7221, 50.7438, 50.6821, 51.0581, 50.8921, 50.7219, 50.7021, 50.6771, 50.7181, 51.147, 50.7019, 50.7221, 50.684, 50.71, 50.7751, 50.6802, 50.7538, 50.787, 50.7791, 50.7219, 50.621, 50.6961, 50.756, 50.761, 50.724, 50.6809, 50.643, 50.6811, 50.657, 50.736, 50.756, 50.735, 50.6668, 50.843, 50.8561, 50.6761, 50.756, 50.6968, 50.7312, 50.637, 50.6389, 50.8401, 51.1589, 50.6699, 50.7109, 50.678, 50.7312, 50.797, 50.772, 50.704, 50.667, 50.7689, 50.725, 50.647, 50.6508, 50.7522, 50.71, 50.8502, 50.736, 50.7739, 50.76, 50.7209, 50.7081, 50.683, 50.6608, 50.7262, 50.6809, 50.705, 50.6699, 50.73, 50.7259, 50.817, 50.694, 50.7569, 50.756, 50.6771, 50.693, 50.7069, 50.7271, 50.74, 50.7059, 50.756, 50.7319, 50.6961, 50.6918, 50.719, 50.772, 50.724, 50.8921, 50.6861, 50.6639, 50.669, 50.637, 50.7052, 50.7538, 50.7181, 50.751, 50.6921, 
Time to set up datastructures: 11585.9ms
49.438, 49.2859, 49.3541, 49.314, 49.3219, 49.278, 49.2811, 49.372, 49.3259, 49.7, 49.356, 49.3321, 49.3479, 49.3882, 49.54, 49.386, 49.2949, 49.2671, 49.3081, 49.3629, 49.3281, 49.3488, 49.3162, 49.5238, 49.35, 49.262, 49.32, 49.3171, 49.2709, 49.3, 49.3231, 49.3331, 49.3269, 49.4201, 49.4881, 49.407, 49.3228, 49.3002, 49.3159, 49.382, 49.6781, 49.233, 49.3178, 49.3381, 49.33, 49.3331, 49.35, 49.2098, 49.2692, 49.444, 49.71, 49.3979, 49.396, 49.7169, 49.345, 49.4981, 49.355, 49.3219, 49.2761, 49.3309, 49.5391, 49.304, 49.356, 49.3, 49.3381, 49.243, 49.3491, 49.2969, 49.397, 49.2549, 49.464, 49.355, 49.2949, 49.253, 49.299, 49.3062, 49.3629, 49.294, 49.3789, 49.4189, 49.4912, 49.6979, 49.2172, 49.309, 49.2499, 49.428, 49.3228, 49.3259, 49.3121, 49.2899, 49.6101, 49.3438, 49.2961, 49.324, 49.336, 49.3701, 49.3221, 49.2809, 49.5031, 49.4668, 
Time to set up datastructures: 11621.9ms
48.6829, 48.5849, 48.604, 48.62, 48.6741, 48.5778, 48.5902, 48.6391, 48.6829, 48.614, 48.6789, 48.61, 48.6028, 48.6622, 48.6219, 48.631, 48.636, 48.64, 48.641, 48.6259, 48.4471, 48.5599, 48.619, 48.672, 48.5959, 48.6109, 48.6591, 48.785, 48.6679, 48.6681, 48.6789, 48.677, 48.615, 48.712, 48.6021, 48.6929, 48.595, 48.686, 48.5849, 48.5818, 48.5721, 48.7659, 48.722, 48.629, 48.599, 48.5761, 48.5709, 48.6131, 48.7061, 48.6188, 48.6002, 48.6789, 48.7781, 48.6751, 48.6851, 48.6441, 48.7099, 48.636, 48.686, 48.6219, 48.636, 48.511, 48.5981, 48.7092, 48.6279, 48.562, 48.763, 48.5861, 48.7118, 48.6681, 48.6579, 48.665, 48.682, 48.6162, 48.7819, 48.5961, 48.605, 48.6269, 48.6901, 48.6269, 48.5501, 48.62, 48.599, 48.6629, 48.6531, 48.6341, 48.5859, 48.6281, 48.666, 48.594, 48.6269, 48.65, 48.661, 48.589, 48.5761, 48.6679, 48.692, 48.661, 48.701, 49.3882, 
Time to set up datastructures: 11575ms
47.5528, 47.6, 47.6789, 47.5779, 47.5781, 47.5569, 47.7331, 48.0621, 47.606, 47.7171, 47.637, 47.564, 47.595, 47.61, 47.61, 47.601, 47.6708, 47.5929, 47.5631, 47.5721, 47.555, 47.6279, 47.611, 47.559, 47.653, 47.6201, 47.5791, 47.5609, 47.6241, 47.6139, 47.6232, 47.6079, 47.5471, 47.72, 47.683, 47.6131, 47.652, 47.658, 47.7071, 47.6019, 47.612, 47.621, 47.6148, 47.6351, 47.627, 47.6201, 47.6151, 47.554, 47.662, 47.7059, 47.6022, 47.6909, 47.6131, 47.544, 47.6389, 47.612, 47.6131, 47.672, 47.7121, 47.6799, 47.596, 47.59, 47.6141, 47.6511, 47.5829, 47.55, 47.652, 47.5791, 47.775, 47.627, 47.5919, 47.6062, 47.6098, 47.6131, 47.565, 47.61, 47.688, 47.6, 47.6301, 47.57, 47.657, 47.6279, 47.586, 47.5552, 47.5838, 47.5581, 47.6451, 47.581, 47.6069, 47.5862, 47.6339, 47.6799, 47.555, 47.612, 47.6, 47.57, 47.6201, 47.6041, 47.606, 47.6561, 
Time to set up datastructures: 11758ms
46.9501, 46.85, 46.8709, 46.8681, 46.8769, 46.8862, 46.8659, 46.8459, 46.8841, 46.8731, 46.9089, 46.89, 46.8581, 46.931, 47.003, 46.9329, 46.89, 46.875, 46.855, 46.891, 46.8452, 46.8869, 46.8979, 46.8972, 46.876, 46.8311, 46.9859, 46.8941, 46.8979, 47.08, 46.9902, 46.8659, 46.926, 46.8869, 46.8938, 46.8972, 46.8838, 46.8612, 46.8628, 46.8471, 46.84, 46.9301, 46.865, 46.8469, 46.8211, 46.8271, 46.8819, 46.922, 46.8709, 46.875, 46.8791, 47.0381, 47.003, 46.881, 46.8471, 46.86, 46.8709, 46.8819, 46.875, 46.885, 46.891, 46.876, 46.8621, 46.8471, 46.783, 46.839, 46.88, 46.8459, 46.876, 46.9661, 46.922, 46.958, 46.9022, 46.8938, 46.85, 46.802, 46.8969, 46.9022, 46.84, 46.838, 46.844, 46.905, 46.8819, 46.8709, 46.891, 46.8118, 46.8709, 46.86, 47.0281, 46.983, 46.881, 46.8729, 46.8471, 46.891, 46.8969, 46.8941, 46.9871, 46.9251, 46.855, 46.9379, 
Running TBB implementation
Time to set up datastructures: 8882.05ms
159.796, 159.53, 159.653, 159.538, 159.587, 159.595, 159.69, 159.575, 159.656, 159.8, 159.485, 159.579, 159.988, 159.677, 159.529, 159.643, 159.506, 159.571, 159.569, 159.713, 159.603, 159.62, 159.508, 159.519, 159.466, 160.087, 159.648, 159.631, 159.472, 159.551, 159.557, 159.658, 159.706, 159.735, 159.803, 159.697, 159.556, 159.889, 159.996, 159.598, 159.655, 159.556, 159.999, 159.552, 159.695, 159.556, 159.603, 159.463, 159.494, 159.541, 160.01, 159.539, 159.578, 159.505, 159.612, 159.624, 159.594, 159.752, 159.637, 159.801, 159.543, 159.53, 159.795, 159.53, 159.565, 159.575, 159.48, 159.594, 159.517, 159.637, 159.565, 159.589, 159.405, 159.465, 159.789, 159.997, 159.573, 159.557, 159.586, 159.535, 159.562, 159.618, 159.689, 159.565, 159.81, 159.553, 159.502, 159.678, 159.726, 159.745, 159.683, 159.588, 159.539, 160.213, 159.644, 159.597, 160.501, 159.553, 159.456, 159.5, 
Time to set up datastructures: 7183.25ms
111.52, 111.042, 111.329, 111.15, 111.074, 111.145, 111.149, 111.207, 111.243, 112.605, 111.32, 111.043, 111.015, 111.12, 111.279, 111.915, 111.433, 111.046, 111.094, 111.078, 111.139, 111.24, 111.03, 111.112, 111.255, 112.692, 111.207, 111.207, 111.05, 111.137, 111.094, 111.128, 111.362, 111.367, 111.397, 111.005, 110.998, 111, 111.053, 111.06, 110.995, 111.276, 111.126, 111.408, 111.944, 111.745, 111.275, 111.149, 111.078, 111.067, 111.218, 111.206, 111.376, 111.095, 111.172, 111.081, 111.055, 111.027, 111.049, 111.162, 111.383, 111.243, 111.273, 111.157, 111.011, 111.19, 111.074, 111.105, 111.215, 111.305, 111.47, 111.222, 111.134, 111.029, 111.054, 111.068, 111.063, 111.213, 111.054, 111.134, 111.43, 111.732, 111.116, 111.032, 111.238, 111.111, 111.377, 111.069, 111.236, 111.094, 111.081, 111.093, 111.027, 111.062, 111.06, 111.13, 111.384, 111.138, 111.348, 111.256, 
Time to set up datastructures: 11441.4ms
88.1588, 88.1522, 88.1, 88.1679, 88.0251, 87.9641, 88.0599, 87.9691, 88.0101, 88.0909, 88.0201, 88.0671, 88.058, 88.064, 88.1011, 88.0868, 88.1331, 88.201, 87.997, 88.0191, 88.0399, 88.0179, 88.1541, 88.093, 88.172, 88.109, 88.011, 88.053, 88.0861, 88.2249, 88.0849, 87.9979, 88.1059, 88.0902, 87.96, 88.1329, 88.047, 88.047, 88.0959, 88.0811, 88.125, 88.053, 88.0849, 88.0511, 88.0699, 88.0461, 88.078, 88.208, 88.136, 88.0382, 88.0399, 87.955, 88.0549, 88.0792, 88.033, 88.062, 87.9259, 87.955, 88.1219, 88.0768, 88.0909, 88.1789, 88.1522, 88.2149, 87.9872, 88.079, 87.986, 88.1779, 88.2061, 88.0721, 88.099, 88.1169, 88.022, 88.0778, 88.104, 88.0189, 87.9719, 87.9872, 88.1009, 87.9869, 87.971, 88.0458, 88.141, 88.1832, 88.0799, 88.064, 88.0702, 88.0198, 88.0661, 88.0821, 88.161, 88.052, 88.2118, 88.0702, 88.212, 88.1031, 87.9688, 88.1341, 88.016, 88.006, 
Time to set up datastructures: 11049.9ms
74.2118, 74.3089, 74.2891, 74.347, 74.2419, 74.348, 74.343, 74.245, 74.5111, 74.172, 74.3449, 74.384, 74.276, 74.316, 74.3091, 74.3599, 74.1799, 74.2331, 74.3139, 74.4121, 74.4691, 74.3239, 74.2769, 74.2128, 74.3482, 74.403, 74.378, 74.302, 74.3909, 74.3771, 74.2979, 74.3241, 74.3089, 74.3461, 74.3091, 74.3361, 74.3039, 74.342, 74.2731, 74.24, 74.3291, 74.286, 74.296, 74.3039, 74.1892, 74.338, 74.374, 74.3101, 74.3051, 74.2741, 74.3399, 74.2691, 74.3248, 74.2912, 74.2519, 74.3411, 74.281, 74.2691, 74.281, 74.2781, 74.3339, 74.2249, 74.337, 74.2888, 74.409, 74.3821, 74.2271, 74.28, 74.2879, 74.3082, 74.2891, 74.322, 74.3148, 74.409, 74.338, 74.3868, 74.4028, 74.3411, 74.3101, 74.3399, 74.2879, 74.244, 74.249, 74.3001, 74.301, 74.2409, 74.4119, 74.291, 74.265, 74.27, 74.2221, 74.451, 75.0041, 74.3041, 74.327, 74.3098, 74.322, 74.2049, 74.254, 74.3508, 
Time to set up datastructures: 11706.5ms
66.468, 66.535, 66.5772, 66.4849, 66.582, 66.51, 66.5052, 66.6268, 66.5872, 66.5648, 66.5102, 66.8089, 66.427, 66.51, 66.5669, 66.561, 66.5982, 66.5519, 66.4511, 66.4828, 66.4761, 66.607, 66.581, 66.586, 66.684, 66.5841, 66.5801, 66.5689, 66.5431, 66.5159, 66.4999, 66.5302, 66.4389, 66.572, 66.483, 66.534, 66.5681, 66.56, 66.6008, 66.648, 66.6201, 66.597, 66.4599, 66.617, 66.5231, 66.5369, 66.55, 66.5989, 66.6139, 66.5121, 66.5951, 66.561, 66.5538, 66.5071, 66.6001, 66.493, 66.6149, 66.4999, 66.5009, 66.4971, 66.5419, 66.473, 66.534, 66.601, 66.587, 66.519, 66.6001, 66.596, 66.4709, 66.5441, 66.54, 66.5731, 66.5338, 66.566, 66.689, 66.6108, 66.5221, 66.529, 66.4928, 66.555, 66.4918, 66.5321, 66.623, 66.468, 66.6399, 66.5171, 66.56, 66.4549, 66.5431, 66.5469, 66.57, 66.529, 66.514, 66.618, 66.5231, 66.5131, 66.5579, 66.468, 66.6802, 66.4558, 
Time to set up datastructures: 12020.3ms
60.823, 60.868, 60.9469, 60.8621, 60.9059, 60.921, 60.9541, 60.77, 60.8768, 60.8132, 60.8029, 60.848, 60.8339, 60.9078, 60.843, 60.8351, 60.8349, 60.848, 60.9272, 60.946, 60.904, 60.818, 60.858, 60.931, 61.08, 60.8149, 60.7769, 60.858, 60.828, 60.8659, 60.8332, 60.843, 60.9, 60.832, 60.8349, 60.9269, 60.7431, 60.8921, 60.813, 60.8389, 60.823, 60.8351, 60.8211, 60.8759, 60.8709, 60.9131, 60.9031, 60.8871, 60.849, 60.8349, 60.8621, 60.7951, 60.9169, 60.7331, 60.833, 60.8799, 60.915, 60.806, 60.8518, 60.8408, 60.761, 60.7882, 60.7629, 61.1491, 60.8959, 60.914, 60.7741, 60.8468, 60.9641, 60.8211, 60.7839, 60.8468, 60.8678, 60.8652, 60.776, 60.9028, 60.827, 60.8149, 60.8211, 60.9231, 60.92, 60.7979, 60.833, 60.9241, 60.864, 60.8649, 60.858, 60.7769, 60.7779, 60.8771, 61.0728, 60.7538, 60.7951, 60.8921, 60.806, 60.7769, 60.899, 60.8959, 60.8442, 60.863, 
Time to set up datastructures: 11268.6ms
57.1022, 57.2989, 57.22, 57.071, 57.1489, 57.163, 57.169, 57.014, 57.1411, 57.0691, 57.059, 57.0879, 57.138, 57.1651, 57.2598, 57.1301, 57.102, 57.189, 57.1599, 57.0681, 57.1699, 57.117, 57.137, 57.0331, 57.071, 57.0941, 57.143, 57.138, 57.1389, 57.092, 57.137, 57.039, 57.1439, 57.0531, 56.9921, 57.1439, 57.2271, 57.3001, 57.092, 57.128, 57.1351, 57.0729, 57.0221, 57.045, 57.1671, 57.014, 57.045, 57.138, 57.1451, 57.054, 57.0459, 57.1501, 57.2338, 57.0779, 57.1821, 57.256, 57.2169, 57.0061, 57.1771, 57.0819, 57.2901, 57.1489, 57.0989, 57.0021, 57.0781, 57.1759, 57.0459, 56.9561, 57.0359, 57.1392, 57.0469, 57.163, 57.2751, 57.1351, 57.0378, 57.039, 57.076, 57.1029, 57.1821, 57.1001, 57.1079, 57.0779, 57.0102, 57.0579, 57.1089, 57.0669, 57.1051, 57.055, 57.0741, 57.1201, 57.111, 57.1709, 57.122, 57.0512, 57.035, 57.076, 57.133, 57.116, 57.096, 57.059, 
Time to set up datastructures: 11482ms
55.6149, 55.598, 55.644, 55.6901, 55.778, 55.764, 55.7439, 55.6819, 55.675, 55.6531, 55.665, 55.599, 55.783, 55.6259, 55.582, 55.6481, 55.6269, 55.5449, 55.578, 55.7311, 55.732, 55.6321, 55.6629, 55.618, 55.6951, 55.593, 55.6378, 55.691, 56.8628, 56.7532, 55.9559, 55.599, 55.6371, 55.6579, 55.6309, 55.5761, 55.6829, 55.6731, 55.7718, 55.613, 55.7792, 55.753, 55.6479, 55.599, 55.6638, 55.563, 55.5999, 55.6929, 55.577, 55.7451, 55.6729, 55.5971, 55.6381, 55.676, 55.6579, 55.5642, 55.6979, 55.6409, 55.63, 55.8, 55.6831, 55.645, 55.727, 55.696, 55.6591, 55.6099, 55.65, 55.6271, 55.6788, 55.625, 55.5911, 55.6121, 55.614, 55.644, 56.1979, 55.6891, 55.768, 55.644, 55.66, 55.7148, 55.6881, 55.6669, 55.7129, 55.6822, 55.7671, 55.624, 55.63, 55.635, 55.68, 55.732, 55.548, 55.613, 55.5751, 55.5558, 55.5911, 55.7349, 55.8691, 55.6982, 55.6979, 55.6679, 
Time to set up datastructures: 11795.5ms
54.111, 54.1439, 54.2099, 54.0571, 54.157, 54.224, 54.0988, 54.1251, 54.132, 54.168, 54.095, 54.142, 54.2049, 54.1401, 54.1229, 54.096, 54.1072, 54.0869, 54.1041, 54.081, 54.208, 54.0719, 54.04, 54.2219, 54.2591, 54.183, 54.193, 54.1451, 54.143, 54.0731, 54.0569, 54.112, 54.1811, 54.0781, 54.0679, 54.106, 54.121, 54.1131, 54.0869, 54.2519, 54.059, 54.234, 54.1439, 54.163, 54.2831, 54.1759, 54.178, 54.033, 54.1382, 54.153, 54.055, 54.158, 54.1101, 54.1139, 54.1131, 54.152, 54.2009, 54.2421, 54.1179, 54.0671, 54.0459, 54.1761, 54.1558, 54.142, 54.1699, 54.2581, 54.1909, 54.1451, 54.1921, 54.1449, 54.096, 54.117, 54.1129, 54.137, 54.105, 54.1201, 54.143, 54.107, 54.1861, 54.2011, 54.132, 54.112, 54.1129, 54.2181, 54.219, 54.1341, 54.2018, 54.096, 54.1582, 54.1239, 54.091, 54.1282, 54.121, 54.095, 54.2078, 54.0972, 54.148, 54.2638, 54.2662, 54.2359, 
Time to set up datastructures: 11411.5ms
51.826, 51.8429, 51.7771, 51.765, 51.7409, 51.861, 51.827, 51.62, 51.667, 51.6801, 51.6889, 51.651, 51.748, 51.733, 51.733, 51.78, 51.748, 52.1328, 51.6739, 51.6751, 51.734, 51.837, 51.6851, 51.7249, 51.702, 51.7039, 51.7089, 51.753, 51.6469, 51.7921, 51.6551, 51.693, 51.7521, 51.7519, 51.743, 51.7471, 51.733, 51.8601, 51.76, 51.842, 51.8422, 51.9559, 51.913, 51.729, 51.7941, 51.698, 51.7561, 51.6958, 51.7511, 51.6551, 51.7359, 51.7421, 51.7421, 51.78, 51.7011, 52.001, 51.9979, 51.733, 51.7349, 51.8231, 51.815, 51.744, 51.6479, 51.7511, 51.713, 51.6889, 51.718, 51.7061, 51.79, 51.7411, 51.734, 51.7011, 51.6489, 51.626, 51.7211, 51.6219, 51.6942, 51.7991, 51.7569, 51.8591, 52.0689, 51.7399, 51.7161, 51.784, 51.6911, 51.6949, 51.6858, 51.6381, 51.6939, 51.8341, 51.7621, 51.672, 51.7678, 51.7318, 52.0151, 52.115, 51.7192, 51.76, 51.743, 51.7781, 
Time to set up datastructures: 12021.2ms
49.9849, 49.9701, 49.9358, 50.051, 49.9692, 50.0169, 49.9191, 50.065, 50.004, 49.9728, 50.0731, 49.933, 50.014, 49.9279, 49.9911, 49.9809, 49.9451, 49.9859, 49.9721, 49.9389, 49.962, 49.9799, 50.1132, 49.9539, 49.962, 49.978, 50.0908, 49.927, 49.958, 49.9308, 50.0641, 50.014, 49.9151, 49.942, 49.917, 50.0319, 49.9952, 49.9358, 49.974, 49.9511, 49.9589, 50.0622, 50.0729, 50.071, 50.0422, 50.0019, 49.9511, 49.9699, 49.9952, 50.0131, 49.9909, 49.8981, 49.958, 49.963, 49.906, 49.9389, 49.933, 49.906, 49.854, 49.9711, 49.9549, 50.0629, 50.025, 49.9661, 49.912, 50.035, 49.926, 50.0109, 49.9408, 49.9871, 50.0951, 49.993, 49.89, 49.9418, 49.9432, 49.9408, 49.9089, 50.004, 50.0782, 49.917, 49.901, 50.0021, 49.9539, 49.9539, 49.962, 50.0181, 49.9699, 50.0569, 50.0181, 49.9749, 50.0181, 49.999, 49.9351, 49.938, 50.3731, 50.1759, 50.005, 49.9551, 49.9029, 49.9852, 
Time to set up datastructures: 11432.6ms
50.015, 49.9351, 50.045, 49.979, 49.9461, 50.0178, 49.963, 49.912, 49.9611, 49.9749, 49.9239, 49.9091, 49.9609, 49.9821, 49.989, 49.942, 49.9289, 49.9978, 49.9651, 49.9151, 49.9778, 49.9382, 49.922, 49.9399, 49.988, 49.9671, 49.932, 49.9129, 49.948, 49.9582, 49.9399, 49.948, 49.9201, 49.9239, 49.979, 50.416, 49.9871, 49.9451, 49.9928, 50.1301, 49.9561, 49.922, 50.0479, 49.9811, 49.993, 50.061, 49.9749, 50.1502, 49.984, 49.979, 49.974, 49.9709, 49.9091, 49.9511, 50.158, 49.926, 49.974, 49.963, 49.933, 50.0212, 50.04, 50.005, 49.948, 49.9339, 49.953, 50.015, 49.9401, 50.041, 49.9761, 49.938, 49.9651, 49.968, 49.9239, 49.9151, 49.9039, 49.9558, 49.9852, 49.9671, 49.948, 49.9969, 49.952, 49.9661, 50.0419, 49.9699, 49.9132, 50.0031, 50.1609, 49.943, 49.907, 50.0281, 49.9439, 49.9442, 49.943, 49.979, 49.962, 49.8829, 49.9542, 49.916, 49.942, 49.9499, 
Time to set up datastructures: 11600.9ms
49.103, 49.129, 49.083, 49.1009, 49.0582, 49.1228, 49.1052, 49.114, 49.118, 49.058, 49.3329, 49.1202, 49.1021, 49.057, 49.0148, 49.0861, 49.0999, 49.087, 49.0801, 49.1529, 49.031, 49.077, 49.119, 49.1521, 49.089, 49.0491, 49.1021, 49.0139, 49.052, 49.0739, 49.021, 49.0639, 49.1481, 49.016, 49.14, 49.1149, 49.094, 49.051, 49.094, 49.0661, 49.041, 49.165, 49.125, 49.0949, 49.1111, 49.0921, 49.0899, 49.1321, 49.1278, 49.093, 49.057, 49.078, 49.0341, 49.057, 49.068, 49.0761, 49.063, 49.161, 49.1021, 49.221, 49.1409, 49.0901, 49.0808, 49.1281, 49.113, 49.0429, 49.1881, 49.0739, 49.0808, 49.145, 49.0439, 49.051, 49.1121, 49.1219, 49.0701, 49.0971, 49.1149, 49.0689, 49.0391, 49.13, 49.0429, 49.062, 49.0799, 49.0739, 49.088, 49.104, 49.0949, 49.0861, 49.125, 49.1211, 49.125, 49.088, 49.1281, 49.108, 49.037, 49.0611, 49.0899, 49.4118, 49.1211, 49.1421, 
Running TBB_graphs implementation with double the amount of partitions than threads
Time to set up datastructures: 6053.46ms
159.809, 159.985, 159.713, 159.745, 159.735, 159.766, 160.076, 159.923, 159.938, 159.929, 159.722, 159.954, 160.06, 160.013, 159.908, 159.852, 159.742, 160.046, 159.767, 159.743, 159.721, 160.102, 159.801, 159.823, 159.819, 159.808, 159.981, 159.817, 159.794, 159.699, 159.716, 159.853, 159.821, 159.805, 159.943, 159.736, 159.627, 159.756, 159.812, 159.859, 160.047, 159.73, 159.717, 159.782, 159.926, 159.836, 159.799, 159.71, 159.733, 159.719, 159.793, 160.033, 159.753, 159.696, 159.756, 159.627, 159.924, 159.78, 159.784, 159.965, 159.916, 159.715, 159.866, 159.836, 160.285, 159.908, 159.653, 159.801, 159.717, 159.833, 159.632, 160.472, 159.929, 159.714, 159.89, 160.039, 159.985, 159.918, 160.256, 159.87, 159.682, 159.837, 159.868, 159.736, 160.018, 159.759, 159.67, 159.891, 159.827, 159.933, 159.947, 159.867, 159.731, 159.645, 160.075, 159.756, 159.738, 159.839, 159.936, 159.898, 
Time to set up datastructures: 6014.77ms
111.949, 111.803, 126.045, 112.579, 111.329, 111.48, 120.609, 112.321, 112.983, 111.737, 111.133, 111.297, 111.335, 111.476, 111.774, 111.706, 124.921, 113.177, 111.438, 111.924, 112.151, 111.818, 111.935, 111.746, 111.987, 112.407, 112.1, 112.195, 111.605, 112.04, 111.749, 111.894, 111.896, 111.944, 112.058, 112.165, 111.959, 111.926, 111.982, 112.25, 111.911, 112.302, 111.878, 111.967, 111.878, 112.232, 111.969, 111.791, 111.881, 111.829, 112.041, 111.876, 112.065, 111.979, 112.169, 112.685, 111.762, 111.822, 111.909, 111.878, 112.119, 112.239, 112.054, 112.232, 111.695, 111.796, 111.947, 112.267, 111.764, 111.886, 112.01, 111.998, 111.956, 112.245, 112.027, 111.871, 111.981, 111.865, 111.811, 112.911, 111.749, 111.846, 112.163, 111.725, 111.937, 112.331, 112.208, 111.144, 124.743, 114.922, 114.057, 111.9, 111.229, 111.247, 125.342, 112.364, 118.462, 112.036, 111.603, 111.907, 
Time to set up datastructures: 6024.4ms
89.633, 89.1762, 89.1609, 89.431, 89.1049, 89.1681, 89.2642, 89.2758, 89.0942, 90.193, 89.129, 89.2, 89.1788, 89.1051, 89.2889, 89.0701, 89.1449, 89.2949, 89.246, 89.277, 89.159, 89.03, 98.238, 93.0009, 89.73, 89.2608, 89.0741, 89.3059, 89.113, 89.047, 89.1321, 89.2539, 89.165, 89.2451, 89.277, 89.081, 89.2661, 89.211, 89.227, 89.0379, 89.2081, 89.2549, 89.1292, 89.3159, 89.2291, 89.056, 89.236, 89.2189, 89.674, 89.165, 89.169, 89.133, 89.3221, 89.103, 89.236, 89.1571, 89.2889, 89.144, 89.191, 89.169, 89.242, 89.6001, 89.149, 89.1511, 97.5158, 92.7422, 89.474, 89.2739, 89.154, 89.1249, 89.113, 89.314, 89.1771, 89.149, 89.108, 89.087, 89.124, 89.3118, 89.1218, 89.087, 89.092, 96.2751, 93.761, 89.484, 89.149, 95.9902, 92.963, 89.282, 89.2689, 89.3531, 89.119, 89.15, 89.0679, 89.0751, 89.0169, 89.0479, 89.3199, 89.205, 89.0741, 89.2348, 
Time to set up datastructures: 6021.22ms
74.4848, 74.614, 74.429, 74.4131, 74.4328, 74.4832, 74.374, 74.446, 74.5342, 74.4829, 74.4832, 74.4019, 74.465, 74.5292, 74.486, 74.379, 74.486, 74.4219, 74.4131, 74.435, 74.4681, 74.512, 74.3649, 74.528, 74.589, 74.4181, 74.441, 74.3821, 74.4469, 74.445, 74.5511, 74.4989, 74.507, 74.4331, 74.4309, 74.5661, 74.4081, 74.43, 74.439, 74.574, 74.6231, 74.4989, 74.348, 74.5142, 74.517, 74.538, 74.4569, 74.3699, 74.4362, 74.45, 74.4059, 74.4331, 74.4381, 74.3239, 74.496, 74.6181, 74.4939, 74.472, 74.4441, 74.47, 74.451, 74.4138, 74.4312, 74.362, 74.506, 74.4679, 74.4162, 74.43, 74.522, 74.419, 74.491, 74.3868, 74.4851, 74.4491, 74.405, 74.393, 74.517, 74.3339, 74.512, 74.4371, 74.378, 74.4629, 74.4162, 74.3759, 74.4991, 74.4309, 74.5342, 74.3818, 74.491, 74.487, 74.3332, 74.4159, 74.3921, 74.4009, 74.4548, 74.5401, 74.419, 74.3508, 74.4102, 74.4669, 
Time to set up datastructures: 6000.3ms
65.4929, 65.6681, 65.6788, 65.5792, 65.536, 65.475, 65.4619, 65.5141, 65.5639, 65.6531, 65.5789, 65.536, 65.696, 65.6199, 65.5861, 65.665, 67.8511, 65.8228, 65.6848, 65.6211, 65.654, 65.4829, 65.4871, 65.464, 65.5448, 65.577, 65.5491, 65.5639, 65.6581, 65.661, 65.603, 65.485, 65.5351, 65.551, 70.926, 71.312, 66.092, 65.6521, 65.589, 65.6021, 65.5279, 65.5651, 65.743, 65.5248, 65.6328, 65.5131, 65.661, 65.661, 65.5901, 65.593, 65.443, 65.5019, 65.747, 65.6219, 65.618, 65.557, 65.6691, 65.527, 65.5801, 65.537, 65.5231, 65.6359, 65.7251, 65.6629, 65.5971, 65.6741, 65.522, 65.6991, 65.5668, 65.4938, 65.448, 65.6672, 65.449, 65.778, 65.5849, 65.6061, 65.4669, 65.506, 65.603, 65.6409, 65.439, 65.64, 65.4812, 65.5198, 65.6111, 65.5029, 65.603, 65.5382, 65.5069, 65.5839, 70.8442, 67.7488, 65.8851, 65.649, 65.6071, 66.2141, 65.6679, 65.563, 65.5551, 65.4931, 
Time to set up datastructures: 6014.81ms
60.9369, 60.904, 60.94, 60.9331, 77.4438, 64.9011, 61.8601, 60.9958, 61.024, 60.9751, 61.0421, 60.9488, 61.007, 61.012, 60.925, 61.1501, 60.9391, 60.961, 60.936, 60.941, 60.8809, 60.8761, 60.8749, 64.997, 65.182, 65.3808, 61.584, 60.8592, 61.0819, 61.0561, 60.9858, 60.884, 61.0771, 60.791, 60.9989, 60.9992, 60.8959, 60.931, 61.0261, 61.039, 61.1961, 61.048, 60.7789, 60.93, 60.9701, 61.0709, 60.889, 61.0099, 61.029, 60.982, 60.9441, 61.0211, 60.8509, 60.9591, 60.8969, 60.9012, 60.9128, 61.079, 61.074, 60.93, 60.9901, 61.0678, 61.0051, 60.878, 60.9469, 60.9419, 61.0242, 61.0008, 60.94, 60.956, 61.0261, 60.9848, 60.9751, 60.993, 60.9131, 61.018, 61.094, 60.981, 60.956, 61.0528, 61.0311, 60.9841, 61.0468, 61.0528, 60.9841, 60.9779, 61.0271, 60.921, 61.0809, 60.8721, 60.981, 61.059, 60.956, 60.95, 61.0399, 60.8292, 61.1589, 60.9331, 60.895, 61.1441, 
Time to set up datastructures: 6004.8ms
56.38, 56.428, 56.448, 56.473, 56.4919, 56.432, 56.586, 56.3769, 56.3841, 56.3788, 56.3972, 56.4768, 56.3462, 56.5009, 56.473, 56.412, 56.4411, 56.3829, 56.349, 56.479, 56.3822, 56.273, 56.3941, 56.4549, 56.324, 56.421, 56.3989, 56.5541, 56.4151, 56.433, 56.3259, 56.329, 56.391, 56.3388, 56.4232, 56.2599, 56.282, 58.845, 57.0982, 56.4339, 56.385, 56.4599, 56.427, 56.3271, 56.4129, 56.381, 56.741, 56.705, 56.653, 56.529, 56.654, 56.5422, 56.309, 56.5679, 56.453, 56.438, 56.4642, 56.426, 56.576, 56.5398, 56.4032, 56.221, 56.5019, 56.685, 56.576, 56.412, 56.565, 56.5882, 56.437, 56.5701, 56.535, 56.4749, 56.459, 56.484, 56.3872, 56.258, 56.375, 56.4561, 56.3579, 56.6781, 56.6311, 56.217, 56.5059, 56.318, 56.555, 56.3591, 56.4308, 56.407, 56.397, 56.4899, 60.463, 57.435, 56.5851, 56.3841, 56.3688, 56.3879, 56.443, 56.402, 56.7651, 56.6771, 
Time to set up datastructures: 6010.58ms
53.323, 53.3071, 53.3719, 53.2999, 53.3011, 53.354, 53.3969, 53.3261, 53.196, 53.4861, 53.2069, 53.4761, 53.34, 53.3011, 53.299, 55.984, 58.8911, 54.0359, 53.4511, 53.3581, 53.2858, 53.2348, 53.4379, 53.3099, 53.5231, 53.3869, 53.4501, 53.3719, 53.3471, 53.2789, 53.354, 53.2441, 53.266, 53.386, 53.431, 53.201, 53.359, 53.452, 53.3059, 53.3612, 53.381, 53.51, 53.4611, 65.568, 56.567, 53.7641, 53.4821, 53.329, 53.2398, 56.6251, 54.244, 53.417, 53.3171, 53.3509, 53.324, 53.365, 53.267, 53.287, 53.3299, 53.2, 53.3719, 53.5271, 53.4408, 53.2959, 53.3869, 53.5491, 53.4849, 53.437, 53.2601, 53.411, 53.4248, 53.359, 53.3311, 53.3988, 53.3731, 53.509, 53.3979, 53.364, 53.359, 53.401, 53.267, 53.3161, 53.2441, 53.5169, 53.38, 53.299, 53.324, 53.273, 53.278, 53.2072, 53.2, 53.3788, 53.458, 53.395, 53.221, 53.3059, 53.297, 53.3271, 53.3199, 56.2801, 
Time to set up datastructures: 6008.71ms
51.5749, 51.5659, 51.537, 51.549, 51.6391, 51.5308, 51.6262, 51.609, 51.4898, 51.5862, 51.626, 51.584, 51.5909, 51.6021, 51.5609, 51.609, 51.5971, 51.688, 52.0658, 51.8131, 51.6329, 51.573, 51.5461, 51.5239, 51.4822, 51.605, 51.544, 51.5211, 51.61, 51.6779, 51.6109, 51.5978, 51.5771, 51.517, 51.5301, 51.6219, 51.5771, 51.5859, 54.4689, 56.0572, 54.9338, 52.011, 51.579, 51.645, 51.584, 51.6529, 51.5389, 51.595, 51.712, 51.6949, 51.554, 51.5511, 51.646, 51.6689, 51.6429, 51.501, 51.7631, 51.7359, 51.7662, 51.6219, 51.692, 51.6279, 51.553, 51.589, 51.5451, 51.7149, 51.599, 51.5831, 51.652, 51.7581, 51.6181, 51.5549, 51.527, 51.6241, 51.681, 51.5728, 51.7318, 51.6951, 51.6379, 62.042, 54.6961, 54.7781, 52.15, 51.6469, 51.7609, 51.568, 51.5811, 51.595, 51.621, 51.631, 51.6572, 51.6238, 51.578, 51.5251, 51.662, 51.568, 51.5678, 51.6059, 51.579, 51.5041, 
Time to set up datastructures: 6028.7ms
51.4979, 51.5511, 53.581, 52.2151, 51.5869, 51.604, 51.609, 51.6849, 51.5471, 51.708, 51.6722, 51.631, 51.6119, 51.5521, 51.8651, 51.513, 51.563, 51.5819, 51.6212, 53.916, 53.956, 51.9369, 54.1582, 52.1948, 51.5461, 51.5809, 51.517, 51.542, 51.532, 51.615, 51.63, 51.4851, 51.5611, 51.971, 51.651, 51.476, 51.5001, 51.631, 51.6591, 51.4998, 51.4662, 51.6689, 51.7991, 51.4481, 51.5409, 51.4569, 51.6362, 51.5928, 51.6732, 53.4489, 55.3401, 52.084, 51.6551, 51.5771, 51.6598, 51.599, 51.621, 51.579, 51.594, 51.564, 51.4579, 51.5671, 51.414, 51.609, 51.5969, 51.614, 51.5869, 51.6381, 51.645, 51.6229, 51.5132, 51.887, 51.8448, 51.9781, 51.4939, 51.6059, 51.537, 51.5981, 51.502, 51.7621, 52.3839, 51.723, 51.5471, 51.62, 51.553, 51.6109, 51.59, 51.5499, 51.6112, 51.614, 51.4669, 52.412, 51.9319, 51.4572, 51.6369, 51.5649, 51.625, 51.4781, 51.559, 51.6829, 
Time to set up datastructures: 6000.88ms
48.7769, 48.8298, 48.758, 48.8422, 48.7349, 48.6951, 48.816, 48.8989, 48.82, 48.841, 48.707, 48.6891, 48.6979, 48.656, 50.523, 49.1309, 48.6989, 48.6791, 48.758, 48.6779, 48.991, 48.738, 48.8348, 48.9259, 48.7552, 48.7318, 48.7642, 48.5878, 48.81, 48.79, 48.589, 48.6979, 48.7361, 48.887, 48.7399, 48.7142, 48.7061, 48.8188, 48.682, 48.7258, 48.6162, 48.79, 48.723, 48.7721, 48.6739, 48.6829, 48.6882, 48.8079, 48.7232, 48.6829, 48.7709, 48.7931, 48.6901, 48.806, 48.82, 48.6801, 48.8241, 48.6929, 48.6231, 48.6989, 48.7299, 48.8281, 48.6059, 48.744, 48.83, 48.7192, 48.738, 48.6619, 48.82, 48.5449, 48.8482, 48.619, 48.666, 48.605, 48.6741, 48.738, 48.7339, 48.7339, 48.738, 48.7351, 48.672, 48.7239, 50.633, 49.0549, 48.841, 48.81, 48.7292, 48.6228, 48.6159, 48.6832, 50.58, 49.0079, 48.7211, 48.9728, 48.8081, 48.681, 48.7111, 48.7618, 48.826, 48.62, 
Time to set up datastructures: 6040.01ms
48.115, 48.0778, 48.0762, 48.064, 48.146, 48.157, 48.074, 48.0878, 48.0762, 48.1129, 48.1601, 48.1761, 48.182, 49.9671, 50.3359, 50.1311, 48.6209, 48.095, 48.0752, 48.1648, 48.1081, 48.1529, 48.1219, 48.1288, 48.13, 48.1021, 48.1179, 56.499, 49.1681, 48.126, 48.161, 48.2681, 48.1009, 48.089, 48.043, 48.1441, 48.0828, 48.0242, 48.0809, 48.1451, 48.1451, 48.1548, 48.0502, 48.0909, 48.0819, 48.043, 48.1908, 48.0411, 48.0671, 48.1489, 47.991, 48.0821, 48.0738, 48.017, 48.09, 48.161, 48.1038, 48.0509, 48.121, 48.1532, 48.1009, 48.1739, 48.1112, 48.07, 48.1069, 48.126, 48.1062, 48.0349, 48.171, 48.368, 48.1791, 48.1558, 48.0599, 48.2099, 48.0871, 48.3179, 48.2361, 48.074, 48.172, 48.2569, 48.0981, 48.125, 48.1219, 48.178, 48.0871, 48.1069, 48.1641, 48.0559, 48.197, 48.095, 48.0781, 48.0731, 48.12, 48.6529, 48.27, 48.1229, 48.0771, 48.038, 48.1, 48.1529, 
Time to set up datastructures: 6004.08ms
47.471, 47.436, 47.497, 47.5471, 47.5879, 47.478, 47.4792, 47.488, 47.5168, 47.5521, 47.58, 47.502, 47.6151, 47.493, 47.435, 47.5321, 47.4789, 47.4441, 47.4749, 47.4961, 47.502, 47.456, 47.6279, 47.442, 47.6151, 47.4751, 47.5049, 47.564, 47.421, 47.56, 47.4331, 47.5199, 47.493, 47.565, 47.4291, 47.519, 47.4792, 47.4448, 47.4391, 47.488, 47.6301, 47.442, 47.507, 47.4288, 47.5452, 47.5149, 47.4789, 47.462, 47.5192, 47.4889, 47.466, 47.4439, 47.5631, 47.6, 47.5271, 47.374, 47.4989, 48.9891, 48.979, 47.9119, 47.524, 47.4741, 47.591, 47.5051, 47.4629, 47.519, 47.4641, 47.483, 47.3809, 47.5099, 47.4401, 47.4842, 47.5349, 47.5249, 47.5011, 47.539, 47.478, 47.4739, 47.5061, 47.7538, 47.4958, 47.497, 47.472, 47.456, 47.5161, 47.5349, 47.4801, 47.6079, 55.479, 48.1372, 47.565, 47.461, 47.5049, 47.4641, 47.5109, 47.497, 47.5361, 47.5719, 47.5352, 47.502, 
Running Threadpool implementation with double the amount of partitions than threads
Time to set up datastructures: 6153.1ms
160.025, 160.023, 160.229, 160.302, 159.971, 160.011, 170.259, 160.971, 160.076, 160.293, 163.18, 160.108, 175.513, 161.563, 160.355, 160.088, 160.003, 160.116, 168.461, 160.776, 159.957, 160.151, 160.902, 160.028, 160.245, 159.959, 160.138, 160.483, 160.186, 160.004, 160.194, 171.486, 160.922, 160.139, 160.976, 161.887, 160.112, 160.003, 160.116, 160.109, 160.279, 160.017, 160.04, 160.148, 170.016, 160.609, 169.947, 160.933, 160.046, 160.038, 164.322, 160.267, 160.675, 160.108, 160.06, 160.123, 159.99, 160.178, 160.356, 169.8, 160.597, 160.071, 160.227, 159.993, 160.498, 176.043, 160.989, 160.306, 160.168, 168.003, 160.729, 171.746, 161.278, 160.01, 159.938, 159.901, 159.98, 160.473, 160.871, 160.032, 160.026, 159.979, 159.833, 160.316, 170.348, 160.715, 159.974, 159.952, 165.56, 160.727, 160.045, 160.46, 160.07, 159.971, 159.947, 159.953, 160.375, 159.911, 172.057, 169.003, 
Time to set up datastructures: 6139.26ms
112.001, 119.178, 112.048, 123.334, 114.073, 111.843, 119.766, 112.586, 112.035, 111.631, 111.476, 111.602, 119.92, 112.457, 111.579, 111.535, 122.447, 119.805, 111.881, 111.531, 111.425, 111.59, 122.006, 112.818, 121.32, 112.487, 112.099, 111.778, 117.49, 112.144, 111.605, 111.595, 111.482, 111.595, 111.879, 111.648, 111.651, 126.689, 123.812, 118.139, 118.199, 113.177, 111.912, 112.462, 117.455, 111.753, 111.511, 111.78, 111.599, 132.199, 113.909, 111.805, 111.723, 111.652, 111.65, 111.623, 111.556, 111.746, 111.577, 118.383, 121.424, 118.41, 112.441, 111.648, 111.569, 111.529, 112.159, 111.536, 111.614, 112.096, 111.703, 111.64, 118.13, 122.123, 112.716, 111.652, 111.535, 118.438, 112.22, 111.805, 111.49, 111.576, 111.68, 111.742, 111.686, 111.62, 111.581, 119.325, 111.992, 111.716, 111.525, 111.584, 111.605, 111.696, 111.601, 111.591, 111.653, 111.99, 111.618, 117.903, 
Time to set up datastructures: 6125.56ms
88.8481, 89.1769, 88.9242, 88.876, 88.7749, 88.8722, 88.7508, 88.6521, 88.979, 89.0059, 88.846, 97.753, 89.57, 88.8281, 88.8259, 88.8281, 89.0388, 88.9261, 89.1302, 88.989, 88.8469, 89.087, 88.758, 89.8571, 95.6399, 89.668, 90.0459, 89.1271, 88.8751, 88.7389, 95.54, 89.5422, 88.86, 88.892, 88.8779, 95.3751, 89.9861, 88.8629, 88.903, 88.9039, 88.8581, 88.9659, 88.7971, 88.9201, 88.901, 96.7839, 89.5181, 88.892, 89.097, 88.9659, 88.9969, 88.8441, 89.0491, 89.1418, 88.851, 88.8991, 88.8069, 88.9342, 88.877, 88.887, 88.948, 88.8579, 95.9041, 89.5388, 89.498, 94.79, 89.2029, 90.7831, 89.3331, 88.8419, 89.869, 89.0639, 89.1092, 89.036, 88.752, 88.82, 88.8419, 89.89, 89.0281, 88.897, 98.8619, 89.6101, 88.887, 88.856, 88.9089, 88.897, 95.4139, 89.267, 88.9409, 88.912, 88.9752, 88.8898, 96.7832, 89.772, 97.2021, 89.6299, 88.8252, 88.8069, 88.8171, 96.6949, 
Time to set up datastructures: 6121.4ms
74.6689, 74.805, 74.7261, 80.9009, 79.8471, 75.4409, 74.9891, 74.692, 74.6489, 74.7442, 74.7828, 74.7242, 74.7869, 74.7421, 74.6439, 74.8112, 74.8169, 74.801, 74.8332, 74.9378, 74.9278, 74.8179, 80.5411, 80.8969, 75.851, 74.918, 74.8432, 74.7728, 74.825, 74.8391, 74.8889, 74.8651, 74.918, 74.7509, 74.7731, 74.791, 74.7471, 74.805, 74.9049, 74.8219, 74.9061, 74.8479, 74.8341, 74.841, 74.831, 74.9152, 74.971, 75.1359, 74.825, 74.825, 75.1128, 74.8241, 74.8589, 74.842, 74.836, 74.7709, 74.728, 74.9111, 74.76, 74.7969, 74.8591, 74.7709, 74.7972, 74.841, 74.805, 74.9171, 74.9059, 74.8391, 74.8088, 74.7671, 74.8091, 74.806, 74.78, 74.8191, 74.898, 74.739, 74.893, 74.806, 74.805, 74.8341, 74.7731, 74.837, 74.8608, 74.8708, 74.8732, 74.8489, 74.749, 74.789, 74.863, 74.7788, 74.7752, 74.8329, 74.81, 74.744, 74.8179, 74.8162, 74.827, 74.863, 74.815, 74.908, 
Time to set up datastructures: 6133.35ms
67.287, 67.6851, 67.682, 66.8309, 66.9401, 67.184, 67.616, 67.647, 67.9331, 66.854, 66.9441, 67.086, 67.4319, 67.636, 66.7441, 66.925, 71.0399, 70.864, 70.9598, 67.5139, 67.4949, 66.783, 66.879, 66.7651, 67.0378, 67.4782, 67.8079, 70.8871, 71.547, 67.6389, 71.0862, 67.45, 67.6079, 67.615, 67.8201, 66.7951, 66.988, 67.2719, 67.6, 67.6799, 72.613, 68.202, 67.4262, 67.6899, 67.7152, 66.7088, 66.9742, 67.286, 67.5111, 67.5769, 66.8118, 66.818, 68.84, 67.2259, 67.1339, 67.142, 72.1471, 68.686, 66.761, 70.926, 70.4691, 67.5688, 67.518, 68.1288, 67.7722, 66.7131, 66.9849, 67.26, 67.533, 67.6839, 67.729, 67.78, 68.084, 66.957, 68.1741, 70.466, 68.8131, 67.1999, 67.271, 67.3811, 67.771, 67.8, 67.893, 67.986, 66.7999, 66.8669, 67.2221, 67.5929, 66.648, 66.813, 67.1601, 67.5879, 67.549, 67.8828, 67.734, 68.121, 66.8879, 67.0762, 67.245, 67.512, 
Time to set up datastructures: 6172.14ms
59.9189, 59.9141, 59.8841, 60.04, 60.0641, 59.803, 60.1599, 59.9029, 59.9411, 59.968, 60.0851, 59.974, 59.938, 60.0338, 60.01, 60.0159, 60.0491, 59.9511, 60.0131, 59.7398, 59.736, 60.0281, 60.0269, 59.952, 60.056, 60.195, 60.055, 60.149, 60.025, 60.0231, 59.864, 59.983, 60.1008, 60.065, 59.8419, 59.7479, 60.076, 60.1189, 60.2019, 59.9651, 59.962, 60.0209, 60.034, 59.881, 59.9949, 59.9971, 60.024, 59.9589, 60.0011, 59.7739, 60.1292, 60.1699, 59.9489, 59.9871, 60.149, 60.0359, 60.1702, 59.9258, 59.9301, 59.9661, 60.01, 60.1931, 59.9079, 59.9122, 59.9298, 59.9101, 59.9339, 59.9501, 60.0171, 60.075, 60.0359, 60.009, 60.0739, 59.9811, 59.9411, 60.041, 60.0059, 59.9751, 59.931, 60.0579, 60.045, 60.0681, 60.2069, 59.931, 59.886, 60.019, 59.9849, 59.9122, 60.123, 60.041, 60.0829, 59.9689, 60.009, 59.9492, 60.1211, 59.936, 59.85, 60.004, 60.1389, 59.792, 
Time to set up datastructures: 6130.81ms
57.837, 56.7632, 56.4559, 56.282, 56.529, 59.6049, 59.7191, 58.073, 56.828, 56.32, 56.494, 56.294, 57.0202, 59.984, 57.4229, 56.5751, 56.499, 56.3471, 56.34, 56.385, 60.0741, 58.7111, 56.756, 56.402, 57.1041, 57.971, 56.807, 56.886, 56.73, 56.6199, 56.469, 57.0831, 56.4821, 56.869, 56.731, 56.603, 56.3841, 56.483, 56.643, 60.827, 59.9611, 59.968, 57.9479, 56.905, 56.3869, 59.6738, 59.1192, 57.7648, 59.4182, 57.868, 56.7749, 56.2742, 56.2859, 56.2892, 56.2599, 56.3869, 59.623, 58.0988, 56.5462, 56.3278, 56.4399, 56.376, 56.3161, 56.231, 56.9971, 56.9229, 56.7169, 56.515, 56.3259, 56.401, 56.9551, 56.916, 56.735, 56.6139, 56.2439, 56.3662, 56.2429, 57.0061, 56.7219, 56.4511, 56.54, 56.5269, 56.3841, 56.376, 56.427, 56.572, 56.422, 56.5319, 56.3731, 56.4499, 56.3991, 56.5879, 56.5829, 56.4859, 56.5951, 56.447, 56.716, 56.3922, 56.474, 56.5569, 
Time to set up datastructures: 6122.88ms
55.5689, 55.4569, 55.788, 55.609, 55.4712, 55.5398, 58.378, 58.5241, 56.4771, 55.557, 55.656, 55.892, 55.4762, 55.784, 55.5758, 55.4872, 55.438, 55.5539, 55.542, 55.3191, 55.5298, 58.3632, 57.3928, 55.8832, 55.4669, 55.4361, 55.6259, 55.4161, 55.3038, 55.4042, 55.4919, 58.2719, 59.541, 58.8551, 56.3819, 55.82, 55.4249, 57.385, 58.284, 55.846, 55.3551, 55.496, 55.469, 55.5291, 55.429, 55.4161, 55.469, 58.5489, 55.9981, 55.732, 55.464, 55.444, 55.3958, 55.433, 55.4929, 55.505, 55.321, 55.3272, 55.4068, 55.4481, 55.455, 58.3282, 58.7699, 58.3, 56.7091, 55.7768, 55.481, 55.4559, 55.383, 55.512, 55.793, 55.4709, 55.496, 55.6569, 55.4671, 55.3849, 55.352, 55.403, 55.531, 55.4481, 55.4769, 55.5222, 55.438, 55.4039, 55.505, 55.5239, 55.4562, 55.5201, 55.603, 55.707, 55.7139, 55.315, 55.434, 55.428, 55.475, 55.6028, 55.5651, 55.506, 57.956, 60.0281, 
Time to set up datastructures: 6129.67ms
52.633, 56.2329, 54.517, 53.1301, 54.858, 53.2501, 52.804, 55.166, 55.521, 55.577, 53.3309, 52.8772, 52.846, 52.65, 53.0419, 55.243, 53.3152, 52.829, 53.3319, 52.6719, 52.633, 53.4461, 52.866, 52.8741, 52.7329, 55.8491, 53.7808, 52.7041, 52.6781, 52.8641, 52.7918, 52.808, 52.7151, 52.772, 52.732, 52.675, 52.803, 52.8469, 52.6311, 52.5169, 52.7129, 52.7349, 52.6922, 52.5839, 52.592, 52.5382, 52.5498, 52.5682, 52.6659, 52.577, 52.634, 52.4871, 52.6628, 52.526, 52.6228, 55.15, 53.288, 52.624, 52.6109, 52.7401, 52.695, 52.798, 52.753, 52.64, 52.69, 52.8681, 52.7129, 52.629, 52.5839, 52.9289, 52.6512, 52.757, 52.712, 52.5181, 52.705, 52.5889, 52.7339, 52.4821, 52.597, 52.8719, 52.628, 52.7298, 52.696, 52.8009, 52.618, 52.7461, 52.773, 52.876, 52.705, 52.628, 52.5951, 52.6578, 52.628, 52.593, 52.5372, 52.541, 52.5959, 56.1461, 55.352, 53.0429, 
Time to set up datastructures: 6122.18ms
51.477, 51.415, 51.4619, 51.3821, 51.2819, 51.5361, 51.316, 51.3589, 51.42, 51.4579, 53.6509, 53.8511, 51.856, 51.3401, 51.3179, 51.327, 51.5161, 51.3511, 52.319, 51.5749, 51.5099, 51.259, 51.3918, 53.2951, 51.9168, 51.429, 51.424, 51.286, 51.5168, 51.9278, 51.6982, 51.4948, 51.47, 51.614, 51.538, 51.3279, 51.4638, 51.4491, 51.4781, 51.5289, 51.4262, 51.573, 51.2938, 51.322, 51.502, 51.6121, 51.1839, 51.3821, 51.5571, 52.036, 51.5749, 51.446, 51.3899, 51.4059, 51.4472, 51.3189, 51.2891, 51.4219, 51.378, 51.4431, 51.369, 51.45, 51.4359, 51.3568, 51.5199, 51.47, 51.5721, 51.446, 51.3442, 51.538, 51.327, 51.3551, 51.307, 51.3649, 51.3411, 51.357, 51.3871, 51.301, 51.4309, 51.403, 51.3899, 51.446, 51.3761, 51.4901, 51.389, 51.3432, 51.4719, 51.477, 52.429, 52.2468, 51.6698, 51.2762, 51.3568, 51.2731, 51.384, 51.3861, 51.528, 51.3492, 51.5878, 51.502, 
Time to set up datastructures: 6124.41ms
50.231, 50.154, 50.0801, 50.097, 50.1449, 50.0262, 52.17, 51.3508, 52.356, 53.7, 51.748, 50.4789, 50.158, 50.014, 50.1769, 50.2729, 50.081, 50.2849, 50.0901, 50.195, 50.1089, 50.0779, 50.0782, 50.2288, 50.1032, 50.1978, 50.0822, 50.2069, 50.1621, 50.148, 53.302, 51.7499, 50.3631, 50.0939, 50.072, 50.101, 50.169, 51.897, 50.4811, 50.051, 50.132, 50.051, 50.0579, 49.942, 50.2028, 50.102, 50.169, 49.983, 50.0569, 49.963, 50.0951, 49.933, 50.1521, 50, 50.117, 50.0731, 50.154, 50.081, 49.999, 50.035, 50.0419, 49.9821, 49.943, 50.204, 49.968, 50.1909, 50.277, 50.1771, 49.9921, 50.1339, 49.9289, 50.1401, 49.9699, 50.0901, 50.1869, 50.0951, 50.0581, 50.1299, 50.0319, 50.102, 50.112, 50.1449, 50.0171, 50.1249, 50.0481, 49.9618, 51.764, 50.148, 50.1308, 50.0422, 50.0228, 50.1091, 50.173, 50.0948, 50.1711, 50.046, 50.0951, 52.4378, 50.422, 50.102, 
Time to set up datastructures: 6126.56ms
47.7061, 47.756, 47.8811, 47.9159, 47.7169, 47.9269, 47.823, 47.8041, 47.7421, 47.7769, 47.8101, 47.6959, 51.533, 49.7561, 48.197, 47.7409, 47.8051, 47.7219, 47.7052, 47.8289, 47.9, 47.7951, 47.725, 47.7061, 47.6789, 47.7481, 47.7219, 47.7562, 47.6761, 47.7288, 47.7409, 47.7381, 47.7149, 47.8959, 47.8151, 47.8849, 47.718, 47.7581, 49.8228, 48.7871, 48.063, 47.8599, 49.4311, 48.8219, 49.886, 49.8469, 48.403, 48.116, 48.0502, 48.074, 47.9648, 47.9951, 47.868, 47.9829, 47.8981, 48.173, 48.0471, 48.0781, 47.945, 47.894, 47.965, 47.8759, 47.878, 47.9381, 48.0609, 47.977, 48.0361, 49.5541, 48.9168, 48.0061, 47.8101, 47.8098, 47.8249, 47.8179, 47.9062, 47.833, 47.833, 47.7741, 47.8239, 47.843, 47.9722, 48.003, 47.8599, 47.847, 47.801, 47.905, 47.977, 47.894, 48.0001, 47.9531, 48.054, 48.0149, 48.075, 48.027, 47.8711, 48.0299, 48.048, 48.095, 48.0821, 48.0289, 
Time to set up datastructures: 6162.29ms
49.6001, 50.53, 48.8961, 48.26, 48.2252, 48.2969, 48.3351, 48.255, 48.2669, 48.372, 48.2869, 48.3761, 48.3401, 49.2609, 48.5818, 48.296, 48.2569, 48.301, 48.238, 48.3451, 48.3119, 48.279, 48.2819, 48.3031, 48.281, 48.2209, 48.259, 48.2512, 48.337, 48.404, 48.254, 48.3272, 48.3069, 48.336, 48.27, 48.3081, 48.2759, 48.3069, 48.317, 48.255, 48.2101, 48.3179, 48.279, 48.8119, 48.3131, 48.285, 48.2481, 48.2841, 48.279, 48.3458, 48.2521, 48.2881, 48.4049, 48.362, 48.455, 48.3088, 48.2881, 48.2879, 48.3019, 48.2709, 48.3351, 48.2049, 48.3561, 48.3401, 48.3451, 48.409, 48.352, 48.3019, 48.2521, 48.229, 48.3859, 48.285, 48.373, 49.2599, 49.964, 49.4401, 48.3909, 48.728, 48.341, 48.265, 48.1639, 48.2581, 48.439, 48.47, 48.3601, 51.3558, 48.7652, 49.736, 49.0019, 48.3038, 48.2562, 48.1949, 48.1801, 48.3079, 48.43, 48.3701, 48.398, 48.2321, 48.245, 48.249, 
Running CRSMerge implementation
Time to set up datastructures: 8972.13ms
155.241, 155.281, 155.432, 155.366, 155.424, 155.232, 155.27, 155.479, 155.335, 155.307, 155.305, 155.233, 155.818, 155.249, 155.297, 155.329, 155.357, 155.5, 155.286, 155.378, 155.484, 155.366, 155.269, 155.304, 155.271, 156.185, 155.36, 155.282, 155.38, 155.812, 155.262, 155.246, 158.796, 158.964, 155.451, 155.3, 155.369, 155.433, 155.531, 155.239, 155.304, 155.446, 155.293, 155.344, 155.295, 155.498, 155.266, 155.681, 155.325, 155.418, 155.282, 155.26, 155.256, 155.304, 155.417, 155.507, 155.241, 155.364, 155.565, 155.325, 155.368, 155.238, 155.235, 155.498, 155.358, 155.211, 155.726, 155.278, 155.38, 155.538, 155.354, 155.416, 155.248, 155.359, 155.338, 155.225, 155.264, 155.276, 155.379, 155.344, 155.319, 155.396, 155.279, 155.229, 155.459, 155.316, 155.412, 155.366, 155.403, 156.595, 155.263, 155.273, 155.369, 155.586, 155.636, 155.295, 155.232, 155.81, 155.476, 155.441, 
Time to set up datastructures: 7243.2ms
107.835, 107.782, 107.756, 107.789, 107.825, 108.277, 108.484, 107.801, 107.744, 108.37, 108.141, 107.872, 108.116, 107.793, 108.046, 107.867, 107.664, 108.18, 108.234, 107.747, 108.091, 107.831, 107.829, 107.784, 108.071, 108.013, 107.855, 108.226, 107.789, 108.347, 107.828, 107.807, 108.075, 107.979, 107.882, 107.768, 107.854, 107.826, 107.865, 107.802, 107.833, 107.79, 107.998, 108.141, 107.885, 107.76, 107.827, 108.019, 107.988, 107.772, 107.879, 108.225, 107.96, 107.796, 108.186, 108.23, 107.789, 107.81, 107.779, 107.988, 108.149, 108.281, 107.915, 107.864, 107.775, 107.774, 108.329, 107.806, 107.848, 107.81, 108.014, 107.784, 107.762, 108.141, 107.895, 107.774, 107.84, 107.885, 107.807, 108.22, 108.297, 108.346, 107.857, 107.722, 107.866, 108.066, 107.824, 107.906, 107.958, 107.892, 107.801, 108.187, 108.272, 107.748, 107.738, 107.818, 107.821, 108.023, 108.44, 108.555, 
Time to set up datastructures: 11365.2ms
86.231, 86.1189, 86.1659, 86.1392, 86.1559, 86.1521, 86.2169, 86.2131, 86.1509, 86.0641, 86.0689, 86.21, 86.1251, 86.1011, 86.108, 86.185, 86.133, 86.1409, 86.2021, 86.201, 86.19, 86.154, 86.1461, 86.1299, 86.3171, 86.1111, 86.1499, 86.1971, 86.1249, 86.154, 86.06, 86.1361, 86.194, 86.206, 86.1599, 86.1189, 86.0999, 86.132, 86.1461, 86.2079, 86.158, 86.129, 86.2219, 86.123, 86.1371, 86.129, 86.0729, 86.2212, 86.113, 86.0689, 86.201, 86.1609, 86.17, 85.958, 86.148, 86.0481, 86.21, 86.076, 86.1311, 86.1208, 86.1661, 86.1099, 86.117, 86.1712, 86.185, 86.262, 86.0839, 86.1681, 86.0932, 86.0779, 86.278, 86.1421, 86.072, 86.1218, 86.1561, 86.1471, 86.0648, 86.0658, 86.1549, 86.2319, 86.0631, 86.159, 86.1239, 86.0109, 86.112, 86.123, 86.2331, 86.2389, 86.127, 86.1502, 86.1528, 86.2012, 86.1108, 86.2432, 86.159, 86.2191, 86.0889, 86.2272, 86.1368, 86.236, 
Time to set up datastructures: 10816.6ms
73.179, 73.163, 73.2338, 73.328, 73.277, 73.211, 73.288, 73.2419, 73.2341, 73.2491, 73.2889, 73.2241, 73.128, 73.1339, 73.256, 73.2059, 73.256, 73.2679, 73.2911, 73.2169, 73.2131, 73.2391, 73.221, 73.277, 73.283, 73.2751, 73.245, 73.1928, 73.2181, 73.257, 73.2691, 73.2419, 73.2472, 73.282, 73.297, 73.278, 73.246, 73.2269, 73.122, 73.597, 73.4131, 73.236, 73.2119, 73.236, 73.1862, 73.2009, 73.1959, 73.4661, 73.4081, 73.1468, 73.2088, 73.189, 73.3361, 73.1869, 73.2372, 73.2079, 73.2181, 73.2229, 73.2021, 73.2501, 73.2248, 73.2548, 73.1912, 73.1909, 73.1959, 73.3001, 73.1959, 73.3151, 73.1909, 73.2079, 73.2701, 73.2329, 73.3151, 73.2849, 73.262, 73.2698, 73.3221, 73.1971, 73.2429, 73.3459, 73.1831, 73.2391, 73.276, 73.18, 73.22, 73.3049, 73.1769, 73.215, 73.3242, 74.5709, 73.225, 73.1919, 73.204, 73.1819, 73.2191, 73.2231, 73.276, 73.1819, 73.4081, 73.226, 
Time to set up datastructures: 11907.8ms
64.6842, 64.6389, 64.7192, 64.723, 64.718, 64.7559, 64.698, 64.667, 64.7399, 64.7991, 64.718, 64.683, 64.666, 64.7142, 64.6169, 64.652, 64.6791, 64.7099, 64.7271, 66.1819, 67.3492, 64.822, 64.7678, 64.748, 64.678, 64.6791, 64.7929, 64.723, 64.8141, 64.707, 64.6689, 64.6431, 64.6689, 64.6961, 64.6889, 64.764, 64.8639, 67.9181, 67.7109, 66.092, 64.7919, 64.7089, 64.6939, 64.6598, 64.718, 64.6431, 64.7559, 64.667, 64.734, 64.7261, 64.795, 64.748, 66.9999, 68.059, 68.574, 68.5241, 66.2999, 64.816, 64.713, 64.7979, 64.7161, 64.775, 64.671, 64.755, 64.852, 64.688, 64.765, 64.6448, 67.575, 71.1532, 70.4389, 69.7472, 69.7329, 69.526, 69.3979, 69.658, 69.411, 69.5479, 69.3171, 69.2759, 69.3052, 69.4759, 69.571, 69.6142, 68.289, 71.8699, 70.065, 67.394, 67.5719, 67.3971, 67.4779, 71.5792, 70.3099, 70.652, 74.559, 72.2582, 73.8759, 72.9949, 74.99, 75.0101, 
Time to set up datastructures: 12059.6ms
63.776, 64.0299, 63.8862, 64.7449, 63.977, 64.6551, 63.096, 63.5529, 63.092, 63.1602, 63.1359, 64.5931, 64.1119, 63.2849, 65.4712, 64.389, 66.438, 68.1009, 63.2901, 62.561, 62.6819, 62.6249, 62.5451, 65.0101, 61.8939, 60.1981, 61.738, 60.22, 60.117, 60.1161, 60.0421, 60.123, 60.0021, 60.0338, 59.9961, 60.1201, 60.159, 60.169, 60.1261, 60.0529, 59.9711, 60.039, 60.122, 60.086, 60.1959, 59.999, 60.092, 60.147, 60.1411, 60.2169, 60.0331, 60.0328, 60.0531, 60.0641, 60.0839, 60.0109, 60.077, 60.0681, 60.019, 59.9809, 59.993, 60.035, 60.004, 60.0171, 59.983, 60.056, 60.0412, 60.04, 59.988, 60.04, 60.216, 60.1351, 60.0119, 60.1132, 60.149, 60.0898, 60.0321, 60.1721, 60.025, 60.066, 60.1511, 60.0309, 60.0832, 60.0619, 60.0801, 59.9761, 60.061, 60.1201, 60.1549, 59.9458, 60.0281, 60.112, 60.0431, 60.2319, 59.9871, 60.21, 60.199, 60.1211, 60.0729, 60.0581, 
Time to set up datastructures: 11430.8ms
61.765, 61.8832, 62.0668, 61.882, 61.7838, 61.8432, 61.8789, 61.8842, 61.924, 61.8489, 61.8732, 61.8749, 61.7971, 61.924, 61.79, 61.856, 61.8541, 61.8131, 61.9178, 61.9302, 63.1559, 61.9981, 61.8379, 61.934, 61.8811, 61.857, 61.8069, 61.8801, 61.851, 61.9309, 61.867, 61.868, 61.7881, 61.877, 61.9969, 62.0081, 61.934, 61.8851, 61.898, 61.7208, 61.9071, 61.857, 61.8401, 61.8958, 61.8651, 61.8851, 61.8799, 61.8181, 61.852, 61.8079, 61.94, 61.749, 61.866, 61.887, 61.8289, 61.8649, 61.7909, 61.799, 61.8522, 61.7888, 61.9159, 61.9459, 61.9552, 61.816, 61.7759, 61.8041, 61.862, 62, 61.789, 61.82, 61.856, 61.8548, 61.7771, 61.9211, 61.9278, 61.868, 61.9168, 61.8119, 61.9791, 61.8501, 61.826, 61.8739, 62.119, 62.1641, 61.9369, 61.8711, 61.7661, 61.795, 61.785, 61.857, 61.887, 61.842, 61.9102, 62.2079, 61.9051, 61.8839, 61.9349, 61.7809, 61.882, 61.9612, 
Time to set up datastructures: 11462.6ms
57.6391, 57.523, 57.5559, 57.6062, 57.591, 57.5268, 57.6289, 57.6251, 57.518, 57.569, 57.58, 57.5089, 57.5631, 57.497, 57.5161, 57.5709, 57.61, 57.7209, 57.4582, 57.7669, 57.646, 57.6081, 57.538, 57.6229, 57.6251, 59.833, 58.2719, 57.6282, 57.6479, 57.5309, 57.6532, 57.5669, 57.8341, 57.6119, 57.6811, 57.5409, 57.5781, 57.5678, 57.7302, 57.59, 57.6379, 57.6501, 57.5728, 57.7002, 57.653, 57.58, 57.5371, 57.6329, 57.6041, 57.5938, 57.6189, 57.6241, 57.6339, 57.538, 57.5519, 57.585, 57.62, 57.539, 57.575, 57.6019, 57.759, 57.6119, 57.579, 57.5991, 57.615, 57.5728, 57.5881, 57.632, 57.636, 57.6191, 57.564, 57.5581, 57.5218, 57.6122, 57.627, 57.5609, 57.6582, 57.5969, 57.5509, 57.5378, 57.574, 57.5271, 57.6179, 57.7619, 57.555, 57.569, 57.5721, 57.662, 57.6239, 57.554, 57.647, 57.4582, 57.627, 57.5778, 57.6541, 57.5941, 57.5221, 57.59, 57.6339, 57.6031, 
Time to set up datastructures: 11605.6ms
64.229, 71.378, 61.8198, 61.9311, 63.2861, 63.6919, 63.2262, 62.8438, 58.6741, 56.0319, 56.0601, 55.8901, 55.974, 55.8689, 55.963, 56.0369, 55.9402, 55.9299, 55.9871, 56.0651, 55.907, 56.0579, 56, 55.9971, 56.2899, 59.545, 60.921, 62.279, 62.6051, 60.3709, 58.6641, 56.0188, 56.0961, 55.912, 55.932, 55.865, 56.1731, 55.975, 56.102, 55.9309, 56.0489, 55.9349, 55.927, 55.9261, 55.9959, 55.9318, 55.9492, 56.0219, 55.876, 55.989, 55.99, 55.856, 56.2639, 56.1101, 55.959, 55.964, 55.891, 55.9139, 56.0031, 55.923, 55.944, 55.958, 55.9421, 55.8629, 56.025, 56.046, 55.97, 56.0131, 55.877, 56.0689, 58.006, 59.4301, 56.2611, 55.9459, 55.9731, 56.056, 56.0749, 56.0408, 55.9309, 55.994, 55.928, 55.912, 55.9568, 55.994, 55.898, 56.0172, 55.8879, 55.922, 55.954, 55.999, 55.8901, 55.9039, 55.928, 55.995, 56.246, 56.02, 55.851, 55.8779, 55.8982, 55.9499, 
Time to set up datastructures: 11515.1ms
56.3469, 56.438, 56.34, 56.4311, 56.5071, 56.4461, 56.4508, 56.427, 56.4041, 56.4051, 56.401, 56.4048, 56.4091, 56.349, 56.427, 56.4489, 56.433, 56.4001, 56.7632, 56.361, 56.422, 56.421, 56.4001, 56.6928, 56.4179, 56.3989, 56.4961, 56.401, 56.36, 56.354, 56.381, 56.3848, 56.3941, 56.731, 56.5321, 56.381, 56.5081, 56.406, 56.406, 56.5169, 56.6139, 56.515, 56.5, 56.601, 56.663, 56.5701, 56.385, 56.3631, 56.4029, 56.3421, 56.426, 56.438, 56.407, 56.361, 56.417, 56.3741, 56.4041, 56.4859, 56.6421, 56.7081, 56.4709, 56.494, 56.4981, 56.4489, 56.3738, 56.3831, 56.38, 56.4799, 56.442, 56.6118, 56.3011, 56.3371, 56.4561, 56.402, 56.397, 56.4818, 56.4601, 56.406, 56.478, 57.1799, 56.524, 56.4671, 56.371, 56.391, 56.371, 56.3819, 56.4668, 56.437, 56.3869, 56.478, 56.33, 56.7729, 56.473, 56.488, 56.5062, 56.416, 56.401, 56.4201, 56.489, 56.453, 
Time to set up datastructures: 11639.5ms
51.125, 50.9951, 51.0519, 51.0001, 50.9241, 50.9779, 51.0371, 51.2149, 51.125, 50.93, 51.0349, 51.1019, 51.1441, 50.9901, 50.976, 50.9698, 50.9222, 50.977, 50.971, 51.002, 51.003, 50.9949, 50.9989, 51.0132, 50.9439, 50.9841, 51.024, 50.9679, 51.0161, 50.9059, 51.089, 51.0201, 50.9698, 50.952, 50.9672, 50.982, 51.0058, 50.9281, 51.017, 51.055, 51.0931, 50.914, 50.9889, 51.039, 50.9789, 50.9541, 50.9791, 51.028, 50.9839, 50.9999, 51.003, 50.971, 50.9591, 50.9529, 51.0139, 51.0402, 50.9648, 50.9622, 51.0218, 50.9601, 50.936, 50.9651, 51.0461, 50.9238, 50.9582, 51.0659, 50.9961, 50.9341, 50.952, 50.9961, 51.1179, 50.9472, 51.0299, 51.0561, 51.0139, 51.0409, 50.983, 50.9639, 51.11, 51.049, 50.9448, 50.9322, 50.9238, 50.9112, 50.9548, 51.069, 51.0192, 51.1079, 51.0681, 51.173, 51.1501, 51.008, 50.9601, 50.916, 51.1529, 50.9231, 51.019, 50.946, 51.167, 55.1012, 
Time to set up datastructures: 11785.2ms
50.1339, 50.164, 50.1709, 50.2532, 50.2079, 50.2, 50.175, 50.1399, 50.1671, 50.056, 50.2272, 50.2019, 50.189, 50.204, 50.2331, 50.1509, 50.307, 50.173, 50.2031, 50.1521, 50.2038, 50.195, 50.2431, 50.158, 50.1819, 50.1561, 50.174, 50.143, 50.2231, 50.1471, 50.1878, 50.2141, 50.1761, 50.1459, 50.1812, 50.2598, 50.2191, 50.235, 50.138, 50.1192, 50.163, 50.1518, 50.1611, 50.2191, 50.163, 50.1809, 50.179, 50.1521, 50.189, 50.1711, 50.2489, 50.1962, 50.159, 50.2138, 50.1819, 50.2081, 50.231, 50.348, 50.251, 50.185, 50.1952, 50.2079, 50.35, 50.2632, 50.236, 50.24, 50.2319, 50.2231, 50.154, 50.143, 50.225, 50.1812, 50.2119, 50.1881, 50.1921, 50.1919, 50.194, 50.19, 50.1189, 50.18, 50.2, 50.2641, 50.1699, 50.297, 50.2701, 50.164, 50.1931, 50.158, 50.174, 50.1671, 50.221, 50.1599, 50.1628, 50.2021, 50.209, 50.1349, 50.174, 50.1931, 50.2219, 50.2141, 
Time to set up datastructures: 11480.1ms
51.661, 51.6059, 51.645, 51.6362, 51.687, 51.6498, 51.6551, 51.65, 51.707, 51.852, 51.707, 51.6539, 51.6782, 51.686, 51.754, 51.5938, 51.641, 51.739, 51.6388, 51.7411, 51.687, 51.712, 51.6109, 51.6679, 51.6992, 51.7118, 51.6639, 51.753, 51.641, 51.6381, 51.7049, 51.6372, 51.6748, 51.6758, 51.6222, 51.724, 51.6999, 51.7311, 51.765, 51.7521, 51.688, 51.6579, 51.7061, 51.6651, 51.635, 51.6729, 51.6829, 51.6601, 51.707, 51.708, 51.831, 51.722, 51.645, 51.739, 51.686, 51.6829, 51.6391, 51.738, 51.7359, 51.635, 51.719, 51.6131, 51.764, 51.6779, 51.887, 51.7631, 51.8322, 51.652, 51.717, 51.7759, 51.713, 51.6641, 51.719, 51.6691, 51.755, 51.6739, 51.6391, 51.7399, 51.7058, 51.6901, 51.6911, 51.703, 51.6078, 51.6191, 51.5862, 51.6911, 51.657, 51.666, 51.672, 51.6291, 51.6849, 51.7042, 51.6298, 51.6262, 51.6398, 51.6391, 51.6992, 51.7399, 51.7459, 51.6489, 
Running CSB implementation
Time to set up datastructures: 11422.6ms
110.758, 110.648, 110.393, 110.246, 110.832, 110.385, 110.306, 110.372, 110.355, 110.418, 110.615, 110.242, 110.274, 110.363, 114.743, 110.354, 110.402, 110.284, 110.371, 110.448, 110.332, 110.425, 110.296, 110.355, 110.475, 110.255, 110.371, 110.284, 110.299, 110.321, 110.385, 110.326, 110.387, 110.606, 110.358, 110.364, 110.495, 112.117, 110.537, 110.319, 110.321, 110.386, 110.306, 110.512, 110.459, 110.239, 110.338, 110.432, 117.321, 122.743, 112.872, 110.854, 110.362, 110.354, 110.441, 110.372, 113.956, 111.311, 110.378, 110.42, 111.282, 111.012, 110.558, 114.837, 110.814, 110.49, 110.66, 110.336, 110.645, 114.428, 110.818, 110.705, 110.502, 110.756, 110.49, 116.369, 120.347, 116.768, 117.186, 117.627, 119.58, 125.645, 121.706, 110.866, 110.267, 110.323, 110.601, 110.452, 110.296, 110.344, 110.434, 110.447, 110.397, 110.27, 110.433, 110.393, 110.588, 110.251, 110.294, 110.282, 
Time to set up datastructures: 11380.9ms
79.0782, 79.2439, 79.2379, 79.18, 79.3111, 78.9349, 79.0792, 79.165, 79.2339, 81.5501, 87.6911, 90.961, 85.6581, 86.0269, 88.0761, 83.0729, 83.0801, 83.2939, 84.275, 85.537, 89.839, 85.8688, 83.75, 80.4391, 80.5659, 87.0612, 86.098, 92.448, 85.3701, 87.2579, 87.1592, 84.228, 83.7529, 82.7811, 83.5359, 84.7731, 87.862, 87.6181, 85.681, 81.2259, 80.5142, 83.909, 86.58, 89.8268, 89.534, 85.6099, 86.5161, 87.6989, 83.029, 82.8061, 83.3719, 84.0571, 85.634, 89.8929, 85.2382, 83.6449, 80.42, 81.0041, 87.115, 87.857, 84.65, 84.4998, 84.239, 85.2029, 84.358, 85.037, 83.9939, 84.6841, 86.031, 84.203, 84.6591, 84.018, 82.536, 81.948, 81.8021, 80.842, 81.0828, 79.0381, 79.123, 79.164, 79.077, 79.288, 79.1411, 79.0589, 78.9671, 78.9771, 79.1709, 79.2239, 79.1571, 79.0961, 79.2449, 79.344, 79.0651, 79.1271, 79.2279, 79.0961, 79.118, 79.1559, 78.9671, 79.1459, 
Time to set up datastructures: 13228.9ms
66.453, 66.442, 66.385, 66.4711, 66.407, 66.4828, 66.4752, 66.5059, 66.566, 66.493, 66.5231, 66.4589, 66.5052, 66.4279, 66.4611, 66.483, 66.4949, 66.5369, 66.4229, 66.4282, 66.5169, 66.4711, 66.4198, 66.432, 66.457, 66.4868, 66.4809, 66.3981, 66.474, 66.5751, 66.4239, 66.5021, 66.437, 66.4721, 66.4639, 66.5121, 66.5429, 66.4592, 66.4918, 66.443, 66.431, 66.51, 66.4718, 66.4618, 66.5538, 66.4499, 66.4899, 66.545, 66.468, 66.447, 66.5009, 66.484, 66.4551, 66.4809, 66.4711, 66.4661, 66.4799, 66.4229, 66.4201, 66.582, 66.462, 66.457, 66.4601, 66.288, 66.4699, 66.494, 66.463, 66.529, 66.4961, 66.493, 66.427, 66.4089, 66.4921, 66.4549, 66.576, 66.437, 66.4611, 66.5529, 66.5131, 66.3941, 66.4558, 66.452, 66.4282, 66.5078, 66.366, 66.606, 66.4909, 66.4442, 66.5069, 66.6039, 66.4389, 66.555, 66.4699, 66.3409, 66.4721, 66.4761, 66.529, 66.5438, 66.5011, 66.52, 
Time to set up datastructures: 14079.5ms
59.3169, 59.2752, 59.3359, 59.284, 59.2561, 59.2871, 59.294, 59.284, 59.3009, 59.3021, 59.2351, 59.252, 59.299, 59.418, 59.221, 59.3259, 59.314, 59.3741, 59.253, 59.303, 59.2861, 59.305, 59.305, 59.315, 59.2358, 59.2721, 59.2961, 59.243, 59.278, 59.2999, 59.3231, 59.289, 59.289, 59.2771, 59.3059, 59.248, 59.293, 59.2999, 59.293, 59.274, 59.2639, 59.274, 59.3469, 59.305, 59.248, 59.2661, 59.3071, 59.283, 59.2668, 59.325, 59.298, 59.284, 59.257, 59.2659, 59.3371, 59.2499, 59.2771, 59.2711, 59.2439, 59.3121, 59.3019, 59.284, 59.2861, 59.2949, 59.2511, 59.334, 59.3479, 59.3321, 59.2649, 59.2489, 59.262, 59.2959, 59.3791, 59.2508, 59.231, 59.3421, 59.3338, 59.4459, 59.2792, 59.252, 59.237, 59.2871, 59.2859, 59.3681, 59.3839, 59.2811, 59.2639, 59.3321, 59.2639, 59.263, 59.2761, 59.2539, 59.303, 59.3529, 59.2809, 59.279, 59.2408, 59.3002, 59.242, 59.314, 
Time to set up datastructures: 14900ms
54.7371, 54.652, 54.7519, 54.7321, 54.6381, 54.7488, 54.5781, 54.7299, 54.6401, 54.8642, 54.8179, 54.6181, 54.5709, 54.692, 54.6291, 54.647, 54.595, 54.7559, 54.5361, 54.7771, 54.7888, 54.744, 54.7178, 54.5828, 54.7571, 54.703, 54.7161, 54.642, 54.7869, 54.7271, 54.7519, 54.5871, 54.7011, 54.738, 54.8649, 54.697, 54.6079, 54.7662, 54.7528, 54.7621, 54.714, 54.734, 54.745, 54.7411, 54.781, 54.7111, 54.7779, 54.7152, 54.7159, 54.7502, 54.7309, 54.7099, 54.59, 54.5731, 54.702, 54.744, 54.651, 54.8079, 54.7571, 54.6298, 54.8022, 54.5931, 54.5988, 54.6451, 54.8129, 54.8041, 54.6739, 54.7321, 54.775, 54.6291, 54.7349, 54.5809, 54.7462, 54.5959, 54.585, 54.6529, 54.6501, 54.703, 54.7571, 54.8029, 54.5981, 54.7578, 54.718, 54.7071, 54.656, 54.7011, 54.7268, 54.718, 54.7621, 54.7159, 54.734, 54.7209, 54.7378, 54.8232, 54.7369, 54.7361, 54.7769, 54.764, 54.7471, 54.708, 
Time to set up datastructures: 15431.3ms
51.183, 51.157, 51.1661, 51.1599, 51.1801, 51.1689, 51.1889, 51.1651, 51.178, 51.2331, 51.213, 51.1441, 51.2121, 51.2228, 51.158, 51.2159, 51.1959, 51.1689, 51.1949, 51.1589, 51.1551, 51.1701, 51.1489, 51.177, 51.2431, 51.229, 51.163, 51.182, 51.173, 51.158, 51.156, 51.2359, 51.229, 51.1642, 51.2369, 51.193, 51.2011, 51.2369, 51.2021, 51.1951, 51.2249, 51.203, 51.1739, 51.213, 51.1942, 51.2049, 51.2071, 51.1711, 51.1639, 51.1789, 51.1851, 51.167, 51.1708, 51.1818, 51.2331, 51.1811, 51.255, 51.1482, 51.1839, 51.188, 51.1839, 51.188, 51.1792, 51.25, 51.1699, 51.1322, 51.1858, 51.183, 51.198, 51.1341, 51.228, 51.1949, 51.173, 51.1589, 51.1801, 51.1689, 51.2271, 51.1968, 51.5242, 51.0309, 51.1141, 51.1899, 51.1482, 51.2328, 51.1911, 51.1441, 51.1599, 51.187, 51.2321, 51.1889, 51.1701, 51.3549, 51.192, 51.2061, 51.1479, 51.1761, 51.1959, 51.182, 51.1341, 51.2099, 
Time to set up datastructures: 15402.5ms
48.5868, 48.6991, 48.6829, 48.784, 48.5711, 48.7361, 48.584, 48.595, 48.604, 48.6231, 48.7659, 48.7602, 48.7518, 48.5451, 48.7211, 48.6119, 48.713, 48.6481, 48.8269, 48.8319, 48.5809, 48.537, 48.7549, 48.588, 48.737, 48.6259, 48.6231, 48.748, 48.7418, 48.8732, 48.615, 48.636, 48.8091, 48.553, 48.661, 48.8219, 48.6271, 48.6891, 48.7878, 48.6422, 48.564, 48.6379, 48.588, 48.604, 48.6, 48.5921, 48.579, 48.6341, 48.677, 48.5811, 48.707, 48.625, 48.6131, 48.7149, 48.6, 48.6238, 48.5492, 48.7649, 48.5971, 48.6779, 48.8601, 48.5871, 48.5229, 48.6059, 48.578, 48.604, 48.718, 48.5489, 48.5981, 48.5899, 48.7571, 48.558, 48.7161, 48.7051, 48.5959, 48.557, 48.6901, 48.579, 48.7039, 48.789, 48.573, 48.7142, 48.6369, 48.6951, 48.532, 48.6629, 48.7041, 48.569, 48.8961, 48.775, 48.7659, 48.7151, 48.64, 48.7809, 48.548, 48.7418, 48.6109, 48.6741, 48.579, 48.619, 
Time to set up datastructures: 15172.1ms
47.204, 47.251, 47.2009, 47.189, 47.3001, 47.255, 47.2329, 47.255, 47.2941, 47.1878, 47.2422, 47.2538, 47.2491, 47.1699, 47.235, 47.2209, 47.23, 47.231, 47.2291, 47.2341, 47.312, 47.272, 47.2009, 47.2641, 47.184, 47.2059, 47.2391, 47.23, 47.2312, 47.1728, 47.2121, 47.204, 47.209, 47.2469, 47.159, 47.2448, 47.199, 47.1761, 47.287, 47.235, 47.2729, 47.2789, 47.2062, 47.3459, 47.245, 47.2231, 47.2419, 47.2672, 47.272, 47.2078, 47.2212, 47.2701, 47.2119, 47.2271, 47.2589, 47.1721, 47.204, 47.209, 47.225, 47.2281, 47.1611, 47.2779, 47.368, 47.3089, 47.2441, 47.2169, 47.2572, 47.2209, 47.2019, 47.1861, 47.2481, 47.2019, 47.2891, 47.2059, 47.2329, 47.2431, 47.1969, 47.2291, 47.1761, 47.1921, 47.2589, 47.2651, 47.169, 47.2262, 47.199, 47.194, 47.204, 47.255, 47.2188, 47.2682, 47.266, 47.2579, 47.2322, 47.2639, 47.2219, 47.281, 47.2291, 47.2929, 47.224, 47.2641, 
Time to set up datastructures: 15477.8ms
45.2771, 45.2778, 45.2511, 45.2681, 45.2831, 45.3238, 45.326, 45.3651, 45.2909, 45.269, 45.341, 45.2969, 45.2631, 45.2549, 45.306, 45.3112, 45.2828, 45.28, 45.2709, 45.3029, 45.284, 45.258, 45.2762, 45.253, 45.197, 45.2189, 45.3401, 45.253, 45.2659, 45.3031, 45.2731, 45.264, 45.3241, 45.3038, 45.8591, 45.186, 45.2719, 45.279, 45.33, 45.274, 45.294, 45.3131, 45.315, 45.275, 45.32, 45.3041, 45.3169, 45.2571, 45.3439, 45.306, 45.2621, 45.264, 45.2719, 45.3191, 45.284, 45.2631, 45.3091, 45.336, 45.2499, 45.2452, 45.2769, 45.306, 45.3022, 45.284, 45.311, 45.3029, 45.2831, 45.321, 45.2821, 45.285, 45.3541, 45.341, 45.3088, 45.306, 45.295, 45.27, 45.2681, 45.2869, 45.3291, 45.2981, 45.1689, 45.2361, 45.191, 45.1999, 45.285, 45.3062, 45.2888, 45.2962, 45.285, 45.2969, 45.275, 45.3811, 45.301, 45.3341, 45.3019, 45.2712, 45.3138, 45.2881, 45.321, 45.2962, 
Time to set up datastructures: 15132.1ms
43.7169, 43.6761, 43.7269, 43.7171, 43.653, 43.73, 43.7188, 43.6718, 43.7062, 43.6928, 43.7279, 43.7031, 43.715, 43.7191, 43.715, 43.752, 43.6909, 43.762, 43.7288, 43.731, 43.6819, 43.6251, 43.6471, 43.7369, 43.6509, 43.6711, 43.71, 43.7179, 43.6881, 43.6401, 43.664, 43.7031, 43.674, 43.674, 43.685, 43.596, 43.673, 43.7109, 43.725, 43.7028, 43.7112, 43.6759, 43.72, 43.606, 43.606, 43.9279, 43.7031, 43.685, 43.6621, 43.6931, 43.7169, 43.7949, 43.6981, 43.674, 43.8609, 43.895, 43.735, 43.669, 43.607, 43.6461, 43.7021, 43.7279, 43.879, 43.669, 43.6921, 43.6919, 43.6611, 43.622, 43.6239, 43.7019, 43.6232, 43.7288, 43.5882, 43.6358, 43.786, 43.6351, 43.715, 43.767, 43.6049, 43.7062, 43.6649, 43.627, 43.6659, 43.6711, 43.699, 43.6759, 43.6862, 43.705, 43.654, 43.5731, 43.6308, 43.72, 43.6902, 43.7241, 43.7238, 43.6962, 43.674, 43.7109, 43.7582, 43.8979, 
Time to set up datastructures: 15111.6ms
43.3798, 43.149, 43.427, 43.283, 43.215, 43.139, 43.1399, 43.2022, 43.3409, 42.99, 43.164, 43.247, 43.1869, 43.16, 43.3528, 43.2642, 43.185, 43.2711, 43.169, 43.18, 43.2739, 43.298, 43.128, 43.3421, 43.3319, 43.2811, 43.318, 43.2539, 43.3202, 43.1819, 43.227, 43.3052, 43.1809, 43.134, 43.3421, 43.1809, 43.143, 43.2789, 43.118, 43.294, 43.3261, 43.164, 43.2909, 43.1221, 43.169, 43.2301, 43.2031, 43.328, 43.139, 43.2229, 43.1662, 43.175, 43.1769, 43.1409, 43.3102, 43.0789, 43.165, 43.3311, 43.288, 43.323, 43.2918, 43.3159, 43.324, 43.3061, 43.1149, 43.2689, 43.205, 43.287, 43.3531, 43.0908, 43.365, 43.1659, 43.1881, 43.2909, 43.273, 43.3171, 43.2029, 43.2189, 43.3011, 43.179, 43.294, 43.329, 43.308, 43.2281, 43.1969, 43.148, 43.324, 43.1659, 43.2091, 43.318, 43.138, 43.2131, 43.1728, 43.3378, 43.2639, 43.149, 43.1859, 43.1859, 43.3052, 43.258, 
Time to set up datastructures: 15322ms
41.8808, 41.8892, 41.923, 41.9309, 41.8711, 41.9009, 41.898, 41.8711, 41.919, 41.9371, 41.852, 41.899, 41.8911, 41.9118, 41.9011, 41.9002, 41.9128, 41.8971, 41.9312, 41.8758, 41.9052, 41.9428, 41.9102, 41.8968, 41.9259, 41.8861, 41.882, 42.346, 41.8749, 41.79, 41.8291, 41.8758, 41.899, 41.862, 41.8379, 41.867, 41.8539, 41.8682, 41.862, 41.8489, 41.887, 41.8949, 41.887, 42.027, 41.9281, 41.9211, 41.8999, 41.8999, 41.873, 41.9109, 41.9021, 41.889, 41.893, 41.9021, 41.9381, 41.914, 41.909, 41.9121, 41.929, 41.9068, 41.8861, 41.913, 41.9528, 41.903, 41.9009, 41.894, 41.9159, 41.9049, 41.9321, 41.934, 41.9049, 41.8921, 41.8761, 41.9121, 41.9099, 41.914, 41.9509, 41.8901, 41.9099, 41.883, 41.925, 41.883, 41.9161, 41.8999, 41.872, 41.924, 41.8861, 41.9381, 41.878, 41.919, 41.9309, 41.9071, 41.9118, 41.9531, 41.9171, 41.8971, 41.8799, 41.8651, 41.878, 41.8949, 
Time to set up datastructures: 15568.5ms
41.2889, 41.2381, 41.224, 41.224, 41.281, 41.23, 41.235, 41.2669, 41.25, 41.225, 41.193, 41.2319, 41.2302, 41.214, 41.24, 41.2838, 41.2371, 41.3189, 41.2221, 41.2569, 41.2982, 41.2281, 41.5521, 41.343, 41.2199, 41.204, 41.2302, 41.2829, 41.189, 41.1961, 41.2478, 41.291, 41.2698, 41.249, 41.2309, 41.244, 41.2271, 41.3458, 41.3342, 41.25, 41.302, 41.2741, 41.249, 41.2059, 41.193, 41.218, 41.3492, 41.3098, 41.2128, 41.3139, 41.2881, 41.1749, 41.2149, 41.2481, 41.239, 41.3959, 41.2881, 41.23, 41.2829, 41.2059, 41.2071, 41.2099, 41.2722, 41.229, 41.2199, 41.316, 41.2731, 41.2529, 41.2531, 41.2312, 41.2879, 41.26, 41.234, 41.276, 41.244, 41.2369, 41.2002, 41.2388, 41.28, 41.2221, 41.2321, 41.2719, 41.2431, 41.2021, 41.209, 41.2469, 41.2202, 41.2178, 41.2171, 41.2409, 41.2381, 41.255, 41.1701, 41.1999, 41.3971, 41.229, 41.152, 41.2009, 41.1541, 41.2409, 
Running BlockCOH implementation
Time to set up datastructures: 18132.4ms
91.958, 92.2849, 92.144, 91.9211, 92.1581, 92.061, 92.3281, 92.3769, 92.2179, 91.8651, 91.9509, 91.8932, 92.1178, 92.0801, 92.247, 92.3209, 92.2222, 92.19, 91.9878, 92.262, 92.2241, 92.0811, 91.934, 92.1071, 92.211, 92.0179, 92.303, 91.9142, 92.0398, 91.8491, 91.964, 91.995, 92.123, 92.0479, 92.0749, 91.9251, 92.3018, 92.1092, 92.0019, 92.2811, 92.2589, 91.9659, 92.247, 92.1299, 92.2251, 92.068, 92.196, 92.1719, 92.2689, 92.041, 92.051, 92.0901, 92.0658, 91.99, 92.108, 92.0129, 92.346, 92.0799, 92.149, 91.8779, 92.083, 91.8839, 92.073, 92.2551, 92.0429, 92.104, 92.3572, 92.0529, 92.073, 92.0651, 91.6791, 91.8739, 91.7101, 92.109, 92.386, 91.9759, 92.1531, 92.165, 92.1049, 92.056, 92.273, 92.0842, 91.928, 92.097, 92.2229, 91.8961, 91.9929, 92.0482, 92.1841, 92.1719, 91.8829, 92.1791, 92.289, 91.928, 92.0742, 92.1099, 92.123, 92.2489, 92.236, 91.939, 
Time to set up datastructures: 14807.2ms
69.0711, 69.1512, 68.969, 69.1099, 69.066, 69.1459, 69.1531, 69.0961, 69.7339, 69.139, 69.1202, 69.207, 69.0269, 69.1221, 69.0329, 69.0341, 69.175, 69.2239, 68.969, 69.0942, 69.1969, 69.3579, 69.1321, 69.2141, 69.2599, 69.1881, 69.154, 69.067, 69.17, 69.2039, 69.2132, 69.1218, 69.077, 69.1621, 69.0839, 69.1078, 69.0751, 69.351, 69.232, 69.3672, 70.493, 69.484, 69.0131, 69.0479, 69.165, 69.212, 69.2759, 69.2942, 69.1659, 69.2711, 69.346, 69.129, 69.1071, 69.1869, 69.0961, 69.164, 69.1381, 69.169, 69.243, 69.129, 69.011, 69.1822, 69.4339, 69.171, 69.2132, 69.2658, 69.3219, 69.15, 69.2151, 69.0651, 69.1559, 69.14, 69.2, 69.1431, 69.0532, 69.211, 69.1729, 69.3111, 69.2439, 69.375, 69.2639, 69.257, 69.5682, 69.1528, 69.0951, 69.171, 69.16, 69.2101, 68.9199, 69.0689, 69.0501, 69.0589, 69.1102, 69.145, 69.0989, 69.4211, 69.3011, 69.531, 69.7188, 69.144, 
Time to set up datastructures: 14363.9ms
58.9809, 58.944, 58.9139, 58.975, 58.892, 58.9788, 58.9709, 58.9161, 58.9209, 58.9361, 59.092, 58.974, 58.9221, 58.9318, 59.1218, 58.8861, 58.9559, 58.8429, 58.8579, 58.9371, 58.881, 58.955, 58.9321, 58.934, 58.9302, 58.97, 58.9199, 58.9461, 58.964, 59.0999, 58.969, 59.094, 58.913, 59.0792, 59.0448, 58.9581, 59.0301, 59.0389, 58.898, 58.9318, 58.8992, 58.9008, 58.8899, 58.964, 58.97, 59.0291, 58.964, 58.8701, 58.9499, 58.9459, 58.9771, 59.0169, 58.9809, 59.006, 58.9719, 59.0501, 58.907, 58.996, 58.943, 59.0279, 58.9511, 58.923, 59.0239, 59.0222, 58.9309, 58.877, 58.861, 58.9311, 59.0041, 58.933, 58.9948, 58.989, 58.995, 58.908, 59.0122, 58.923, 58.929, 58.965, 59.1431, 59.0129, 58.975, 58.9101, 58.9969, 58.9032, 58.893, 58.9249, 59.0031, 59.0219, 59.0038, 58.8791, 59.1249, 59.145, 58.8861, 58.9859, 59.0341, 58.938, 58.8949, 58.9578, 59.0489, 58.9681, 
Time to set up datastructures: 14710.2ms
56.01, 56.3211, 56.15, 56.2971, 56.2658, 56.1781, 56.1891, 56.252, 56.1469, 56.181, 56.169, 56.2041, 56.145, 56.1068, 56.2701, 56.303, 56.2761, 56.1819, 56.123, 56.217, 56.143, 56.1619, 56.1922, 56.145, 56.1361, 56.114, 56.165, 56.138, 56.2479, 56.206, 56.087, 56.2012, 56.1569, 56.2789, 56.2301, 56.283, 56.2141, 56.169, 56.2229, 56.155, 56.237, 56.221, 56.1559, 56.143, 56.2229, 56.1531, 56.1731, 56.164, 56.149, 56.1409, 56.119, 56.0429, 56.1991, 56.185, 56.2241, 56.1409, 56.1552, 56.1528, 56.282, 56.216, 56.3171, 56.3159, 56.3042, 56.3219, 56.0901, 56.179, 56.339, 56.1409, 56.33, 56.1669, 56.1421, 56.2038, 56.1781, 56.2379, 56.201, 56.098, 56.2348, 56.2391, 56.138, 56.2079, 56.231, 56.2701, 56.1669, 56.1061, 56.1459, 56.1268, 56.1399, 56.119, 56.0939, 56.1912, 56.2119, 56.0699, 56.087, 56.077, 56.1862, 56.1318, 56.143, 56.195, 56.201, 56.1192, 
Time to set up datastructures: 15563.1ms
54.4901, 54.384, 54.5249, 54.5511, 54.7781, 54.5239, 54.503, 54.4162, 54.4789, 54.43, 54.4281, 54.4949, 65.6111, 55.2709, 54.425, 54.4529, 54.5712, 54.3919, 54.373, 54.4472, 54.5309, 54.4491, 54.4741, 54.5859, 54.3709, 54.39, 54.348, 54.5211, 54.4689, 54.477, 54.4171, 54.5299, 54.4691, 54.3749, 54.539, 54.5831, 54.559, 54.4481, 54.5039, 54.3969, 54.4021, 54.4848, 54.4789, 54.3911, 54.4119, 54.5042, 54.4078, 54.3871, 54.4219, 54.5721, 54.3599, 54.4622, 54.4319, 54.3201, 54.5309, 54.373, 54.409, 54.46, 54.4591, 54.5058, 54.579, 54.456, 54.414, 54.3559, 54.42, 54.5042, 54.497, 54.6508, 54.5261, 54.3859, 54.4262, 54.4908, 54.528, 54.5311, 54.4081, 54.45, 54.383, 54.5189, 54.4701, 54.4209, 54.5101, 54.456, 54.4639, 54.425, 54.441, 54.43, 54.4891, 54.4579, 54.3551, 54.4729, 54.471, 54.548, 54.3699, 54.5001, 54.445, 54.4281, 54.395, 54.3978, 54.4169, 54.4939, 
Time to set up datastructures: 14590.3ms
52.861, 52.876, 52.8681, 52.882, 52.8371, 52.8979, 52.779, 52.8631, 52.9749, 52.8851, 52.8679, 52.875, 52.788, 52.793, 52.8131, 53.02, 52.866, 52.942, 52.8181, 53.0479, 52.876, 52.9191, 52.7689, 52.9621, 52.8989, 52.789, 52.9182, 52.8848, 52.9242, 52.8829, 52.9571, 52.9201, 52.8889, 52.8431, 52.7759, 53.02, 52.897, 52.7639, 52.938, 52.871, 52.825, 52.8471, 52.856, 52.856, 52.8619, 52.789, 52.9501, 52.8629, 52.9048, 52.8872, 52.846, 52.7909, 52.7651, 53.0488, 52.8481, 53.005, 52.845, 52.8431, 52.911, 52.882, 52.804, 53.0629, 52.886, 52.7961, 52.808, 52.9568, 52.8591, 52.8681, 52.8669, 52.964, 52.9001, 52.8319, 52.9001, 52.81, 52.8851, 52.8159, 52.8722, 52.815, 52.8929, 52.876, 52.8231, 52.8879, 52.8641, 52.8359, 52.731, 52.959, 52.8691, 52.7861, 52.891, 52.8779, 52.8581, 52.918, 52.8281, 53.0279, 52.871, 52.994, 52.923, 52.8181, 52.927, 52.7849, 
Time to set up datastructures: 15155ms
52.846, 52.9342, 52.8929, 52.8522, 52.8188, 52.8982, 52.8779, 52.8791, 52.938, 52.9349, 52.824, 53.0241, 52.943, 52.834, 52.918, 53.009, 52.834, 52.995, 52.855, 52.9521, 53.015, 52.856, 52.8831, 52.8519, 52.8891, 52.9468, 52.9032, 52.8769, 52.8419, 52.969, 52.866, 52.9039, 52.8769, 52.932, 52.8672, 53.0319, 52.8829, 52.865, 52.902, 53.0179, 52.906, 52.8491, 52.9029, 52.891, 52.8922, 52.9768, 52.928, 52.906, 52.8941, 52.9308, 52.793, 52.8951, 52.8421, 52.9189, 52.913, 52.9151, 52.918, 52.9292, 52.902, 52.9149, 52.799, 52.9408, 52.9392, 52.9389, 52.9029, 52.886, 52.9258, 52.9561, 52.897, 52.9029, 52.8541, 52.9041, 52.871, 53.0899, 52.9912, 52.9571, 52.979, 52.891, 52.809, 52.887, 52.8681, 52.902, 52.8429, 53.0031, 52.949, 52.9051, 52.9399, 52.9389, 52.7971, 52.979, 52.814, 52.8848, 52.799, 52.917, 52.8939, 52.8891, 52.856, 52.902, 52.9151, 52.9709, 
Time to set up datastructures: 14811.7ms
52.6371, 52.7089, 52.5579, 52.6052, 52.5858, 52.6142, 52.5908, 52.628, 52.604, 52.6102, 52.6249, 52.6309, 52.577, 52.592, 52.5711, 52.561, 52.556, 52.6249, 52.6669, 52.681, 52.624, 52.696, 52.671, 52.5699, 52.5742, 52.696, 52.592, 52.5489, 52.599, 52.5301, 52.624, 52.654, 52.629, 52.526, 52.655, 52.635, 52.4521, 52.701, 52.5579, 52.573, 52.6111, 52.5589, 52.5582, 52.5579, 52.6741, 52.6571, 52.5448, 52.6519, 52.5711, 52.629, 52.6121, 52.614, 52.495, 52.5579, 52.5911, 52.5529, 52.6981, 52.65, 52.737, 52.618, 52.604, 52.552, 52.629, 52.5799, 52.768, 52.5661, 52.551, 52.6321, 52.5479, 52.686, 52.732, 52.5708, 52.587, 52.6671, 52.6519, 52.7482, 52.731, 52.5298, 52.5911, 52.6299, 52.6121, 52.592, 52.592, 52.659, 52.5768, 52.5031, 52.5301, 52.562, 52.598, 52.599, 52.6199, 52.562, 52.582, 52.614, 52.629, 52.592, 52.6619, 52.639, 52.6052, 52.5599, 
Time to set up datastructures: 14760.5ms
52.8209, 52.706, 52.8741, 52.819, 52.7279, 52.7201, 52.7341, 52.81, 52.8429, 52.7461, 52.7689, 52.9041, 52.809, 52.7771, 52.8009, 52.784, 53.1039, 52.928, 52.799, 52.8462, 52.7928, 52.7172, 52.784, 52.839, 52.737, 52.8119, 52.7081, 52.8128, 52.753, 52.8059, 52.851, 52.83, 52.758, 52.7558, 52.7449, 52.808, 52.702, 52.784, 52.7842, 52.7508, 52.7742, 52.8009, 52.721, 52.772, 52.7511, 52.778, 52.8629, 52.82, 52.9621, 52.7151, 52.8059, 52.804, 52.7141, 52.7539, 52.7718, 52.767, 52.7921, 52.8171, 52.7539, 52.758, 52.7811, 52.773, 52.8338, 52.8781, 52.839, 52.762, 52.892, 52.6819, 52.824, 52.7511, 52.7601, 52.7649, 52.676, 52.7492, 52.6919, 52.736, 52.7351, 52.736, 52.6619, 52.814, 52.784, 52.716, 52.7229, 52.7949, 52.839, 52.87, 52.7339, 52.834, 52.784, 52.7821, 52.784, 52.726, 52.7821, 52.7561, 52.902, 52.8269, 52.8281, 52.881, 52.81, 52.834, 
Time to set up datastructures: 14493.9ms
53.9432, 53.9248, 53.9861, 54.0562, 53.8859, 53.8549, 53.853, 53.8781, 53.9939, 53.9019, 53.8931, 53.93, 53.7341, 53.92, 53.7519, 53.92, 53.818, 53.9339, 53.8461, 53.8919, 53.8652, 53.8599, 54.2319, 53.869, 53.812, 53.9598, 53.8189, 53.9169, 54.0962, 53.834, 53.9041, 53.9401, 53.8399, 53.839, 53.9341, 53.9031, 53.8259, 53.9401, 54.105, 54.111, 54.019, 53.8452, 53.8778, 53.9491, 53.92, 53.7851, 53.807, 53.899, 53.983, 53.827, 53.9789, 53.8361, 53.925, 54.189, 54.5099, 54.0361, 53.8399, 53.9401, 53.9539, 54.0721, 54.0009, 53.7741, 53.8769, 53.8831, 53.9081, 53.8468, 53.9079, 53.8611, 53.8149, 53.9141, 53.812, 53.9589, 53.916, 53.8771, 53.776, 54.6029, 54.5151, 54.1079, 53.8621, 53.956, 53.8471, 53.844, 53.813, 53.7519, 53.854, 53.9141, 53.8921, 54.132, 54.1658, 53.9012, 53.972, 53.9389, 53.895, 53.9539, 53.782, 53.9451, 53.952, 54.1801, 53.7748, 53.8771, 
Time to set up datastructures: 14291.8ms
57.0841, 57.0831, 57.1358, 57.044, 56.9201, 57.1351, 57.0819, 56.982, 57.0419, 57.1008, 56.9901, 57.0819, 56.9251, 57.0731, 57.0259, 57.0562, 57.1249, 56.8621, 57.071, 56.972, 57.102, 57.09, 56.9921, 57.065, 57.008, 56.941, 57.096, 57.1709, 57.1511, 57.09, 57.101, 57.0319, 57.0371, 57.034, 57.0359, 57.0199, 57.1182, 56.9639, 57.029, 57.05, 57.056, 57.055, 57.0362, 57.0579, 57.178, 56.989, 57.1232, 57.0748, 57.054, 57.0161, 57.023, 57.049, 57.0309, 57.092, 57.1022, 57.0018, 56.968, 57.0331, 57.0049, 57.013, 57.061, 57.0219, 57.018, 56.9949, 57.0362, 57.1249, 57.065, 57.1229, 57.045, 57.061, 57.0891, 57.075, 56.9789, 57.0829, 57.0152, 57.0819, 57.163, 57.0779, 57.1609, 57.061, 57.0371, 57.1029, 57.0722, 57.1899, 57.0819, 57.081, 57.0619, 56.993, 56.983, 57.184, 57.081, 57.1251, 57.1399, 57.0509, 56.9739, 57.117, 57.112, 57.0791, 57.153, 57.0631, 
Time to set up datastructures: 14429.6ms
55.1929, 55.151, 55.0768, 55.0931, 55.1372, 55.213, 55.1069, 55.171, 55.0158, 55.1381, 55.078, 55.176, 55.1021, 55.078, 55.249, 55.14, 55.1109, 55.3241, 55.135, 55.0799, 55.1012, 55.1691, 55.0809, 55.1841, 55.1679, 55.14, 55.042, 55.079, 55.2039, 55.2051, 55.12, 55.2931, 55.0611, 55.166, 55.135, 55.0959, 55.135, 55.099, 55.1939, 55.0342, 55.1419, 55.208, 55.1152, 55.2299, 55.0659, 55.1572, 55.084, 55.228, 55.1419, 55.2161, 55.1219, 55.1219, 55.2511, 55.2108, 55.161, 55.1372, 55.105, 55.131, 55.0671, 55.0389, 55.1212, 55.0718, 55.146, 55.1538, 55.269, 55.2812, 55.2549, 55.207, 55.104, 55.1519, 55.2552, 55.0919, 55.1882, 55.12, 55.0549, 55.222, 55.145, 55.048, 55.0959, 55.1591, 55.2449, 55.1212, 55.1059, 55.011, 55.1469, 55.09, 55.146, 55.228, 55.0909, 55.2881, 55.1901, 55.079, 55.162, 55.12, 55.198, 55.1391, 55.1491, 55.1591, 55.1579, 55.124, 
Time to set up datastructures: 14586.9ms
54.6138, 54.6961, 54.682, 54.811, 54.611, 54.563, 54.5859, 54.6088, 54.7061, 54.6069, 54.594, 54.6541, 54.6169, 54.5762, 54.6238, 54.7018, 54.6482, 54.565, 54.58, 54.6181, 54.5878, 54.662, 54.6649, 54.6851, 54.57, 54.718, 54.6699, 54.523, 54.6999, 54.6319, 54.5571, 54.6119, 54.683, 54.5599, 54.6551, 54.6238, 54.615, 54.5619, 54.6, 55.258, 54.841, 54.6641, 54.599, 54.662, 54.631, 54.61, 54.6601, 54.6129, 54.595, 54.646, 54.5111, 54.692, 54.6091, 54.5549, 54.57, 54.59, 54.6081, 54.6541, 54.7171, 54.6319, 54.534, 54.6682, 55.4268, 54.656, 54.5921, 54.5371, 54.538, 54.579, 54.6548, 54.6851, 54.6641, 54.5781, 54.6069, 54.666, 54.5681, 54.523, 54.7171, 54.62, 54.621, 54.626, 54.651, 54.636, 54.7261, 54.7259, 54.682, 54.6272, 54.5919, 54.6961, 54.7121, 54.5859, 54.5759, 54.6961, 54.589, 54.5599, 54.6441, 54.57, 54.6319, 54.6498, 54.6622, 54.6079, 
