dpcpp -Wall -DNDEBUG -O3 -fopenmp -o driver_spmv_input driver_spmv_input.cpp -ltbb -lboost_thread
Running sequential algorithm
Time to set up datastructures: 10096.8ms
227.278, 227.192, 226.741, 226.418, 226.16, 226.335, 226.006, 225.619, 225.65, 225.45, 225.673, 225.466, 225.13, 224.79, 224.99, 225.384, 224.817, 224.632, 225.356, 224.574, 224.552, 224.253, 224.166, 224.637, 224.117, 224.177, 224.143, 224.141, 224.135, 224.011, 223.8, 223.885, 224.195, 224.238, 223.478, 223.759, 223.716, 223.951, 223.861, 223.794, 223.836, 223.882, 223.82, 223.903, 223.65, 223.733, 223.492, 223.844, 223.351, 223.347, 224.193, 223.885, 223.389, 223.551, 223.622, 223.677, 223.446, 223.172, 223.264, 223.345, 223.332, 223.301, 223.649, 223.277, 223.436, 223.354, 223.225, 223.145, 223.615, 223.641, 223.228, 223.129, 223.12, 223.277, 223.151, 223.111, 223.076, 223.387, 223.181, 223.126, 223.275, 223.131, 223.15, 223.189, 223.16, 223.015, 223.677, 223.353, 223.273, 223.264, 223.091, 223.075, 223.098, 222.871, 223.073, 223.125, 223.119, 223.045, 223.251, 223.254, 
Running OpenMP implementation
Time to set up datastructures: 15324.8ms
114.663, 114.724, 114.83, 114.807, 114.959, 115.21, 114.621, 115.427, 114.946, 114.779, 114.938, 114.842, 115.285, 114.809, 115.13, 114.843, 114.854, 114.775, 114.879, 114.653, 114.974, 114.939, 114.931, 115.043, 114.938, 114.934, 114.935, 115.041, 114.949, 114.891, 114.896, 114.864, 114.778, 114.878, 114.819, 114.854, 114.934, 114.812, 114.901, 116.893, 115.91, 115.419, 115.373, 115.395, 115.382, 115.394, 115.421, 115.495, 115.346, 115.497, 115.468, 115.322, 115.459, 115.362, 115.39, 115.348, 115.433, 115.501, 115.409, 115.259, 115.279, 115.284, 115.339, 115.224, 115.302, 115.254, 115.64, 115.198, 115.244, 115.322, 115.29, 116.286, 115.519, 115.322, 115.757, 115.541, 115.421, 115.39, 115.326, 115.344, 115.304, 115.542, 115.308, 115.347, 115.445, 115.386, 115.425, 115.322, 115.224, 115.337, 115.308, 115.315, 115.537, 115.413, 115.263, 115.336, 115.337, 115.431, 115.307, 115.356, 
Time to set up datastructures: 11970ms
79.5529, 79.8061, 79.746, 79.6509, 79.453, 79.545, 79.7021, 79.874, 79.782, 79.4559, 79.8371, 79.4501, 79.5109, 79.555, 79.5109, 79.5181, 79.519, 79.3991, 79.628, 79.5009, 79.555, 79.4361, 79.5419, 80.0161, 79.5679, 79.519, 79.6239, 79.5791, 79.7038, 79.618, 79.4959, 79.7811, 79.505, 79.6731, 79.685, 79.602, 79.7019, 79.3719, 79.4749, 79.5441, 79.622, 79.5779, 79.495, 79.587, 79.4461, 79.4311, 79.5729, 79.6411, 79.5879, 79.6571, 79.601, 79.8559, 79.9251, 79.6039, 79.5741, 79.653, 79.669, 79.438, 79.5381, 79.479, 79.5279, 79.601, 79.4101, 79.5021, 79.7079, 79.771, 79.6051, 79.5639, 79.5481, 79.6099, 79.6921, 79.6421, 79.535, 79.519, 79.6239, 79.5779, 79.565, 79.689, 79.5209, 79.8891, 79.5419, 79.6702, 79.7391, 79.5119, 79.5391, 79.602, 79.5991, 79.5329, 79.4389, 79.675, 79.4349, 79.6449, 79.4749, 79.4642, 79.6778, 79.5341, 79.5021, 79.4389, 79.52, 79.5732, 
Time to set up datastructures: 17423.3ms
62.387, 62.2289, 62.3319, 62.4661, 62.4819, 62.4549, 62.4318, 62.4082, 62.438, 62.2768, 62.448, 62.49, 62.35, 62.588, 62.247, 62.5081, 62.397, 62.4268, 62.3572, 62.4678, 62.408, 62.4769, 62.3281, 62.439, 62.429, 62.5181, 62.402, 62.4058, 62.4592, 62.269, 62.4769, 62.4051, 62.3169, 62.4151, 62.4101, 62.4969, 62.465, 62.3951, 62.454, 62.3021, 62.4878, 62.392, 62.3801, 62.4762, 62.4919, 62.4211, 62.546, 62.526, 62.36, 62.443, 62.4089, 62.4349, 62.495, 62.3982, 62.4549, 62.4859, 62.4321, 62.412, 62.4781, 62.494, 62.3069, 62.3801, 62.475, 62.52, 62.4251, 62.7398, 62.5198, 62.6211, 62.392, 62.499, 62.294, 62.6061, 62.4888, 62.4671, 62.232, 62.5799, 62.5072, 62.3331, 62.4518, 62.506, 62.1822, 62.4368, 62.4208, 62.5751, 62.412, 62.849, 62.6428, 62.722, 62.4621, 62.6199, 62.5901, 62.6271, 62.434, 62.537, 62.6359, 62.412, 62.4461, 62.52, 62.3579, 62.4909, 
Time to set up datastructures: 16692.1ms
51.578, 51.7399, 51.7452, 51.7089, 51.7361, 51.7168, 51.6849, 51.5101, 51.5718, 51.7092, 51.851, 51.852, 51.765, 51.7728, 51.7561, 51.7349, 51.707, 51.7449, 51.759, 51.7881, 51.7869, 51.8482, 51.738, 51.8398, 51.8661, 51.7921, 51.6999, 51.754, 51.8692, 51.816, 51.9719, 51.7008, 51.7421, 51.6851, 51.785, 51.816, 51.832, 51.9071, 51.8091, 51.825, 51.785, 51.8219, 51.7659, 51.7812, 51.825, 51.719, 51.791, 51.7659, 51.821, 51.8942, 51.7988, 53.8001, 52.1359, 51.9891, 51.9469, 51.9819, 52.0651, 52.1979, 51.9209, 51.9922, 52.0928, 52.0432, 52.1009, 51.9111, 52.0599, 52.006, 51.9669, 52.192, 52.141, 52.063, 52.022, 51.913, 52.108, 52.0101, 51.939, 51.9629, 52.0952, 51.9459, 52.052, 52.1181, 52.14, 52.11, 52.057, 52.0289, 52.1979, 52.134, 52.1228, 52.1162, 52.1679, 52.0511, 52.0201, 52.11, 52.0611, 52.0098, 52.0849, 52.0871, 52.0251, 52.012, 52.0461, 51.9938, 
Time to set up datastructures: 17858.4ms
45.434, 45.336, 45.4249, 45.419, 45.4922, 45.413, 45.4149, 45.507, 45.4431, 45.531, 45.6049, 45.4781, 45.522, 45.5251, 45.5439, 45.4769, 45.6572, 45.5539, 45.543, 45.572, 45.4571, 45.687, 45.5489, 45.614, 45.61, 45.6331, 45.5971, 45.5308, 45.64, 45.6052, 45.552, 45.6378, 45.542, 45.501, 45.5971, 45.5849, 45.609, 45.4109, 45.5861, 45.747, 45.624, 45.66, 45.6049, 45.4841, 45.62, 45.48, 45.5351, 45.682, 45.599, 45.5861, 45.6419, 45.593, 45.6631, 45.5899, 45.5341, 45.543, 45.7809, 45.701, 45.5801, 45.5599, 45.594, 45.579, 45.6269, 45.5911, 45.5139, 45.572, 45.6171, 45.6309, 45.572, 45.6109, 45.578, 45.676, 45.4741, 45.7051, 45.5689, 45.5961, 45.537, 45.635, 45.6078, 45.6512, 45.646, 45.486, 45.6829, 45.542, 45.6958, 45.5601, 45.5439, 45.5811, 45.634, 45.629, 45.49, 45.687, 45.5389, 45.718, 45.505, 45.583, 45.599, 45.5391, 45.6479, 45.6321, 
Time to set up datastructures: 18019.8ms
41.503, 41.589, 41.5621, 41.6799, 41.543, 41.5308, 41.887, 41.657, 41.589, 41.6341, 41.595, 41.6789, 41.672, 41.616, 41.553, 41.508, 41.568, 41.642, 41.6939, 41.6811, 41.806, 41.7111, 41.61, 41.6899, 41.677, 41.6, 41.6281, 41.6851, 41.7318, 41.641, 41.605, 41.733, 41.6291, 41.796, 41.6441, 41.719, 41.7409, 41.702, 41.7361, 41.719, 41.6729, 41.7759, 41.677, 41.78, 41.6961, 41.7039, 41.683, 41.774, 41.712, 41.6551, 41.661, 41.748, 41.7469, 41.6229, 41.801, 41.641, 41.6691, 41.671, 41.718, 41.769, 41.77, 41.7469, 41.6591, 41.8551, 41.78, 41.7719, 41.7299, 41.666, 41.657, 41.8792, 41.811, 41.853, 41.7211, 41.6708, 41.7671, 41.7459, 41.7452, 41.7099, 41.7881, 41.7678, 41.7051, 41.7941, 41.759, 41.6489, 41.6181, 41.6861, 41.718, 41.8298, 41.7931, 41.682, 41.692, 41.7049, 41.8282, 42.753, 41.8899, 41.888, 41.7411, 41.692, 41.786, 42.1791, 
Time to set up datastructures: 17613.9ms
39.077, 39.1769, 39.079, 39.1281, 39.1629, 39.1972, 39.166, 39.2201, 39.1629, 39.155, 39.197, 39.3519, 39.2282, 39.2318, 39.2292, 39.1541, 39.1779, 39.2079, 39.2752, 39.2909, 39.2799, 39.1891, 39.3431, 39.3069, 39.1941, 39.3071, 39.1898, 39.1762, 39.2299, 39.1841, 39.29, 39.232, 39.269, 39.3109, 39.187, 39.335, 39.3262, 39.227, 39.181, 39.2668, 39.223, 39.2771, 39.2962, 39.222, 39.3329, 39.3062, 39.2158, 39.288, 39.3581, 39.304, 39.3319, 39.2449, 39.175, 39.2392, 39.2828, 39.2902, 39.2609, 39.1612, 39.391, 39.2828, 39.2311, 39.2981, 39.3059, 39.464, 39.2251, 39.3231, 39.3288, 39.2718, 39.1941, 39.2609, 39.278, 39.268, 39.2859, 39.3369, 39.346, 39.3181, 39.197, 39.2921, 39.1769, 39.3322, 39.2358, 39.1731, 39.264, 39.289, 39.166, 39.366, 39.3491, 39.2621, 39.326, 39.361, 39.3641, 39.2408, 39.222, 39.263, 39.2141, 39.4189, 39.279, 39.35, 39.258, 39.3131, 
Time to set up datastructures: 17900.1ms
37.4129, 37.3361, 37.3349, 37.318, 37.3509, 37.3411, 37.2729, 37.288, 37.4529, 37.308, 37.389, 37.3571, 37.344, 37.3259, 37.2899, 37.3611, 37.308, 37.3421, 37.344, 37.504, 37.4069, 37.467, 37.3662, 37.334, 37.4551, 37.349, 37.339, 37.3619, 37.389, 37.452, 37.2591, 37.324, 37.302, 37.3561, 37.343, 37.3409, 37.344, 37.2751, 37.3421, 37.349, 37.3569, 37.3111, 37.39, 37.3361, 37.4289, 37.4131, 37.394, 37.333, 37.3709, 37.3271, 37.4079, 37.318, 37.3201, 37.328, 37.267, 37.375, 37.303, 37.4222, 37.395, 37.4088, 37.3411, 37.369, 37.3559, 37.3871, 37.4188, 37.3981, 37.379, 37.36, 37.394, 37.2939, 37.333, 37.389, 37.358, 37.3719, 37.354, 37.3931, 37.3061, 37.37, 37.3991, 37.3108, 37.2932, 37.282, 37.3609, 37.288, 37.41, 37.3971, 37.39, 37.4029, 37.3802, 37.308, 37.3929, 37.3781, 37.3971, 37.4229, 37.3809, 37.307, 37.344, 37.394, 37.3521, 37.358, 
Time to set up datastructures: 18117.2ms
35.8491, 35.898, 35.8279, 35.8622, 35.9318, 35.9371, 36.0479, 35.902, 36.0091, 35.9879, 35.9251, 35.975, 35.9991, 36.0708, 36.1061, 35.9859, 35.9101, 35.9581, 35.9728, 35.9941, 35.9609, 35.933, 35.929, 35.9759, 36.3259, 36.0281, 35.9108, 36.0141, 35.948, 35.845, 35.9161, 35.938, 36.0398, 35.867, 35.8701, 35.789, 35.846, 35.8779, 35.9762, 36.0639, 35.9671, 36.0079, 36.005, 36.0451, 35.913, 35.9499, 36.0491, 35.9759, 36.0031, 35.933, 35.897, 35.9118, 35.9111, 35.96, 35.9602, 35.8448, 35.9461, 35.959, 36.118, 35.9108, 35.9142, 35.9759, 35.9941, 35.9159, 35.9092, 36.047, 35.9061, 35.9449, 36.0589, 35.9681, 35.97, 35.953, 35.9421, 35.907, 35.7649, 35.9781, 35.886, 35.8548, 36.0141, 35.948, 35.852, 35.9321, 35.949, 36.036, 36.0379, 35.9502, 35.9008, 35.9042, 35.902, 35.8648, 35.9571, 35.954, 36.0441, 35.9099, 35.9459, 36.0541, 36.0219, 35.9559, 35.9962, 36.046, 
Time to set up datastructures: 17768.1ms
34.904, 34.888, 35.0029, 35.001, 34.996, 34.951, 35.0089, 35.1381, 35.073, 34.987, 35.0041, 34.8959, 34.92, 34.956, 35.001, 34.924, 34.986, 34.9431, 34.9689, 34.9591, 34.9281, 34.977, 34.951, 35.037, 34.9441, 35.0869, 34.9791, 34.868, 34.935, 34.951, 35.0029, 34.9882, 34.986, 34.9879, 35.0211, 35.007, 34.867, 34.9739, 34.9312, 34.9, 35.013, 34.982, 34.986, 34.9791, 34.941, 34.919, 35.177, 35.1691, 34.9669, 34.9019, 34.8952, 34.9438, 34.965, 34.9479, 34.9541, 34.987, 34.936, 34.9121, 34.9281, 34.9779, 34.9641, 34.95, 34.92, 34.9219, 34.9951, 35.0139, 34.946, 35.115, 34.965, 34.9689, 35.0158, 34.9598, 34.9002, 34.935, 34.9929, 34.9901, 34.97, 35.006, 34.955, 34.903, 34.951, 34.9669, 34.9221, 34.8859, 35.012, 34.997, 34.9371, 34.9979, 34.8761, 35.1059, 34.9741, 35.0139, 34.9631, 35.0308, 35.2321, 35.054, 34.903, 34.9681, 34.8949, 34.92, 
Time to set up datastructures: 17466.2ms
34.564, 34.5712, 34.5709, 34.5781, 34.5562, 34.5418, 34.5311, 34.6279, 34.5099, 34.574, 34.5588, 34.6, 34.6591, 34.626, 34.6038, 34.5778, 34.6022, 34.5368, 34.559, 34.5881, 34.555, 34.544, 34.6701, 34.5631, 34.6119, 34.595, 34.5712, 34.6, 34.595, 34.5149, 34.574, 34.5831, 34.575, 34.627, 34.6231, 34.529, 34.6029, 34.6022, 34.5609, 34.5211, 34.5759, 34.559, 34.6081, 34.6429, 34.57, 34.5411, 34.523, 34.544, 34.6169, 34.647, 34.6, 34.5759, 34.476, 34.58, 34.4188, 34.5731, 34.5931, 34.528, 34.6169, 34.591, 34.5201, 34.565, 34.5209, 34.574, 34.631, 34.6, 34.574, 34.6279, 34.5011, 34.56, 34.5321, 34.5359, 34.6091, 34.586, 34.5521, 34.5459, 34.591, 34.5459, 34.672, 34.637, 34.528, 34.5721, 34.647, 34.6289, 34.6122, 34.518, 34.5018, 34.5821, 34.5969, 34.601, 34.5991, 34.579, 34.5252, 34.6069, 34.744, 34.611, 34.6329, 34.5359, 34.5869, 34.56, 
Time to set up datastructures: 17959.7ms
34.081, 34.029, 34.066, 34.091, 34.1339, 34.0431, 34.014, 34.0331, 34.04, 34.1101, 34.044, 34.0948, 34.0831, 34.133, 34.065, 34.0061, 34.0059, 34.0719, 34.0559, 34.045, 34.07, 34.06, 34.0362, 34.0171, 34.0469, 34.1051, 34.025, 34.065, 34.0691, 34.039, 34.044, 33.9799, 34.039, 34.0981, 34.0719, 34.009, 34.0221, 34.0672, 34.0469, 34.049, 34.07, 34.0531, 34.024, 34.035, 34.0459, 34.039, 34.024, 34.076, 34.0588, 34.0781, 34.066, 34.0199, 34.0052, 34.0641, 34.076, 34.09, 34.0219, 34.034, 34.04, 34.054, 34.0121, 34.0521, 34.0948, 34.0891, 34.0281, 34.0779, 34.05, 34.014, 34.06, 34.0731, 34.0409, 34.0521, 34.05, 34.0838, 34.024, 34.0221, 34.0631, 34.05, 34.0779, 34.0352, 34.0848, 34.0371, 34.0221, 34.0629, 34.0352, 33.9859, 34.045, 34.0521, 34.1189, 34.05, 34.0269, 34.1091, 34.0929, 34.08, 34.0519, 34.0412, 34.065, 34.0419, 34.04, 34.0362, 
Time to set up datastructures: 18092.1ms
33.9229, 33.993, 33.972, 33.952, 33.989, 33.9611, 33.999, 34.0281, 33.9921, 33.9708, 33.982, 33.9501, 34.0199, 34.018, 33.9971, 33.994, 34.023, 33.9859, 34.0178, 33.9711, 34.035, 33.9921, 33.9961, 34.055, 34.0109, 33.9901, 34.004, 34.0221, 34.004, 33.951, 33.9808, 33.9859, 34.0312, 34.045, 34.019, 33.989, 34.0269, 34.0121, 33.963, 33.9971, 33.9811, 33.9749, 34.034, 33.978, 34.014, 33.9551, 33.9839, 33.941, 33.998, 33.968, 34.0281, 33.983, 33.9651, 33.9711, 33.983, 33.972, 33.9959, 33.982, 34.0741, 34.04, 34.0519, 34.0042, 34.0168, 34.0409, 34.0278, 34.0042, 33.978, 34.0059, 33.9491, 33.9718, 34.0152, 34.025, 34.039, 34.0209, 33.9909, 34.039, 34.0071, 33.9749, 33.978, 33.9901, 33.9959, 33.958, 33.9642, 33.9839, 33.9382, 33.9899, 33.9949, 33.9909, 33.994, 34.018, 34.0331, 34.0049, 34.0161, 33.9808, 34.013, 34.013, 34.0111, 33.963, 33.9661, 34.0281, 
Running TBB implementation
Time to set up datastructures: 15201.9ms
114.483, 114.454, 114.926, 114.774, 114.655, 114.503, 114.789, 114.631, 114.984, 114.693, 114.621, 114.608, 114.686, 114.565, 114.538, 114.694, 114.501, 114.715, 114.568, 114.712, 114.817, 114.706, 114.449, 114.584, 115.009, 114.673, 114.671, 114.618, 114.626, 114.5, 114.667, 114.569, 114.604, 114.679, 114.645, 114.691, 114.548, 114.656, 114.712, 114.564, 114.581, 114.673, 114.756, 114.605, 114.59, 114.578, 114.697, 114.637, 114.531, 114.642, 114.546, 114.526, 114.636, 114.542, 114.817, 114.811, 114.511, 114.48, 115.182, 115.105, 114.668, 114.643, 114.641, 114.963, 114.695, 114.703, 114.72, 114.574, 114.693, 114.606, 114.809, 114.654, 114.614, 114.693, 114.702, 114.657, 114.685, 114.8, 114.792, 114.704, 114.716, 114.677, 114.695, 114.619, 114.622, 114.729, 114.703, 114.825, 114.574, 114.714, 115.957, 115.016, 115.071, 114.978, 114.987, 114.843, 114.884, 114.806, 114.892, 114.877, 
Time to set up datastructures: 12022.8ms
79.649, 79.6001, 79.7839, 79.649, 79.8142, 79.808, 79.778, 79.936, 79.7479, 79.567, 79.8242, 79.7179, 79.8061, 79.7679, 79.7551, 79.8481, 79.6981, 79.849, 79.746, 79.7708, 79.8452, 79.8728, 79.7, 80.044, 80.0581, 80.0669, 80.0061, 79.643, 79.6359, 79.864, 80.097, 79.8271, 79.7601, 80.2338, 79.7071, 79.8399, 79.7241, 79.874, 79.6978, 79.772, 79.746, 79.8762, 79.771, 79.8171, 79.8109, 79.9391, 79.792, 79.7949, 79.7491, 79.8559, 79.797, 79.7758, 79.7451, 79.834, 79.917, 79.8609, 79.73, 79.875, 80.1151, 79.998, 79.824, 79.6809, 79.8371, 79.7448, 79.7212, 79.7658, 79.7141, 79.829, 80.2341, 79.9651, 80.1089, 80.091, 79.6731, 79.9949, 80.178, 80.0951, 79.891, 79.772, 79.7431, 79.8731, 79.9029, 79.8471, 79.8559, 80.034, 79.757, 79.8671, 79.8049, 79.8919, 79.839, 79.993, 79.91, 79.7901, 79.8619, 79.9131, 79.8559, 79.8812, 79.9868, 79.803, 79.946, 79.7851, 
Time to set up datastructures: 17518.7ms
62.4411, 62.5019, 62.598, 62.676, 62.6981, 62.5241, 62.5739, 62.608, 62.696, 62.479, 62.4881, 62.485, 62.603, 62.6919, 62.567, 62.5632, 62.614, 62.7759, 62.5901, 62.5241, 62.644, 62.66, 62.5949, 62.68, 62.5551, 62.5999, 62.6729, 62.6261, 62.6888, 62.608, 62.6531, 62.619, 62.6688, 62.6671, 62.6469, 62.634, 62.6819, 62.6731, 62.49, 62.5479, 62.6011, 62.4959, 62.439, 62.71, 62.6431, 62.6559, 62.5191, 62.7279, 62.4852, 62.5138, 62.7739, 62.53, 62.6252, 62.607, 62.695, 62.6841, 62.6349, 62.7539, 62.7561, 62.6171, 62.717, 62.567, 62.7131, 62.6738, 62.6059, 62.5491, 62.6938, 62.5601, 62.8111, 62.377, 62.536, 62.731, 62.6659, 62.6721, 62.592, 62.4959, 62.7401, 62.701, 62.547, 62.562, 62.773, 62.5191, 62.6509, 62.752, 62.619, 62.736, 62.6371, 62.7041, 62.571, 62.6578, 62.6502, 62.676, 62.654, 62.69, 62.5989, 62.5532, 62.6099, 62.8731, 62.614, 62.5, 
Time to set up datastructures: 16479.1ms
51.8219, 51.863, 51.9719, 51.82, 51.9719, 51.759, 51.887, 51.9011, 51.9309, 51.873, 51.8441, 51.9359, 51.9462, 51.981, 52.052, 51.9309, 51.9972, 52.0198, 52.0461, 51.96, 51.805, 51.9781, 51.8699, 51.9831, 51.856, 51.9629, 51.8031, 51.892, 51.96, 51.8939, 51.9319, 51.8951, 51.9218, 51.914, 51.8551, 52, 52.057, 52.036, 52.0048, 51.9781, 51.9969, 51.9321, 51.9278, 52.016, 51.9419, 51.8441, 51.867, 52.0198, 51.9991, 51.9121, 51.914, 52.021, 51.9378, 51.7991, 51.9221, 52.027, 51.929, 51.9669, 51.9819, 51.8639, 51.9431, 51.9021, 51.9929, 51.8639, 51.909, 51.8839, 51.9571, 51.878, 51.856, 51.827, 52.0539, 51.9412, 51.801, 52.0501, 51.9159, 51.8191, 51.9919, 51.904, 51.939, 51.8641, 51.9829, 51.9571, 51.8339, 51.8732, 51.955, 51.9619, 51.975, 52.062, 52.0391, 51.8739, 52.0051, 51.9021, 52.0458, 51.949, 51.9419, 52.1061, 51.9218, 51.9421, 51.81, 51.9319, 
Time to set up datastructures: 17778ms
45.5971, 45.747, 45.66, 45.7921, 45.82, 45.779, 45.7339, 45.7361, 45.8031, 45.779, 45.7809, 45.691, 45.825, 45.9151, 45.958, 45.8429, 45.7671, 45.815, 45.881, 45.912, 45.9049, 45.933, 45.8732, 45.912, 45.965, 45.85, 45.9321, 45.908, 45.8789, 45.8391, 45.7621, 45.9158, 45.7852, 45.7499, 45.7339, 45.8531, 45.7609, 45.778, 45.9599, 45.8841, 46.03, 45.8448, 45.7251, 45.8841, 45.8488, 45.871, 45.8272, 45.83, 45.8629, 45.871, 45.804, 45.913, 45.974, 45.8031, 45.754, 45.9061, 45.8579, 45.902, 45.9342, 45.84, 45.8369, 45.9461, 45.898, 45.8939, 45.7871, 45.9349, 45.7401, 45.97, 45.9061, 45.8591, 45.897, 45.877, 45.9759, 45.872, 45.882, 45.7981, 45.9211, 45.9208, 45.9812, 45.934, 45.944, 45.7859, 45.963, 45.784, 45.851, 45.9521, 45.9099, 45.8479, 45.8751, 45.8109, 45.8591, 45.898, 46.02, 45.8109, 45.8829, 45.908, 45.9681, 45.8629, 45.9192, 45.83, 
Time to set up datastructures: 17841ms
42.29, 41.8169, 41.7671, 41.8088, 41.7881, 41.698, 41.796, 41.8429, 41.7941, 41.786, 41.8992, 41.7628, 41.9991, 41.95, 41.9531, 41.95, 41.8959, 41.8689, 42.042, 41.8859, 41.9509, 42.0299, 41.929, 41.8561, 41.997, 41.9571, 41.8909, 41.9102, 41.9259, 41.9171, 42.11, 42.011, 42.0439, 42.0599, 41.955, 42.007, 41.981, 41.934, 42.0339, 41.8792, 41.944, 41.9388, 41.9531, 41.9371, 41.939, 41.842, 41.9178, 41.9381, 42.0382, 41.9428, 41.8682, 41.827, 41.9888, 41.9621, 41.966, 41.9149, 41.934, 41.924, 42.1159, 42.012, 41.9052, 41.9788, 41.9741, 42.0361, 42.119, 41.9149, 41.8639, 41.9521, 41.9309, 41.9641, 41.93, 41.9471, 41.851, 41.944, 41.9009, 42.038, 41.8808, 42.074, 41.9462, 42.0899, 41.98, 41.98, 41.9729, 41.9109, 41.8811, 41.9679, 41.945, 41.9741, 41.9431, 41.9168, 41.9259, 41.985, 41.9619, 42.074, 42.0239, 42.0072, 42.0208, 41.8911, 42.1729, 41.9369, 
Time to set up datastructures: 17772.5ms
39.31, 39.4959, 39.4261, 39.386, 39.4411, 39.3929, 39.362, 39.3341, 39.4711, 39.268, 39.4299, 39.427, 39.4111, 39.4449, 39.4461, 39.5129, 39.4721, 39.552, 39.4671, 39.4149, 39.484, 39.412, 39.381, 39.4518, 39.542, 39.521, 39.4349, 39.47, 39.3882, 39.4418, 39.4962, 39.4499, 39.463, 39.4781, 39.494, 39.49, 39.4499, 39.5281, 39.5119, 39.3701, 39.5, 39.607, 39.5539, 39.5172, 39.438, 39.4669, 39.4301, 39.501, 39.454, 39.51, 39.6001, 39.4049, 39.427, 39.5041, 39.6249, 39.489, 39.5651, 39.5529, 39.448, 39.5441, 39.4859, 39.3221, 39.4599, 39.4909, 39.4561, 39.34, 39.4521, 39.521, 39.4621, 39.537, 39.511, 39.4261, 39.402, 39.4871, 39.5179, 39.408, 39.505, 39.5222, 39.5169, 39.4709, 39.4728, 39.4812, 39.51, 39.448, 39.4928, 39.5091, 39.484, 39.4361, 39.52, 39.3949, 39.53, 39.4602, 39.4979, 39.4371, 39.4452, 39.4578, 39.5138, 39.4232, 39.4969, 39.556, 
Time to set up datastructures: 18449ms
37.3631, 37.421, 37.3931, 37.324, 37.3809, 37.3619, 37.3001, 37.231, 37.365, 37.3671, 37.333, 37.245, 37.3669, 37.4601, 37.349, 37.323, 37.312, 37.3421, 37.41, 37.359, 37.41, 37.3509, 37.4429, 37.374, 37.3909, 37.3828, 37.3242, 37.256, 37.2639, 37.2829, 37.3118, 37.256, 37.281, 37.4091, 37.4119, 37.3929, 37.287, 37.3421, 37.3411, 37.385, 37.3011, 37.2729, 37.3161, 37.3468, 37.226, 37.312, 37.2388, 37.292, 37.3168, 37.2932, 37.3938, 37.41, 37.4, 37.364, 37.3142, 37.2469, 37.324, 37.3909, 37.3871, 37.3659, 37.4141, 37.312, 37.3089, 37.3039, 37.4331, 37.406, 37.3461, 37.3249, 37.2181, 37.2961, 37.302, 37.2839, 37.297, 37.22, 37.281, 37.396, 37.5001, 37.3819, 37.2632, 37.343, 37.3559, 37.333, 37.338, 37.3559, 37.4391, 37.3881, 37.277, 37.2849, 37.3578, 37.3521, 37.4229, 37.358, 37.272, 37.2858, 37.298, 37.3039, 37.2491, 37.298, 37.2281, 37.3058, 
Time to set up datastructures: 17682ms
35.8229, 35.8722, 35.846, 35.8028, 35.8391, 35.835, 35.8529, 35.8551, 35.8679, 35.8191, 35.835, 35.816, 35.8491, 35.943, 35.8799, 35.7878, 35.8708, 35.8698, 35.8212, 35.815, 35.8419, 35.85, 35.851, 35.898, 35.871, 35.8269, 35.887, 35.9089, 35.856, 35.8582, 35.8829, 35.8579, 35.8579, 35.897, 35.821, 35.8059, 35.8591, 35.8109, 35.8369, 35.881, 35.821, 35.8891, 35.9309, 35.934, 35.964, 35.8241, 35.8801, 35.9058, 35.795, 35.851, 35.867, 35.928, 35.8901, 35.8269, 35.8191, 35.846, 35.8391, 35.8829, 35.8279, 35.8698, 35.871, 35.903, 35.877, 35.8622, 35.8429, 35.8391, 35.881, 35.9049, 35.898, 35.8789, 35.815, 35.887, 35.872, 35.8071, 35.8889, 35.814, 35.8388, 35.8062, 35.8799, 35.861, 36.305, 36.746, 35.965, 35.9199, 35.8629, 35.856, 35.881, 35.8431, 35.8448, 35.887, 35.845, 35.8272, 35.8658, 35.794, 35.8438, 35.8992, 35.8288, 35.857, 35.8529, 35.944, 
Time to set up datastructures: 17651.7ms
34.8959, 35.1851, 34.9388, 35.0089, 34.9209, 34.8861, 34.925, 34.9231, 34.8959, 35.0251, 34.971, 34.9159, 34.9441, 34.941, 34.9581, 34.951, 34.934, 34.909, 35.074, 34.945, 34.894, 34.971, 34.95, 34.9479, 34.9631, 34.9429, 35.2082, 35.1999, 35.0759, 34.9672, 34.941, 34.935, 35.0661, 35.0189, 34.9369, 35.0702, 35.018, 35.0151, 34.972, 35.238, 34.9579, 34.9519, 34.9612, 34.941, 35.126, 34.9841, 34.9338, 34.92, 34.9491, 34.914, 34.9791, 34.9269, 34.9259, 34.9491, 35.203, 35.0881, 34.9629, 34.9882, 35.007, 34.9259, 34.9979, 34.929, 34.9531, 34.961, 34.941, 34.9491, 34.925, 34.996, 34.9979, 34.9271, 34.986, 34.925, 34.934, 34.9069, 34.977, 34.981, 34.95, 34.9469, 34.9619, 34.9858, 34.935, 35.012, 34.9371, 34.9441, 35.111, 35.238, 35.0761, 34.976, 34.9209, 35.0211, 34.9121, 34.8709, 34.9622, 34.9479, 34.8871, 34.9641, 35.0969, 35.1682, 34.9019, 34.966, 
Time to set up datastructures: 17909.2ms
34.6091, 34.6909, 34.615, 34.6532, 34.62, 34.5898, 34.641, 34.6291, 34.5941, 34.5721, 34.5819, 34.6291, 34.6169, 34.5969, 34.5731, 34.6529, 34.6022, 34.6019, 34.6081, 34.6079, 34.692, 34.626, 34.6191, 34.6179, 34.662, 34.632, 34.6479, 34.6611, 34.6069, 34.6379, 34.6651, 34.575, 34.6169, 34.61, 34.5922, 34.627, 34.6129, 34.595, 34.6718, 34.6029, 34.5981, 34.6448, 34.6642, 34.6348, 34.6062, 34.6489, 34.6131, 34.6398, 34.6141, 34.616, 34.6341, 34.6189, 34.601, 34.5881, 34.5869, 34.5972, 34.6429, 34.6029, 34.5721, 34.6601, 34.595, 34.605, 34.6179, 34.6072, 34.6539, 34.5819, 34.595, 34.6992, 34.5979, 34.564, 34.601, 34.6608, 34.636, 34.6012, 34.5988, 34.6282, 34.658, 34.6329, 34.658, 34.646, 34.5809, 34.6351, 34.6429, 34.6279, 34.6401, 34.641, 34.6649, 34.6191, 34.6961, 34.6069, 34.632, 34.62, 34.5881, 34.652, 34.5919, 34.6301, 34.677, 34.6129, 34.6041, 34.682, 
Time to set up datastructures: 17861.4ms
34.0989, 34.0791, 34.111, 34.023, 34.0941, 34.107, 34.1079, 34.0869, 34.0931, 34.102, 34.085, 34.107, 34.075, 34.1151, 34.0688, 34.0562, 34.1048, 34.0822, 34.061, 34.091, 34.0919, 34.065, 34.086, 34.0981, 34.1058, 34.0621, 34.1239, 34.05, 34.054, 34.0531, 34.04, 34.1179, 34.1032, 34.107, 34.148, 34.0331, 34.0588, 34.1241, 34.0819, 34.157, 34.061, 34.1909, 34.066, 34.184, 34.0931, 34.095, 34.0879, 34.0881, 34.1048, 34.1051, 34.1029, 34.0891, 34.091, 34.071, 34.095, 34.0772, 34.06, 34.097, 34.1289, 34.1108, 34.075, 34.0772, 34.0638, 34.0972, 34.05, 34.07, 34.06, 34.0509, 34.0731, 34.0989, 34.0841, 34.044, 34.0719, 34.0822, 34.1008, 34.1132, 34.075, 34.0619, 34.075, 34.091, 34.0841, 34.0459, 34.101, 34.1091, 34.101, 34.085, 34.065, 34.091, 34.1032, 34.0748, 34.065, 34.045, 34.1241, 34.111, 34.0989, 34.055, 34.0788, 34.1082, 34.1089, 34.1029, 
Time to set up datastructures: 18042.8ms
34.0471, 34.0359, 34.0049, 34.049, 34.0331, 34.0459, 34.0118, 33.9811, 34.0431, 34.06, 34.0729, 34.059, 34.035, 34.055, 34.0769, 34.106, 34.0571, 34.039, 34.039, 34.066, 34.045, 34.05, 34.0221, 34.0629, 34.044, 34.075, 34.0621, 34.0579, 34.0459, 34.0452, 34.0619, 34.03, 34.0662, 34.0459, 34.04, 34.034, 34.0559, 34.0171, 34.0719, 34.0691, 34.1239, 34.0462, 34.066, 34.076, 34.137, 34.0569, 34.061, 34.013, 34.0478, 34.0171, 34.0559, 34.071, 34.0581, 34.0519, 34.0981, 34.045, 34.0531, 34.065, 34.0259, 34.054, 34.0891, 34.0569, 34.0769, 34.045, 34.1239, 34.1239, 34.0571, 34.0281, 34.0829, 34.055, 34.0409, 34.0629, 34.071, 34.0879, 34.086, 34.0481, 34.0729, 34.049, 34.0681, 34.065, 34.0641, 34.0378, 34.065, 33.9961, 34.0221, 34.029, 34.0199, 34.086, 34.045, 34.013, 34.055, 34.059, 34.0691, 34.0419, 34.06, 34.059, 34.065, 34.0271, 34.0569, 34.0459, 
Running TBB_graphs implementation with double the amount of partitions than threads
Time to set up datastructures: 10120ms
118.262, 118.327, 118.338, 117.578, 117.869, 118.445, 117.694, 117.86, 118.467, 117.812, 117.756, 118.152, 118.308, 117.854, 118.006, 118.535, 117.815, 118.296, 118.118, 117.806, 118.201, 117.803, 117.973, 118.164, 118.22, 118.407, 118.258, 118.21, 117.938, 118.074, 118.002, 118.293, 118.279, 118.057, 118.113, 117.94, 117.83, 118.122, 117.843, 117.9, 117.925, 118.18, 118.389, 117.824, 117.887, 117.84, 118.071, 117.844, 118.147, 118.519, 117.922, 117.907, 117.916, 118.146, 118.025, 118.208, 117.955, 118.03, 118.151, 117.867, 117.99, 120.619, 117.77, 118.328, 118.218, 118.209, 118.106, 118.022, 117.94, 117.943, 118.053, 118.065, 118.02, 118.051, 118.054, 118.031, 118.447, 118.176, 118.015, 117.912, 118.022, 118.084, 118.08, 118.224, 118.06, 118.473, 118.027, 118.065, 118.015, 118.087, 118.074, 118.192, 118.466, 118.639, 118.165, 118.129, 118.28, 118.01, 118.28, 118.313, 
Time to set up datastructures: 10091.5ms
81.2678, 81.3241, 80.821, 81.1989, 81.1861, 93.39, 87.8921, 81.0599, 81.3329, 81.4812, 81.3448, 81.2562, 81.4009, 81.0251, 81.4729, 81.512, 81.1348, 80.976, 81.342, 81.2111, 81.2159, 81.2171, 81.183, 81.315, 81.991, 81.4772, 81.4769, 81.6679, 81.5232, 81.4948, 81.1279, 81.3031, 81.054, 81.151, 81.285, 80.976, 81.4579, 81.2721, 81.2449, 81.7091, 81.0239, 80.9751, 81.0781, 81.383, 81.2759, 81.552, 81.1179, 81.3751, 81.455, 81.1081, 81.239, 81.6538, 81.1601, 81.1939, 81.6998, 81.2671, 81.151, 81.4979, 86.9551, 87.239, 83.529, 92.8371, 81.985, 81.491, 81.46, 81.502, 81.29, 81.7761, 81.5859, 82.0081, 81.3971, 81.1739, 81.898, 81.4281, 82.2141, 83.303, 82.18, 81.2349, 81.645, 81.47, 82.093, 81.3642, 81.162, 81.7161, 92.0339, 83.8971, 81.3079, 81.3231, 81.8229, 81.1441, 81.2891, 81.557, 81.1579, 81.095, 81.604, 81.2831, 80.9021, 81.5749, 87.579, 82.0351, 
Time to set up datastructures: 10101.8ms
69.7949, 63.278, 62.993, 63.2269, 63.293, 63.8902, 64.1789, 63.8559, 63.9951, 63.983, 63.2429, 63.4401, 63.1759, 62.9332, 63.3349, 69.1149, 68.64, 63.3621, 63.2579, 63.2, 63.164, 63.4711, 63.2529, 63.139, 63.3152, 63.23, 63.1378, 63.1661, 63.2651, 63.169, 63.2479, 63.7789, 63.046, 63.1311, 63.1809, 63.401, 63.1592, 63.221, 63.287, 63.2439, 63.1552, 63.3409, 63.091, 63.544, 63.3841, 63.0219, 63.3039, 63.1042, 63.318, 63.2799, 63.2651, 64.0709, 63.8061, 64.0631, 63.7429, 63.941, 63.9608, 64.115, 64.0101, 64.049, 64.013, 63.8859, 63.992, 64.126, 68.7931, 63.288, 63.3781, 63.1719, 62.988, 63.1912, 63.283, 63.5359, 63.309, 63.1211, 63.1599, 63.4701, 63.37, 68.891, 64.3361, 63.354, 63.2439, 63.194, 63.1552, 63.257, 63.338, 63.1859, 64.5671, 63.9238, 63.2041, 63.2751, 63.251, 63.1719, 63.3981, 63.221, 68.444, 64.945, 63.602, 63.138, 63.06, 63.133, 
Time to set up datastructures: 10121.5ms
55.0802, 55.306, 52.597, 52.3901, 52.5129, 52.567, 52.46, 52.418, 52.762, 52.398, 52.6311, 52.3639, 52.562, 52.5482, 52.4459, 52.5951, 52.4299, 52.712, 52.809, 52.5379, 52.423, 52.243, 52.46, 52.5711, 52.448, 52.4931, 52.4321, 52.496, 52.639, 52.7029, 52.454, 52.52, 52.444, 52.3911, 52.5119, 52.34, 52.6109, 52.6671, 52.628, 52.5079, 52.5501, 52.2921, 52.4199, 52.448, 52.5141, 52.4249, 52.5072, 52.623, 52.3369, 52.567, 52.4709, 52.4261, 52.5079, 58.974, 56.8728, 54.584, 56.623, 52.444, 52.4681, 52.546, 52.5081, 52.48, 52.5649, 52.474, 52.506, 52.4421, 52.618, 52.618, 52.4559, 52.428, 52.4962, 52.46, 52.7039, 52.5548, 52.4342, 52.4569, 52.5911, 52.29, 52.603, 52.3951, 52.6409, 52.563, 52.5331, 52.6271, 52.5148, 52.628, 52.5341, 52.5341, 52.5239, 52.4561, 52.5608, 52.284, 52.613, 52.573, 52.4361, 52.7711, 52.5079, 52.4969, 52.6302, 52.335, 
Time to set up datastructures: 10084.9ms
46.627, 46.525, 46.4129, 46.2739, 46.1111, 46.3281, 46.2949, 46.469, 46.186, 46.34, 46.5131, 46.4089, 46.3951, 46.6971, 46.3769, 46.248, 46.3772, 46.6578, 46.7331, 46.515, 46.6161, 46.5341, 46.6368, 46.3822, 46.5739, 46.669, 46.386, 46.2508, 46.5181, 46.2921, 46.5488, 46.5841, 46.644, 46.365, 46.5651, 46.5229, 46.3948, 46.4711, 46.3519, 46.3731, 46.35, 46.6039, 46.6549, 46.448, 46.6599, 46.5651, 46.5059, 46.5031, 46.649, 46.4768, 46.32, 46.2558, 46.3672, 46.3729, 46.5162, 46.4959, 46.7291, 46.4859, 46.514, 46.6449, 46.453, 46.5441, 46.417, 46.4301, 46.3459, 46.4389, 46.4311, 46.617, 46.4599, 46.603, 46.664, 46.3848, 46.5569, 46.5779, 46.051, 46.4351, 46.315, 46.7219, 46.803, 46.4849, 46.4132, 46.5419, 46.5629, 46.4721, 46.5221, 46.489, 46.4349, 46.649, 46.5128, 46.5791, 46.5381, 46.351, 46.6459, 46.3431, 46.4342, 46.639, 46.6468, 46.639, 46.545, 46.7598, 
Time to set up datastructures: 10120.5ms
42.3908, 42.593, 42.4669, 42.182, 42.515, 42.336, 42.45, 42.408, 42.4562, 42.6641, 42.1958, 42.222, 42.7101, 42.6152, 42.5, 42.321, 42.5029, 42.4142, 42.4359, 42.676, 42.5861, 42.485, 42.4221, 42.573, 42.5539, 42.6061, 42.4969, 42.5901, 42.4409, 42.464, 42.542, 42.6321, 42.5339, 42.6371, 42.5119, 42.4781, 42.6009, 42.4168, 42.5091, 42.4831, 42.448, 42.5429, 42.4809, 42.546, 42.4941, 42.578, 42.6118, 42.532, 42.654, 42.398, 42.5539, 42.393, 42.49, 42.552, 42.6331, 42.665, 42.4371, 42.5029, 42.6171, 42.778, 42.5601, 42.33, 42.429, 42.4299, 42.4461, 42.613, 42.4829, 42.4869, 42.4261, 42.3789, 42.5971, 42.5889, 42.578, 42.6102, 42.6109, 42.623, 42.3639, 42.5088, 42.335, 42.532, 42.5022, 42.5479, 42.5289, 42.3861, 42.542, 42.531, 42.3682, 42.418, 42.1939, 42.4471, 42.5229, 42.4991, 42.357, 42.5191, 42.3989, 42.402, 42.372, 42.352, 42.573, 42.4459, 
Time to set up datastructures: 10079.5ms
39.9461, 39.6788, 39.9439, 39.9449, 39.8419, 39.901, 39.9141, 39.8719, 39.7141, 39.844, 39.825, 39.763, 39.9821, 39.7639, 39.8009, 40.0119, 39.911, 39.9721, 39.8679, 39.8321, 39.8381, 39.916, 39.7918, 39.911, 39.8998, 40.0062, 39.773, 39.8309, 39.747, 39.902, 39.855, 39.855, 39.798, 39.7999, 40.1421, 39.8481, 39.876, 39.9249, 39.8102, 39.763, 39.788, 39.973, 40.0259, 39.845, 39.7551, 43.684, 43.169, 43.246, 40.0159, 39.7561, 39.7921, 40.096, 39.9148, 39.8731, 39.7549, 39.5741, 39.7699, 39.804, 39.7532, 39.8588, 39.732, 39.7012, 39.8779, 39.7019, 39.8111, 39.902, 39.8009, 39.6612, 39.597, 39.7239, 39.9339, 39.7811, 39.8531, 40.005, 39.731, 39.8901, 39.8099, 39.803, 39.593, 39.819, 39.7811, 39.7558, 39.8321, 39.66, 39.9301, 39.8049, 40.0209, 39.8951, 39.7799, 39.8221, 39.8331, 39.942, 39.6869, 39.8719, 39.907, 39.8262, 39.927, 39.943, 39.7871, 39.747, 
Time to set up datastructures: 10098.7ms
37.7061, 37.766, 37.9949, 37.7221, 37.663, 37.9889, 37.662, 37.761, 37.956, 37.946, 37.904, 37.9188, 37.8952, 37.8909, 37.7669, 37.823, 37.7791, 37.8189, 37.9272, 37.6658, 37.7839, 37.852, 37.8959, 37.7791, 37.8439, 37.842, 37.9789, 37.801, 37.9431, 37.7619, 37.879, 37.7991, 38.008, 37.9, 41.086, 37.8051, 37.6439, 37.7932, 37.8258, 37.941, 37.6551, 37.75, 37.6999, 37.7531, 37.8001, 37.7009, 37.7071, 37.823, 37.9059, 37.781, 37.6642, 37.6599, 37.6751, 37.7209, 37.6179, 37.761, 37.7359, 37.652, 37.7371, 37.724, 37.9009, 37.7059, 37.7309, 37.8079, 37.765, 37.7009, 37.7741, 37.7121, 37.781, 37.6611, 37.8349, 37.822, 37.6132, 37.7679, 37.8211, 37.658, 37.7591, 37.7738, 37.703, 37.7631, 40.56, 37.878, 37.827, 37.7989, 37.7252, 37.7219, 37.9212, 37.8718, 37.7822, 37.7469, 37.8811, 37.8098, 37.8032, 37.689, 37.6151, 37.8048, 37.8911, 37.6749, 37.714, 37.8251, 
Time to set up datastructures: 10084.9ms
39.2468, 38.3611, 36.3522, 36.2668, 36.4079, 36.4699, 36.305, 36.33, 36.3691, 36.437, 36.468, 36.4039, 36.4909, 36.35, 36.474, 36.3739, 36.3541, 36.4161, 36.2761, 36.3429, 36.4082, 36.341, 36.3669, 36.447, 36.3631, 36.5341, 36.5789, 36.3021, 36.3429, 36.2542, 36.299, 36.365, 36.2689, 36.406, 36.339, 36.2589, 36.428, 36.3691, 37.0531, 36.35, 36.3209, 36.36, 36.3629, 36.5498, 36.402, 36.335, 36.3441, 36.3638, 36.339, 36.3431, 36.2749, 36.406, 36.31, 36.257, 36.334, 36.262, 36.2408, 36.3431, 36.2849, 36.3131, 36.273, 36.422, 36.3331, 36.402, 36.3989, 36.2971, 36.2411, 36.242, 36.2821, 36.3369, 36.382, 36.3531, 36.381, 36.442, 36.3269, 36.411, 36.3481, 36.2618, 36.355, 36.4609, 36.386, 36.3719, 36.3982, 45.4779, 39.1672, 36.4509, 36.2761, 36.5009, 36.4211, 36.2039, 36.4242, 36.298, 36.4799, 36.221, 36.4139, 36.303, 36.315, 36.1562, 36.4239, 36.314, 
Time to set up datastructures: 10087.8ms
35.2809, 35.3949, 35.4862, 35.3789, 35.758, 35.3291, 35.2929, 35.248, 35.3689, 35.331, 35.516, 38.3441, 38.142, 35.435, 35.2371, 35.2519, 35.238, 35.1582, 35.4629, 35.5618, 35.409, 35.2371, 35.2821, 35.3379, 35.336, 35.229, 35.3119, 35.2721, 35.253, 35.367, 35.527, 35.3739, 35.5151, 35.6169, 35.4531, 35.3022, 35.4168, 35.255, 35.1572, 35.2519, 35.373, 35.2459, 35.1801, 35.3749, 35.2991, 35.3751, 35.181, 35.394, 35.3501, 35.367, 35.2318, 35.228, 35.2921, 35.393, 35.3689, 35.2559, 35.4021, 35.526, 35.351, 35.2929, 35.1942, 35.316, 35.362, 35.2879, 35.238, 35.5802, 35.1849, 35.2321, 35.403, 35.5079, 35.285, 35.2681, 35.3889, 35.27, 35.2249, 35.254, 35.341, 35.459, 35.414, 35.28, 35.392, 35.315, 35.2881, 35.434, 35.332, 35.2359, 35.5952, 35.3839, 35.5041, 35.3279, 35.207, 35.4519, 35.4512, 35.4469, 35.388, 35.3401, 35.217, 35.3, 35.429, 35.1679, 
Time to set up datastructures: 10133.1ms
35.0499, 34.93, 34.8191, 34.8639, 34.9391, 34.8411, 34.909, 34.8639, 34.9309, 34.8952, 34.9569, 34.754, 34.822, 34.9429, 35.0459, 34.965, 34.893, 34.7891, 34.9829, 34.8761, 34.8539, 34.966, 34.8949, 34.9901, 34.966, 36.689, 35.049, 34.9131, 34.7929, 34.8971, 34.899, 34.812, 34.8601, 34.9669, 34.7979, 34.97, 34.8411, 34.9169, 34.8191, 34.863, 34.8361, 35.641, 35.0611, 35.1219, 34.95, 34.863, 34.7731, 34.8239, 34.898, 34.9441, 34.8611, 34.97, 34.8959, 35.0351, 35.0199, 34.9381, 34.8289, 34.8711, 34.8799, 34.9061, 34.8818, 34.8041, 34.9081, 34.867, 34.9588, 34.8492, 34.9669, 34.868, 34.996, 34.9469, 34.9391, 34.8361, 34.919, 34.8649, 34.8418, 34.781, 35.018, 34.8761, 34.848, 34.9269, 35.1708, 35.0351, 34.936, 34.9779, 34.9922, 34.9, 34.9469, 34.982, 35.0301, 34.816, 37.039, 35.1648, 34.9371, 34.9388, 35.0022, 34.9789, 35.3529, 34.893, 34.867, 34.8101, 
Time to set up datastructures: 10090ms
34.255, 34.2379, 34.281, 34.2782, 34.3058, 34.297, 34.251, 34.277, 34.2259, 34.2722, 34.3709, 34.2901, 34.3699, 34.3111, 34.287, 34.3959, 34.3981, 34.281, 34.272, 34.2691, 34.2569, 34.416, 34.2801, 34.2331, 34.2779, 34.277, 34.328, 34.2369, 34.3869, 34.4388, 34.4081, 34.2391, 34.4019, 34.363, 34.3759, 34.306, 34.3339, 34.2822, 34.2889, 34.3931, 34.255, 34.236, 34.3721, 34.3111, 34.318, 34.447, 36.098, 37.9381, 35.111, 34.3001, 34.3509, 34.3029, 34.358, 34.2109, 34.2939, 34.198, 34.215, 34.3511, 34.277, 34.308, 34.2071, 34.2319, 34.292, 34.4281, 34.234, 34.2429, 34.4241, 34.282, 34.4551, 34.246, 34.389, 34.282, 34.3342, 34.251, 34.2209, 34.1671, 34.2262, 34.292, 34.23, 34.2958, 34.235, 34.4038, 34.291, 34.2259, 34.1949, 34.441, 34.3649, 34.256, 34.322, 34.3301, 34.2839, 34.3242, 36.094, 37.7412, 34.9119, 34.2259, 34.3361, 34.3621, 34.3931, 34.2548, 
Time to set up datastructures: 10082.7ms
34.2879, 34.2669, 34.2751, 34.3029, 34.2391, 34.4272, 34.204, 34.308, 34.2541, 34.339, 34.2419, 34.245, 34.261, 34.4031, 34.2441, 34.265, 34.2419, 35.744, 34.3592, 34.277, 34.24, 34.3049, 34.306, 34.2782, 34.3449, 34.235, 34.327, 34.2481, 34.2059, 34.132, 34.3091, 34.688, 40.818, 37.5559, 39.3801, 34.5249, 34.2519, 34.2262, 34.234, 34.189, 34.3099, 34.374, 34.3168, 34.23, 34.255, 34.3549, 34.255, 34.3161, 34.1809, 34.3242, 35.9449, 34.327, 34.3029, 34.3599, 34.2262, 34.1821, 34.2429, 34.384, 34.5201, 34.2519, 34.271, 34.2369, 34.2832, 34.2569, 34.2729, 34.183, 34.2731, 34.318, 34.2879, 34.4892, 36.6929, 34.714, 34.6971, 34.3442, 34.189, 34.24, 34.3089, 34.2112, 34.2059, 34.349, 34.2112, 34.4369, 34.363, 34.255, 34.2479, 34.2441, 34.2031, 34.2329, 34.3561, 34.3051, 34.374, 34.1339, 34.2779, 34.2572, 34.3549, 34.2159, 34.3111, 34.1921, 34.3709, 34.194, 
Running Threadpool implementation with double the amount of partitions than threads
Time to set up datastructures: 10276.8ms
118.754, 128.952, 118.633, 118.066, 118.009, 125.474, 118.414, 117.939, 118.168, 117.915, 117.884, 117.893, 117.973, 117.953, 118.101, 118.109, 118.648, 118.237, 118.129, 118.085, 118.086, 118.186, 118.148, 117.955, 118.854, 118.212, 128.954, 119.56, 118.137, 118.177, 118.021, 118.352, 118.109, 118.157, 131.04, 118.411, 118.162, 118.314, 118.357, 126.764, 118.416, 118.174, 118.983, 119.993, 118.109, 118.179, 118.17, 118.038, 118.061, 118.269, 118.223, 119.494, 117.999, 118.219, 118.326, 118.295, 118.419, 118.061, 118.109, 123.225, 118.185, 118.381, 118.46, 118.192, 118, 118.11, 118.048, 118.616, 127.301, 118.264, 125.727, 118.542, 118.635, 118.17, 118.561, 118.429, 118.686, 118.236, 118.13, 118.189, 118.223, 118.147, 121.919, 118.193, 118.264, 118.426, 118.167, 118.22, 118.33, 118.29, 118.07, 118.229, 118.485, 130.59, 118.354, 118.21, 118.297, 118.097, 122.907, 118.493, 
Time to set up datastructures: 10249.9ms
92.241, 83.559, 81.1491, 81.4378, 80.9321, 81.2778, 87.641, 81.1951, 81.188, 81.0211, 87.0099, 81.6171, 86.6001, 81.269, 83.1959, 81.254, 84.985, 81.1269, 81.2199, 87.4839, 81.5001, 81.3479, 81.1641, 81.512, 85.3539, 81.219, 81.1629, 81.7871, 81.044, 88.5091, 85.8889, 81.3301, 81.2001, 87.2848, 81.4631, 85.227, 81.321, 94.6381, 85.2311, 81.3699, 86.369, 81.249, 85.4199, 81.4669, 81.322, 81.177, 81.2411, 91.4519, 83.9591, 81.531, 85.66, 81.3091, 81.2299, 88.047, 81.8839, 81.29, 81.4881, 81.4059, 81.4271, 95.475, 87.436, 82.463, 81.2461, 81.4209, 81.3839, 81.2809, 81.2979, 81.537, 81.363, 81.25, 81.6071, 81.49, 81.3539, 88.5041, 90.775, 88.5839, 93.3321, 85.5241, 81.4199, 86.5059, 81.5332, 88.573, 81.5599, 81.2891, 88.748, 81.6801, 81.491, 89.6361, 81.7349, 81.5172, 89.0489, 81.7511, 81.465, 81.305, 81.461, 94.624, 83.4839, 81.3639, 81.768, 81.233, 
Time to set up datastructures: 10248.9ms
68.186, 67.193, 63.308, 63.067, 63.426, 63.3509, 63.045, 69.5941, 66.8058, 63.447, 63.6392, 63.0999, 63.344, 63.2238, 63.41, 63.6649, 63.6671, 63.796, 64.0011, 63.7999, 69.0401, 69.067, 63.899, 63.2601, 63.736, 65.1228, 63.4382, 63.3559, 63.8161, 63.798, 64.002, 63.7829, 64.0681, 63.8959, 63.8351, 68.6159, 64.9819, 63.17, 63.678, 63.776, 65.3729, 63.4911, 65.0761, 63.4799, 63.4849, 63.745, 63.756, 63.8189, 68.089, 63.8621, 65.0489, 63.2849, 63.761, 63.874, 64.6639, 63.7679, 63.8661, 68.625, 64.0509, 63.4, 65.7871, 64.9669, 63.333, 63.2761, 63.4379, 63.9851, 65.0618, 63.8859, 63.2579, 63.343, 64.2071, 63.3161, 63.478, 63.3531, 63.22, 63.375, 63.3609, 63.215, 65.985, 64.9569, 63.199, 63.354, 63.3299, 64.039, 64.008, 63.838, 63.56, 64.1539, 67.6601, 64.0309, 63.2601, 63.3729, 63.3602, 63.334, 63.319, 63.38, 63.7231, 63.8759, 68.8879, 65.917, 
Time to set up datastructures: 10256.3ms
52.074, 52.13, 52.2001, 52.1541, 52.115, 52.2861, 52.1278, 52.228, 52.2459, 58.0461, 57.183, 52.506, 58.1291, 60.8351, 52.87, 52.2869, 52.6481, 52.4971, 52.4659, 52.3901, 52.4499, 52.408, 52.2149, 52.3722, 52.454, 52.3598, 58.2521, 58.6901, 56.7911, 53.5929, 52.439, 53.0901, 58.646, 54.424, 52.5041, 52.5248, 52.1932, 52.3949, 52.335, 57.6451, 55.0561, 52.6021, 52.4988, 52.4211, 52.7799, 52.4991, 52.3951, 52.5038, 52.474, 52.2161, 52.5231, 52.5818, 52.5112, 52.4778, 52.4631, 52.376, 58.7559, 57.0052, 52.846, 58.404, 53.4539, 52.629, 52.5699, 52.4921, 52.3388, 52.6249, 52.4762, 52.4929, 58.2712, 56.6108, 59.0229, 52.7999, 54.4591, 55.4881, 52.722, 52.4259, 52.392, 52.4042, 52.4628, 52.3691, 52.531, 52.732, 52.5939, 52.531, 52.49, 52.2461, 52.352, 52.551, 52.4039, 58.0301, 56.5901, 53.1199, 52.4521, 57.5509, 52.917, 52.6161, 52.6369, 52.695, 52.655, 52.614, 
Time to set up datastructures: 10298.4ms
46.102, 46.6411, 46.1478, 46.5052, 46.968, 46.3169, 50.292, 50.1928, 48.605, 50.328, 51.4841, 48.2159, 46.9809, 46.3221, 46.7329, 46.8771, 46.319, 46.9139, 46.962, 46.4461, 50.55, 52.506, 46.5879, 46.262, 46.2551, 47.4339, 46.38, 46.2451, 46.2129, 46.2658, 46.3331, 46.2971, 46.314, 46.4699, 46.3359, 46.2699, 46.248, 46.2852, 46.2718, 46.4702, 46.1659, 46.1161, 46.2768, 46.2382, 51.162, 53.803, 47.38, 46.2658, 46.3021, 46.4602, 46.3779, 46.4239, 46.468, 46.298, 46.2019, 46.319, 46.3259, 46.365, 46.458, 46.3281, 46.4289, 46.2351, 46.3679, 46.4201, 46.3769, 46.2589, 46.2389, 46.694, 46.3691, 46.376, 46.4721, 46.2201, 46.386, 46.3209, 46.299, 46.2751, 46.3979, 46.196, 46.571, 47.9589, 46.217, 46.396, 46.3681, 46.3009, 46.3512, 47.673, 46.4029, 50.983, 51.075, 50.931, 51.218, 46.4001, 50.842, 51.764, 50.936, 50.935, 47.2341, 46.864, 46.267, 46.7181, 
Time to set up datastructures: 10263ms
42.3119, 42.9192, 42.2258, 42.613, 42.2151, 42.2161, 42.6168, 42.4321, 42.7201, 43.01, 42.3751, 42.824, 42.8019, 46.8531, 45.7361, 45.4519, 45.4321, 42.973, 42.654, 42.5179, 42.3999, 42.3031, 42.3369, 42.3291, 42.3019, 42.5551, 42.4011, 42.501, 42.4418, 42.4099, 42.4011, 42.3191, 42.4759, 42.5041, 42.3138, 42.4259, 42.347, 42.382, 42.5458, 46.6921, 42.8989, 42.5498, 44.523, 45.8381, 42.5119, 42.4471, 42.3388, 42.4449, 42.4919, 42.4862, 42.4359, 42.8901, 43.7829, 44.471, 44.1139, 43.1612, 42.4299, 42.9761, 42.4309, 42.4101, 42.6991, 42.3779, 42.568, 46.587, 43.7031, 47.6749, 43.6852, 42.49, 42.855, 42.6118, 42.4001, 42.872, 42.4819, 42.675, 42.7492, 42.444, 42.5389, 45.3341, 42.8391, 47.4551, 46.278, 48.3899, 43.4592, 42.583, 42.9728, 42.4352, 42.4469, 42.9041, 42.506, 42.573, 46.638, 47.9641, 46.5279, 42.6731, 43.0079, 42.5642, 42.707, 42.901, 42.5899, 42.573, 
Time to set up datastructures: 10280.4ms
41.6069, 40.415, 39.664, 39.649, 39.777, 39.6199, 43.8859, 41.9688, 42.783, 42.7611, 40.7441, 39.68, 39.6929, 39.6302, 39.6299, 39.8009, 39.644, 42.978, 42.8331, 42.748, 43.3869, 42.2041, 40.4389, 39.6559, 39.8731, 39.722, 40.9789, 41.1582, 39.7689, 39.8319, 39.7651, 39.742, 39.9311, 39.737, 39.906, 39.721, 39.8078, 40.632, 39.7398, 39.748, 39.7811, 39.8259, 43.5281, 43.5221, 45.0108, 44.9772, 40.5679, 39.8281, 39.726, 39.8309, 39.8791, 39.85, 39.8591, 39.7248, 39.8178, 39.7761, 39.8149, 39.557, 39.7301, 40.4911, 39.7289, 39.7401, 39.66, 39.7201, 39.865, 39.808, 39.9809, 39.952, 39.66, 39.911, 39.8369, 39.9311, 39.902, 39.7441, 39.8588, 39.7332, 39.82, 39.65, 39.8071, 44.4949, 42.906, 40.987, 44.77, 39.9952, 39.7809, 39.9661, 39.7429, 39.8471, 39.8319, 39.691, 39.6862, 39.7279, 39.8579, 39.7229, 39.7201, 39.7649, 39.9511, 39.6311, 39.5899, 39.633, 
Time to set up datastructures: 10254.9ms
37.637, 37.6692, 37.55, 40.921, 38.3549, 39.2251, 40.0879, 40.0071, 40.1759, 38.6701, 37.7381, 38.2481, 38.5978, 37.7841, 37.693, 37.8239, 37.817, 37.5741, 37.8239, 37.739, 37.648, 38.002, 41.069, 41.986, 40.365, 40.9241, 41.033, 39.4251, 38.4281, 38.1868, 37.822, 37.7219, 37.806, 37.792, 40.1731, 37.869, 37.6971, 37.792, 37.8671, 37.6749, 37.76, 37.7278, 37.6542, 37.5769, 37.8289, 37.8151, 37.91, 37.73, 37.7891, 37.689, 37.729, 37.5819, 37.8542, 37.8039, 37.765, 41.1041, 40.561, 38.1329, 37.7998, 37.827, 37.7798, 37.8211, 37.89, 37.6232, 37.7059, 37.859, 37.842, 37.683, 37.8559, 37.8079, 37.74, 37.7719, 37.8411, 37.8799, 41.0969, 41.1301, 37.8609, 37.7522, 37.73, 40.765, 38.002, 37.77, 37.8819, 37.8711, 37.8599, 37.8881, 37.6301, 37.828, 37.7572, 37.802, 37.827, 37.9188, 37.8132, 37.606, 37.8258, 37.75, 37.7071, 37.7541, 37.765, 37.7598, 
Time to set up datastructures: 10267ms
37.4899, 37.0851, 36.6931, 36.648, 36.6759, 36.5741, 36.557, 36.582, 36.4711, 36.454, 36.3259, 36.5291, 36.402, 36.3741, 36.468, 36.361, 36.263, 39.176, 39.8221, 40.509, 38.964, 38.106, 38.918, 38.9428, 39.4771, 39.5629, 38.2872, 37.3218, 36.9, 36.3781, 36.469, 36.377, 36.3331, 36.3381, 36.3579, 36.299, 39.3832, 36.5539, 36.335, 36.2399, 36.4909, 36.473, 36.3472, 36.4559, 36.4492, 36.5169, 36.52, 39.115, 36.495, 36.495, 36.335, 36.4032, 36.3979, 36.4571, 36.5181, 36.4099, 36.4661, 36.392, 36.4621, 36.499, 36.499, 36.4659, 36.443, 36.4358, 36.396, 36.643, 36.4611, 39.145, 36.7808, 39.1972, 39.3128, 38.6102, 38.9309, 39.1631, 39.5908, 39.7241, 39.4289, 37.734, 37.143, 36.8001, 36.4358, 36.494, 36.346, 36.474, 36.494, 36.885, 36.9079, 36.8812, 36.509, 36.474, 36.2508, 36.4311, 36.8409, 39.7711, 39.247, 36.8171, 37.226, 37.6291, 38.409, 38.3868, 
Time to set up datastructures: 10250.4ms
35.5301, 35.563, 35.578, 35.742, 35.6879, 35.584, 35.99, 37.7841, 35.9108, 35.5251, 35.6719, 35.5701, 35.5539, 35.517, 37.1311, 37.5221, 35.861, 35.707, 35.5408, 35.6622, 35.7158, 35.567, 35.532, 35.5, 35.495, 35.5439, 35.5852, 35.6119, 35.619, 35.5811, 35.6328, 35.5511, 35.552, 35.7869, 35.5041, 35.47, 35.583, 35.4049, 35.4998, 35.5148, 35.537, 35.502, 35.5299, 35.3792, 35.6238, 35.5289, 35.526, 35.532, 35.4941, 35.4838, 35.6209, 35.7299, 35.675, 35.5871, 35.517, 35.6321, 35.619, 35.5358, 35.568, 35.568, 35.32, 35.5442, 35.6789, 35.5461, 35.562, 35.641, 35.6359, 35.603, 35.4431, 35.4831, 35.5201, 35.4779, 35.4941, 35.543, 35.558, 35.542, 38.156, 35.625, 35.562, 35.435, 35.6259, 35.4831, 35.6729, 35.7311, 37.8699, 35.8062, 35.5799, 35.671, 35.645, 35.476, 35.7401, 35.6469, 35.603, 35.6009, 35.6178, 35.579, 35.6379, 35.5582, 35.5408, 35.568, 
Time to set up datastructures: 10273.2ms
35.0039, 34.966, 35.0111, 35.3031, 35.501, 35.2449, 34.965, 34.8749, 34.9722, 35.0549, 35.125, 35.0189, 34.9481, 35.044, 34.971, 34.919, 34.9369, 36.1679, 34.9481, 35.069, 34.9309, 34.965, 35.032, 34.9431, 34.9989, 34.9131, 34.9221, 34.9319, 34.9858, 35.1698, 34.9412, 34.9879, 35.0161, 34.986, 35.0289, 34.8549, 34.987, 34.9889, 36.973, 36.582, 35.1491, 34.972, 35.008, 35.2168, 34.9622, 34.9069, 34.919, 35.0032, 34.9498, 35.027, 36.5522, 36.9918, 35.1992, 34.9629, 35.712, 34.9939, 34.8401, 34.8589, 34.9491, 35.2449, 35.048, 35.4929, 36.7601, 35.9941, 36.0031, 36.1559, 35.8799, 36.098, 35.9919, 35.1231, 36.6349, 35.1279, 36.7658, 35.0659, 34.9431, 34.9929, 35.078, 35.0089, 35.0211, 35.0339, 34.9591, 35.022, 34.9848, 35.0142, 34.8561, 34.9479, 35.058, 35.059, 34.801, 34.909, 35.044, 34.8821, 34.7331, 34.8699, 34.879, 34.8949, 34.9512, 35.0249, 35.069, 34.9159, 
Time to set up datastructures: 10266.5ms
34.4009, 34.302, 34.451, 34.317, 34.354, 34.41, 34.348, 34.3568, 34.4, 34.332, 34.3409, 34.43, 34.4951, 34.3978, 34.4009, 34.4532, 34.456, 34.2789, 34.4071, 34.7071, 35.1069, 35.0502, 35.111, 35.3329, 35.4321, 35.259, 35.6259, 35.7609, 35.768, 35.641, 35.6531, 35.969, 35.795, 35.8181, 36.144, 36.046, 35.9609, 35.5599, 36.0558, 36.057, 36.201, 36.0909, 36.6561, 36.4721, 37.3828, 37.009, 35.9929, 35.759, 34.6012, 34.4648, 34.991, 35.274, 35.352, 35.151, 35.2662, 35.3398, 35.3, 35.7058, 35.444, 35.538, 35.4779, 35.8081, 35.7671, 35.794, 35.9139, 35.773, 35.84, 35.9569, 35.8, 36.0801, 35.8989, 36.0241, 35.789, 35.9249, 35.717, 35.8288, 35.593, 35.938, 35.681, 35.9869, 35.9972, 36.6161, 37.7619, 36.9439, 37.25, 37.034, 36.3171, 36.4509, 36.113, 36.0899, 35.9461, 35.7518, 35.759, 35.7549, 36.0742, 35.9159, 35.794, 35.7962, 35.9879, 35.9662, 
Time to set up datastructures: 10268.3ms
34.9422, 35.1279, 35.4052, 35.547, 35.5759, 35.496, 35.6638, 35.6309, 35.387, 35.445, 36.654, 37.148, 36.3851, 36.545, 36.3159, 36.494, 36.675, 35.8641, 35.82, 35.706, 35.6231, 35.3119, 35.3539, 35.8441, 35.815, 35.5511, 35.8019, 35.4671, 36.176, 35.799, 36.71, 36.5191, 36.0529, 37.1871, 36.052, 36.401, 36.1888, 36.0231, 35.558, 35.3329, 35.418, 35.1329, 35.1191, 35.115, 34.831, 34.637, 34.4551, 34.2259, 34.184, 34.3511, 35.639, 34.482, 34.683, 34.961, 35.187, 35.2809, 35.6581, 35.2421, 35.5411, 35.4638, 35.5501, 35.744, 35.7521, 35.733, 35.6619, 35.959, 35.46, 35.6441, 35.675, 35.769, 35.7661, 35.7721, 35.8019, 35.8591, 35.5561, 35.8739, 35.4371, 35.9728, 36.078, 36.401, 36.2411, 36.341, 36.078, 36.3741, 35.8951, 35.6128, 36.1202, 34.755, 34.375, 34.6141, 34.467, 34.7309, 34.8191, 35.069, 35.157, 35.315, 35.2149, 35.641, 35.557, 35.403, 
Running CRSMerge implementation
Time to set up datastructures: 15005ms
117.103, 117.133, 117.252, 117.192, 117.295, 117.317, 117.11, 117.24, 117.186, 117.218, 117.244, 117.366, 117.169, 117.168, 117.538, 117.371, 117.239, 117.478, 117.327, 117.189, 117.303, 117.217, 117.29, 117.135, 117.185, 117.223, 117.15, 117.378, 117.364, 117.259, 117.203, 117.524, 117.214, 117.418, 117.194, 117.175, 117.163, 117.478, 117.303, 117.263, 117.289, 117.322, 117.071, 117.198, 117.214, 117.271, 117.222, 117.209, 117.206, 117.183, 117.265, 117.243, 117.233, 117.183, 117.405, 117.347, 117.181, 117.235, 117.239, 117.186, 117.264, 117.302, 117.314, 117.291, 117.148, 117.198, 117.4, 117.292, 117.145, 117.384, 117.136, 117.232, 117.37, 117.28, 117.239, 117.345, 117.198, 117.161, 117.153, 117.163, 117.319, 117.222, 117.265, 117.149, 117.24, 117.207, 117.17, 117.25, 117.352, 117.35, 117.351, 117.245, 117.33, 117.285, 117.284, 117.287, 117.358, 117.361, 117.249, 117.285, 
Time to set up datastructures: 12000.8ms
80.5559, 80.569, 80.492, 80.5731, 80.6038, 80.548, 80.5449, 80.6098, 80.4288, 80.569, 80.518, 80.869, 80.693, 80.6699, 80.791, 80.996, 80.801, 80.636, 80.5209, 80.6501, 80.682, 80.6539, 80.652, 80.8911, 80.5728, 80.5252, 80.7829, 80.6282, 80.574, 80.5309, 80.832, 80.586, 80.811, 81.1491, 80.7619, 80.56, 80.828, 80.575, 80.5161, 80.847, 80.543, 80.55, 80.672, 80.538, 80.6649, 80.6191, 80.601, 80.6251, 80.77, 80.792, 80.6479, 80.5392, 80.6189, 80.5171, 80.5349, 80.507, 80.6282, 80.7309, 80.6909, 80.543, 80.7362, 81.013, 80.8229, 80.6971, 80.478, 80.652, 80.5862, 80.6119, 80.409, 80.95, 80.596, 80.55, 80.8949, 80.8241, 80.57, 80.5149, 80.4942, 80.5409, 80.6739, 80.523, 80.5461, 80.7259, 80.95, 80.699, 80.6732, 80.554, 80.9038, 80.6961, 80.6091, 80.92, 80.6329, 80.6561, 80.5221, 80.646, 80.632, 80.6119, 80.7061, 80.8399, 80.7471, 80.6398, 
Time to set up datastructures: 17306.4ms
62.7949, 62.737, 62.5911, 62.772, 62.7339, 62.8121, 62.6209, 62.788, 62.6981, 62.6628, 62.71, 62.716, 62.6431, 62.6919, 62.819, 62.7098, 62.8541, 62.506, 62.7131, 62.768, 62.887, 62.907, 62.69, 62.6791, 62.659, 62.8829, 62.726, 62.69, 62.7911, 62.747, 62.788, 62.99, 62.8421, 62.736, 62.7379, 62.7451, 62.6228, 62.8331, 62.701, 62.6531, 62.7379, 62.7351, 62.7201, 62.7089, 62.891, 62.7952, 62.8479, 62.772, 62.6931, 62.649, 62.7899, 62.7701, 62.685, 62.8541, 62.6059, 62.742, 62.6771, 62.8428, 62.7892, 62.7868, 62.6862, 62.8269, 62.721, 62.783, 62.8421, 62.8059, 62.7761, 62.8569, 62.7582, 62.9098, 62.788, 62.7589, 62.644, 62.8412, 62.722, 62.8641, 62.856, 62.768, 62.778, 62.8779, 62.6941, 62.7971, 62.7348, 62.6631, 62.7789, 62.8312, 62.928, 62.7329, 62.7649, 62.9001, 62.881, 62.8672, 62.7379, 62.8281, 62.7968, 62.731, 62.768, 62.948, 62.7921, 62.865, 
Time to set up datastructures: 16639.9ms
52.3441, 52.3081, 52.0749, 52.247, 52.1278, 52.2442, 52.2709, 52.1882, 52.325, 52.4008, 52.4452, 52.274, 52.501, 52.4559, 52.2852, 52.1719, 52.268, 52.283, 52.218, 52.453, 52.3989, 52.418, 52.2749, 52.1188, 52.4051, 52.5141, 52.2299, 52.319, 52.433, 52.3341, 52.1719, 52.3701, 52.516, 52.438, 52.2299, 52.3312, 52.1009, 52.3269, 52.428, 52.3841, 52.29, 52.3481, 52.0868, 52.3522, 52.381, 52.3829, 52.135, 52.4459, 52.3541, 52.3279, 52.2511, 52.356, 52.372, 52.3441, 52.1579, 52.3062, 52.319, 52.4428, 52.3422, 52.4268, 52.248, 52.403, 52.108, 52.495, 52.3779, 52.305, 52.371, 52.3269, 52.4549, 52.536, 52.6419, 52.372, 52.2292, 52.33, 52.4681, 52.377, 52.4409, 52.278, 52.2501, 52.3448, 52.4549, 52.3629, 52.5331, 52.3069, 52.402, 52.3851, 52.464, 52.2659, 52.3322, 52.428, 52.3689, 52.283, 52.2151, 52.352, 52.5119, 52.2609, 52.4271, 52.2859, 52.5401, 52.1979, 
Time to set up datastructures: 17833.3ms
45.8021, 45.85, 45.7668, 45.7282, 45.8138, 45.8932, 45.8958, 45.9371, 45.9001, 45.8488, 45.9781, 45.7871, 45.7709, 45.893, 45.892, 45.7361, 45.9111, 45.9161, 45.8651, 45.7909, 46.01, 45.8961, 45.877, 46.0489, 45.8891, 45.9239, 45.8879, 45.7871, 45.979, 45.861, 45.83, 45.908, 45.9659, 45.9361, 45.8009, 45.887, 45.887, 45.9242, 46.088, 45.8179, 46.0141, 45.9199, 45.9552, 46.0389, 46.0691, 46.062, 46.056, 45.8729, 46.0019, 45.9712, 45.9909, 45.9039, 46.0401, 46.061, 45.974, 46.0491, 45.9089, 46.0279, 46.026, 45.9321, 45.9859, 45.9402, 46.056, 46.0529, 46.01, 45.9239, 45.9199, 45.9301, 45.8391, 45.846, 46.0219, 46.056, 45.933, 45.8329, 45.9201, 46.0448, 46.0191, 46.016, 45.8181, 46.104, 46.1891, 46.072, 45.9349, 45.8329, 45.846, 45.7911, 46.0529, 45.927, 46.031, 45.9139, 46.062, 45.8791, 46.1979, 45.963, 46.1941, 46.0339, 45.8679, 45.907, 45.8548, 45.9621, 
Time to set up datastructures: 17829.4ms
41.923, 41.9171, 41.99, 42.0289, 42.0029, 42.0611, 41.8799, 41.919, 42.0852, 42.043, 42.083, 41.8808, 41.98, 41.99, 42.1641, 41.8971, 42.0589, 42.073, 42.037, 42.073, 42.057, 41.945, 42.1169, 41.8119, 42.1152, 42.0389, 42.053, 42.1121, 42.0759, 42.0861, 41.9979, 41.9202, 42.1269, 41.99, 42.0039, 42.062, 42.0899, 42.1729, 42.0661, 42.0709, 42.0871, 42.2289, 42.0811, 42.012, 42.0339, 42.15, 42.2111, 42.2089, 42.0401, 42.15, 42.1081, 42.0928, 42.0201, 42.089, 42.141, 42.0341, 42.155, 41.991, 42.2838, 41.996, 42.088, 42.0442, 42.0749, 42.2239, 42.1321, 42.037, 42.0139, 42.1021, 42.064, 42.0091, 42.0821, 42.0589, 42.1851, 42.057, 42.0358, 42.187, 42.1262, 42.1529, 42.1271, 42.0768, 42.13, 42.2401, 42.0609, 42.1729, 42.1109, 42.0842, 42.0809, 42.1522, 42.0799, 42.078, 42.1479, 42.033, 42.0742, 42.233, 42.0659, 42.0101, 42.1519, 42.058, 42.0961, 42.0589, 
Time to set up datastructures: 17747.5ms
39.3541, 39.3589, 39.3732, 39.587, 40.463, 39.449, 39.5091, 39.427, 39.3379, 39.444, 39.3841, 39.4821, 39.3839, 39.5432, 39.4809, 39.526, 39.4681, 39.3782, 39.4149, 39.4549, 39.5291, 39.5989, 39.371, 39.4149, 39.49, 39.3901, 39.537, 39.6149, 39.5551, 39.392, 39.5951, 39.47, 39.489, 39.4621, 39.5489, 39.6011, 39.6059, 39.372, 39.4239, 39.501, 39.4201, 39.4838, 39.5162, 39.4979, 39.556, 39.515, 39.4402, 39.418, 39.5091, 39.4399, 39.582, 39.47, 39.571, 39.3989, 39.5012, 39.4309, 39.402, 39.454, 39.5608, 39.4142, 39.4189, 39.4239, 39.6202, 39.52, 39.4399, 39.371, 39.506, 39.5288, 39.5401, 39.4289, 39.4471, 39.619, 39.638, 39.4261, 39.5169, 39.5451, 39.516, 39.598, 39.5241, 39.3641, 39.427, 39.4528, 39.5172, 39.458, 39.3751, 39.4709, 39.433, 39.556, 39.5529, 39.6621, 39.4149, 39.4502, 39.5589, 39.366, 39.469, 39.5141, 39.4258, 39.5889, 39.479, 39.387, 
Time to set up datastructures: 17933.5ms
37.5299, 37.4501, 37.514, 37.554, 37.467, 37.6091, 37.4808, 37.601, 37.492, 37.6441, 37.601, 37.605, 37.4589, 37.5609, 37.6861, 37.6289, 37.55, 37.5712, 37.6718, 37.6332, 37.6239, 37.5941, 37.519, 37.7419, 37.5862, 37.6208, 37.674, 37.637, 37.5469, 37.586, 37.549, 37.596, 37.5879, 37.6751, 37.5509, 37.7021, 37.617, 37.5509, 37.4961, 37.5578, 37.5309, 37.581, 37.5211, 37.5719, 37.5171, 37.59, 37.6101, 37.632, 37.4889, 37.6031, 37.6179, 37.586, 37.6291, 37.5969, 37.535, 37.569, 37.5299, 37.684, 37.5619, 37.632, 37.5042, 37.6279, 37.5628, 37.621, 37.668, 37.5581, 37.605, 37.585, 37.586, 37.6911, 37.6639, 37.586, 37.4401, 37.554, 37.5838, 37.688, 37.6661, 37.5631, 37.4439, 37.6799, 37.673, 37.6081, 37.4861, 37.59, 37.6871, 37.57, 37.672, 37.5619, 37.4489, 37.5841, 37.6611, 37.534, 37.5869, 37.6091, 37.523, 37.58, 37.5559, 37.6999, 37.617, 37.5371, 
Time to set up datastructures: 17961ms
36.092, 36.1741, 36.1049, 36.1311, 36.1569, 36.2761, 36.387, 36.1362, 36.104, 36.073, 36.2329, 36.1199, 36.2101, 36.272, 36.1359, 36.0651, 36.108, 36.1669, 36.139, 36.1819, 36.2408, 36.1471, 36.0839, 36.0899, 36.1311, 36.2759, 36.1121, 36.159, 36.1631, 36.2229, 36.1531, 36.1779, 36.128, 36.164, 36.485, 36.1772, 36.0839, 36.1309, 36.0401, 36.114, 36.227, 36.1562, 36.2029, 36.1991, 36.221, 36.139, 36.108, 36.1109, 36.1412, 36.1991, 36.19, 36.3739, 36.128, 36.139, 36.0851, 36.1469, 36.3071, 36.155, 36.092, 36.175, 36.2089, 36.2251, 36.077, 36.135, 36.171, 36.315, 36.335, 36.2492, 36.1669, 36.1631, 36.092, 36.175, 36.139, 36.0768, 36.128, 36.109, 36.103, 36.0758, 36.14, 36.108, 36.1671, 36.092, 36.1829, 36.1741, 36.222, 36.166, 36.0301, 36.0801, 36.33, 36.2129, 36.1669, 36.088, 36.1118, 36.1929, 36.108, 36.1412, 36.273, 36.1199, 36.1819, 36.077, 
Time to set up datastructures: 17880.3ms
35.136, 35.2631, 35.14, 35.1579, 35.1861, 35.2011, 35.121, 35.238, 35.2709, 35.1529, 35.1272, 35.3279, 35.166, 35.2731, 35.2108, 35.0919, 35.1481, 35.3169, 35.2471, 35.084, 35.1839, 35.193, 35.1031, 35.162, 35.233, 35.182, 35.1679, 35.188, 35.234, 35.3189, 35.0518, 35.1532, 35.1028, 35.2612, 35.2619, 35.212, 35.2361, 35.12, 35.2199, 35.177, 35.182, 35.2111, 35.1279, 35.1322, 35.3789, 35.1419, 35.1391, 35.115, 35.2101, 35.2468, 35.1472, 35.1729, 35.008, 35.114, 35.2612, 35.193, 35.2139, 35.1031, 35.1348, 35.1722, 35.202, 35.1329, 35.1131, 35.1009, 35.1782, 35.182, 35.1779, 35.146, 35.3339, 35.1882, 35.1908, 35.2161, 35.233, 35.2881, 35.172, 34.9531, 35.1439, 35.3251, 35.234, 35.1672, 35.1439, 35.0621, 35.1119, 35.0468, 35.0521, 35.0761, 35.1238, 35.0111, 35.115, 35.0668, 35.1751, 35.274, 35.2049, 35.3441, 35.254, 35.1989, 35.1939, 35.1381, 35.0201, 35.0809, 
Time to set up datastructures: 17989.2ms
34.796, 34.713, 34.9541, 34.7421, 34.7509, 34.6861, 34.7269, 34.687, 34.7061, 34.663, 34.745, 34.7879, 34.7159, 34.6379, 34.76, 34.693, 34.781, 34.785, 34.7009, 34.7309, 34.7061, 34.6291, 34.8208, 34.698, 34.8032, 34.7118, 34.734, 34.7612, 34.693, 34.7478, 34.6441, 34.6599, 34.8091, 34.7259, 34.7281, 34.795, 34.8151, 34.77, 34.6949, 34.8201, 34.7259, 34.7741, 34.7469, 34.7471, 34.867, 34.801, 34.7819, 34.745, 34.7619, 34.718, 34.6031, 34.662, 34.7409, 34.7311, 34.6789, 34.7779, 34.7812, 34.7319, 34.7121, 34.6749, 34.7161, 34.817, 34.7381, 34.729, 34.7009, 34.8608, 34.6961, 34.677, 34.657, 34.7991, 35.1019, 34.709, 34.8051, 34.8341, 34.704, 34.714, 34.7991, 34.745, 34.5988, 34.6751, 34.8821, 34.6899, 34.6649, 34.724, 34.7321, 34.791, 34.7509, 34.7519, 34.8608, 34.709, 34.7662, 34.7748, 34.651, 34.673, 34.6792, 34.7588, 34.7168, 34.668, 34.7481, 34.7121, 
Time to set up datastructures: 17966.6ms
34.1258, 34.2281, 34.193, 34.158, 34.183, 34.1151, 34.1749, 34.1759, 34.286, 34.219, 34.1821, 34.1129, 34.1358, 34.1482, 34.1399, 34.1949, 34.0919, 34.1589, 34.3201, 34.1618, 34.1928, 34.1971, 34.127, 34.2591, 34.2281, 34.251, 34.25, 34.2009, 34.178, 34.2, 34.199, 34.2062, 34.1179, 34.169, 34.153, 34.157, 34.1711, 34.112, 34.127, 35.1441, 34.5969, 34.3699, 34.1592, 34.209, 34.1918, 34.126, 34.095, 34.1339, 34.1101, 34.157, 34.1451, 34.2429, 34.1401, 34.3089, 34.1761, 34.1699, 34.157, 34.2071, 34.1661, 34.0819, 34.1849, 34.1401, 34.1499, 34.2159, 34.138, 34.0831, 34.0359, 34.1871, 34.3258, 34.204, 34.2069, 34.287, 34.1761, 34.102, 34.1921, 34.148, 34.1699, 34.09, 34.095, 34.27, 34.127, 34.22, 34.3361, 34.2159, 34.1749, 34.1022, 34.1108, 34.0502, 34.194, 34.2219, 34.1859, 34.0509, 34.091, 34.0571, 34.1759, 34.1339, 34.1301, 34.0271, 34.0769, 34.0691, 
Time to set up datastructures: 17835.9ms
34.0209, 34.086, 34.2181, 34.1711, 34.071, 34.0168, 34.0111, 34.0369, 34.0462, 34.189, 34.1251, 34.0629, 34.0331, 34.06, 34.0481, 34.034, 34.0769, 34.0822, 34.168, 34.0738, 34.09, 34.101, 34.173, 34.055, 34.0979, 34.097, 34.1051, 34.0321, 34.142, 34.138, 34.0919, 34.09, 34.1461, 34.0519, 34.1811, 34.076, 34.071, 34.169, 34.188, 34.236, 34.1868, 34.1082, 34.117, 34.1749, 34.121, 34.0269, 34.2171, 34.1229, 34.111, 34.138, 34.3041, 34.0559, 34.163, 34.096, 34.0781, 34.025, 34.003, 34.1089, 34.133, 34.0402, 34.102, 34.1411, 34.1909, 34.116, 34.0111, 34.101, 34.1299, 34.1351, 34.106, 34.183, 34.0891, 34.091, 34.076, 33.977, 34.029, 34.162, 34.25, 34.0679, 34.1032, 34.07, 34.1418, 34.163, 34.0681, 34.0669, 34.1311, 34.018, 34.1461, 34.158, 34.1461, 34.065, 34.1351, 34.086, 34.0629, 34.1389, 34.019, 34.2469, 34.153, 34.0421, 34.1821, 34.132, 
Running CSB implementation
Time to set up datastructures: 16969.1ms
39.5789, 39.5641, 39.587, 39.592, 39.613, 39.6199, 39.5401, 39.6631, 39.582, 39.607, 39.6569, 39.695, 39.571, 39.5989, 39.597, 39.5741, 39.5648, 39.5401, 39.5122, 39.587, 39.552, 39.5849, 39.5172, 39.5861, 40.3478, 39.748, 39.6261, 39.6791, 39.5091, 39.6149, 39.6791, 39.5651, 39.6259, 39.587, 39.5551, 39.5441, 39.501, 39.638, 39.5839, 39.5641, 39.5508, 39.4809, 39.573, 39.5401, 39.499, 39.5961, 39.6099, 39.6321, 39.577, 39.654, 39.5908, 39.5341, 39.747, 39.5281, 39.6049, 39.5331, 39.5558, 39.587, 39.556, 39.4499, 39.6051, 39.619, 39.5861, 39.495, 39.6171, 39.5291, 39.531, 39.4969, 39.5269, 39.5122, 39.4628, 39.536, 39.716, 39.454, 39.6409, 39.5679, 39.448, 39.5582, 39.4859, 39.562, 39.5181, 39.5229, 39.5491, 39.577, 39.5479, 39.7711, 39.567, 39.6988, 39.6721, 39.4928, 39.552, 39.4812, 39.5398, 39.5021, 39.505, 39.494, 39.5398, 39.5322, 39.619, 39.6149, 
Time to set up datastructures: 17246.2ms
34.2829, 34.2159, 34.3301, 34.313, 34.251, 34.1551, 34.102, 34.2381, 34.1959, 34.308, 34.2941, 34.318, 34.3709, 34.363, 34.399, 34.076, 34.1358, 34.209, 34.2171, 34.2019, 34.301, 34.2741, 34.2081, 34.2598, 34.2052, 34.1499, 34.215, 34.234, 34.2331, 34.215, 34.179, 34.1749, 34.2131, 34.1761, 34.1349, 34.2631, 34.189, 34.179, 34.214, 34.359, 34.2491, 34.3199, 34.1501, 34.2081, 34.1129, 34.168, 34.204, 34.2901, 34.138, 34.2782, 34.261, 34.3239, 34.2309, 34.276, 34.3759, 34.2259, 34.3761, 34.2338, 34.1721, 34.1601, 34.1148, 34.2379, 34.1721, 34.256, 34.4601, 34.4601, 34.235, 34.1959, 34.1032, 34.1249, 34.25, 34.2999, 34.2891, 34.1411, 34.112, 34.1539, 34.2071, 34.148, 34.164, 34.338, 34.1041, 34.3111, 34.44, 34.1918, 34.2772, 34.2069, 34.1961, 34.2448, 34.1661, 34.0929, 34.1651, 34.0509, 34.1601, 34.4498, 34.183, 34.1411, 34.152, 34.1511, 34.2541, 34.1768, 
Time to set up datastructures: 18532ms
34.06, 34.08, 34.0679, 34.0531, 33.9429, 33.9892, 33.9789, 34.009, 34.05, 34.0049, 34.0402, 33.998, 34.0078, 34.091, 33.963, 33.9921, 33.927, 34.0269, 34.008, 34.0159, 34.0042, 34.0559, 34.0209, 34.071, 34.0061, 33.982, 33.9971, 34.0068, 33.982, 34.0321, 34.055, 34.0481, 33.916, 33.958, 33.957, 33.9699, 33.9952, 34.0149, 33.962, 33.9971, 34.0319, 34.008, 33.9532, 34.0199, 33.906, 34.044, 34.009, 33.958, 33.9389, 33.946, 34.0049, 34.025, 33.9561, 33.994, 34.0011, 33.962, 33.9229, 33.968, 33.9439, 34.019, 33.9551, 34.0638, 33.9558, 33.9661, 33.911, 34.034, 33.9482, 34.0929, 33.946, 34.0478, 33.87, 33.9499, 33.978, 34.0731, 33.9959, 33.993, 33.9251, 33.977, 33.9441, 34.003, 33.937, 33.967, 33.9439, 34.0312, 34.152, 33.9708, 33.891, 34.049, 33.921, 33.942, 33.962, 33.9642, 33.9489, 33.9789, 33.936, 34.0929, 34.0121, 33.9699, 34.0199, 33.978, 
Time to set up datastructures: 19958.2ms
33.823, 33.771, 33.8249, 33.8089, 33.797, 33.726, 33.8459, 33.8252, 33.731, 33.7749, 33.848, 33.7911, 33.849, 33.793, 33.7899, 33.7238, 33.86, 33.7942, 33.746, 33.7851, 33.8111, 33.834, 33.798, 33.8469, 33.771, 33.8159, 33.741, 33.7269, 33.8371, 33.7651, 33.7598, 33.8058, 33.751, 33.803, 33.7682, 33.8199, 33.7281, 33.767, 33.8109, 33.8361, 33.6869, 33.7689, 33.7491, 33.7009, 33.7532, 33.7179, 33.7431, 33.7009, 33.69, 33.762, 33.8302, 33.7389, 33.716, 33.7312, 33.7319, 33.735, 33.7579, 33.69, 33.6781, 33.68, 33.7021, 33.6881, 33.7489, 33.7272, 33.704, 33.8008, 33.8089, 33.6609, 33.7591, 33.7758, 33.71, 33.843, 33.7372, 33.6928, 33.7439, 33.812, 33.777, 33.699, 33.658, 33.823, 33.7219, 33.7062, 33.7639, 33.751, 33.7281, 33.7639, 33.7532, 33.8109, 33.7732, 33.731, 33.7079, 33.735, 33.6492, 33.715, 33.6549, 33.709, 33.7429, 33.7982, 33.7429, 33.669, 
Time to set up datastructures: 20510.9ms
34.0581, 34.1051, 34.097, 34.0641, 34.0381, 34.081, 34.1239, 34.1182, 34.034, 34.0698, 34.071, 34.054, 34.019, 34.0779, 34.07, 34.0822, 34.091, 34.133, 34.034, 34.0781, 34.0869, 34.091, 34.0309, 34.0681, 34.0838, 34.0741, 34.096, 34.066, 34.091, 34.1048, 34.0462, 34.0519, 34.0621, 34.0459, 34.1179, 34.1179, 34.095, 34.0669, 34.0881, 34.071, 34.0919, 34.0519, 34.0259, 34.0371, 34.0669, 34.111, 34.0559, 34.055, 34.0459, 34.0569, 34.0319, 34.0161, 34.0509, 34.0312, 34.035, 34.095, 34.0369, 34.0149, 34.0462, 34.023, 34.117, 34.04, 34.0259, 34.0381, 34.029, 34.0741, 34.0359, 34.044, 34.0681, 34.0478, 34.0431, 34.05, 34.0359, 34.019, 34.0891, 34.059, 34.0741, 34.0919, 34.034, 34.0481, 34.0879, 34.0381, 34.0571, 34.0819, 34.0621, 34.044, 34.0159, 34.0121, 34.1079, 34.075, 34.05, 34.029, 34.158, 34.0679, 34.0431, 34.055, 34.025, 34.0791, 34.055, 33.994, 
Time to set up datastructures: 21048.6ms
34.2121, 34.1749, 34.235, 34.23, 34.1921, 34.204, 34.178, 34.1969, 34.1852, 34.1721, 34.1868, 34.1802, 34.169, 34.1611, 34.158, 34.2159, 34.1351, 34.1859, 34.198, 34.173, 34.1611, 34.236, 34.1589, 34.1311, 34.194, 34.2071, 34.189, 34.169, 34.1539, 34.21, 34.1151, 34.214, 34.204, 34.199, 34.235, 34.2472, 34.1899, 34.1871, 34.1649, 34.1802, 34.1709, 34.199, 34.1761, 34.1709, 34.1802, 34.1969, 34.1811, 34.1489, 34.173, 34.2031, 34.1709, 34.174, 34.1439, 34.2391, 34.163, 34.2131, 34.1711, 34.173, 34.1599, 34.1761, 34.193, 34.1959, 34.1489, 34.2028, 34.1332, 34.1361, 34.1728, 34.1291, 34.1721, 34.1659, 34.199, 34.1821, 34.1752, 34.2119, 34.1721, 34.1702, 34.209, 34.21, 34.142, 34.2219, 34.179, 34.1799, 34.138, 34.2131, 34.1649, 34.204, 34.1561, 34.147, 34.1821, 34.184, 34.219, 34.152, 34.1558, 34.1392, 34.2569, 34.1339, 34.2052, 34.2309, 34.1539, 34.1802, 
Time to set up datastructures: 21524.4ms
34.0819, 34.06, 34.137, 34.0772, 34.1408, 34.1401, 34.086, 34.0519, 34.0631, 34.097, 34.1129, 34.0581, 34.1301, 34.091, 34.091, 34.081, 34.06, 34.0719, 34.059, 34.0838, 34.066, 34.095, 34.065, 34.0769, 34.111, 34.1051, 34.0669, 34.0881, 34.0669, 34.075, 34.03, 34.0791, 34.0838, 34.0581, 34.08, 34.1029, 34.09, 34.1129, 34.065, 34.0641, 34.0621, 34.0698, 34.0302, 34.061, 34.3421, 34.1299, 34.0831, 34.0769, 34.0781, 34.0469, 34.097, 34.059, 34.06, 34.0631, 34.071, 34.049, 34.1029, 34.06, 34.0641, 34.091, 34.06, 34.0872, 34.22, 34.116, 34.045, 34.013, 34.039, 34.044, 34.0669, 34.0412, 34.0459, 34.071, 34.035, 34.0159, 34.0631, 34.066, 34.0471, 34.0619, 34.0331, 33.9899, 34.0581, 34.0669, 34.055, 34.0409, 34.085, 34.0521, 34.0579, 34.0369, 34.0371, 34.0459, 34.0571, 34.117, 34.0359, 34.061, 34.0722, 34.035, 34.0009, 34.0269, 34.0772, 34.0848, 
Time to set up datastructures: 21453.8ms
34.461, 34.5271, 34.446, 34.5731, 34.4539, 34.436, 34.4191, 34.4369, 34.4582, 34.4329, 34.441, 34.4682, 34.457, 34.4448, 34.4448, 34.4632, 34.5109, 34.4021, 34.4329, 34.409, 34.445, 34.4479, 34.4288, 34.441, 34.4832, 34.3938, 34.487, 34.3912, 34.4379, 34.4, 34.452, 34.41, 34.4172, 34.426, 34.4539, 34.4181, 34.4269, 34.4331, 34.4031, 34.4269, 34.4241, 34.4479, 34.4141, 34.425, 34.3959, 34.4219, 34.4691, 35.459, 37.2539, 36.5012, 36.793, 36.094, 35.3441, 35.748, 35.62, 38.27, 36.9408, 36.4158, 35.1481, 36.2959, 35.1231, 34.7049, 34.575, 34.519, 34.4951, 34.503, 34.5471, 34.966, 34.6129, 34.61, 34.55, 34.5929, 34.806, 35.0821, 34.693, 35.1989, 35.939, 36.6621, 35.886, 35.404, 34.977, 35.5201, 35.5759, 34.6541, 35.7599, 34.94, 34.4841, 34.431, 34.431, 34.4341, 34.4291, 34.4179, 34.4272, 34.457, 34.471, 34.415, 34.394, 34.441, 34.4129, 34.42, 
Time to set up datastructures: 21619ms
34.6689, 34.667, 34.611, 34.6439, 34.687, 34.6951, 34.6909, 34.652, 34.687, 34.672, 34.735, 34.6651, 34.6088, 34.683, 34.6911, 34.611, 34.6651, 34.6189, 34.6611, 34.6971, 34.6799, 34.657, 34.6701, 34.646, 34.6899, 34.6529, 34.677, 34.6711, 34.678, 34.6451, 34.6789, 34.5991, 34.662, 34.6899, 34.596, 34.692, 34.657, 34.699, 34.647, 34.703, 34.688, 34.6699, 34.6441, 34.6911, 34.6439, 34.6692, 34.6308, 34.6818, 34.6701, 34.7381, 34.6899, 34.663, 34.6842, 34.6408, 34.646, 34.6441, 34.6189, 34.6272, 34.6129, 34.6479, 34.7102, 34.6618, 34.656, 34.6391, 34.6498, 34.662, 34.5969, 34.6301, 34.7369, 34.7311, 34.6789, 34.6241, 34.6529, 34.6432, 34.647, 34.6789, 34.646, 34.6, 34.6339, 34.6541, 34.6289, 34.6332, 34.673, 34.601, 34.6231, 34.652, 34.647, 34.657, 34.682, 34.6291, 34.667, 34.646, 34.7159, 34.7171, 34.652, 35.0289, 34.7612, 34.7149, 34.672, 34.656, 
Time to set up datastructures: 21510ms
34.8349, 35.078, 34.863, 34.812, 34.8601, 34.7919, 34.7121, 34.7919, 34.9669, 34.781, 35.0502, 37.6329, 36.948, 36.386, 36.1481, 35.5101, 36.2029, 35.5031, 34.8818, 34.8201, 34.94, 34.73, 34.8361, 34.8771, 34.77, 34.8129, 34.8392, 34.8558, 35.0471, 34.9891, 34.703, 34.797, 34.8759, 34.7741, 34.7531, 34.7619, 34.7321, 34.8599, 34.8241, 34.698, 34.7979, 34.7121, 34.8041, 34.673, 34.863, 34.656, 34.725, 34.713, 34.9009, 34.8361, 34.831, 34.739, 34.745, 34.7941, 34.821, 34.7309, 34.831, 35.017, 34.894, 34.796, 34.7321, 34.754, 34.76, 34.7719, 34.8241, 34.8699, 34.7471, 34.8139, 34.9238, 34.7638, 34.7612, 34.8539, 34.786, 34.8971, 34.6868, 34.7011, 34.714, 34.8029, 34.8308, 34.878, 34.7362, 34.8299, 34.8341, 34.7919, 34.77, 34.7791, 34.7068, 34.6711, 34.822, 34.7381, 34.9169, 34.868, 34.729, 34.8711, 34.905, 34.6851, 34.7009, 34.76, 34.781, 34.7559, 
Time to set up datastructures: 21542.2ms
35.217, 35.1841, 35.1391, 35.0838, 35.125, 35.1701, 35.1851, 35.1329, 35.2771, 35.1589, 35.1858, 35.2271, 35.0499, 35.2101, 35.0659, 35.171, 35.0761, 35.1739, 35.0859, 35.0661, 35.1801, 35.1, 35.1219, 35.089, 35.161, 35.2321, 35.0831, 35.022, 35.1551, 35.1729, 35.167, 35.0399, 35.1472, 35.0809, 35.1481, 35.152, 35.0862, 35.157, 35.1319, 35.125, 35.1131, 35.1539, 35.1121, 35.121, 35.1391, 35.0919, 35.0971, 35.202, 35.11, 35.171, 35.1219, 35.1291, 35.1169, 35.0311, 34.9119, 35.0721, 35.1861, 35.1291, 35.0718, 35.058, 35.1651, 35.0301, 35.069, 35.1291, 35.0559, 35.037, 35.2781, 35.0809, 35.131, 35.135, 35.1782, 35.09, 35.1028, 35.0769, 35.1532, 35.1658, 35.1522, 35.0049, 35.104, 35.1651, 35.1071, 35.059, 35.136, 35.0709, 35.1331, 35.1689, 35.147, 35.033, 35.064, 35.0082, 34.9729, 35.0091, 35.044, 35.147, 35.0721, 35.095, 35.1291, 35.115, 35.0668, 35.0771, 
Time to set up datastructures: 21818.8ms
35.0599, 35.0721, 34.9979, 35.1081, 34.977, 34.9469, 34.9152, 34.9648, 34.9169, 35.095, 34.992, 34.9412, 35.0518, 35.0182, 34.9638, 34.97, 35.0239, 34.976, 34.9162, 34.9259, 34.894, 34.9941, 35.0199, 34.8651, 35.0208, 35.0342, 34.878, 34.9669, 34.8811, 34.987, 34.9159, 34.8971, 35.0289, 34.8761, 34.8909, 35.0311, 34.9939, 35.089, 34.904, 34.8668, 35.028, 34.8952, 35.022, 34.9989, 35.095, 35.0142, 34.879, 34.971, 34.9431, 34.8768, 34.9021, 35.0561, 34.9159, 35.001, 34.9, 34.894, 34.9522, 34.903, 35.0039, 34.8721, 34.935, 34.868, 34.884, 34.8451, 34.862, 34.8868, 35.1222, 34.9059, 34.894, 34.9121, 34.9119, 34.9061, 34.878, 35.0049, 35.0192, 34.9338, 34.9162, 34.869, 34.9059, 34.9131, 35.073, 35.013, 35.0821, 34.9839, 34.8771, 34.9669, 34.9801, 34.9362, 34.9178, 34.929, 34.883, 34.9081, 34.867, 34.9979, 35.033, 34.894, 34.9159, 34.9162, 34.9419, 34.9581, 
Time to set up datastructures: 21916.9ms
35.1059, 35.0871, 35.0909, 34.977, 34.9848, 35.0661, 35.027, 35.0978, 35.0912, 35.0909, 35.09, 35.1191, 35.121, 35.0721, 35.089, 35.0621, 34.9948, 35.0361, 35.0962, 35.0728, 35.131, 35.1362, 35.0008, 34.9228, 34.9541, 35.0969, 35.0852, 35.0919, 35.1, 35.0542, 35.0039, 35.1291, 35.0909, 35.079, 35.073, 35.0571, 35.084, 35.095, 34.991, 35.089, 34.935, 35.069, 35.0549, 35.0032, 35.09, 34.8508, 35.063, 35.1002, 35.0568, 35.1012, 34.9519, 35.1181, 34.9779, 35.069, 35.0871, 35.109, 35.089, 35.0509, 34.9102, 35.0668, 35.0721, 35.0029, 35.0711, 35.1, 35.0099, 35.0721, 35.042, 34.934, 35.111, 35.0211, 35.0959, 35.105, 35.037, 34.9472, 35.1501, 34.9388, 35.0912, 34.9939, 34.9681, 35.099, 35.0859, 34.9231, 35.1079, 34.9262, 35.0959, 35.079, 35.1021, 34.9839, 35.064, 35.126, 35.0089, 35.0821, 34.941, 34.9879, 34.929, 34.9021, 34.9951, 35.0571, 35.079, 35.008, 
Running BlockCOH implementation
Time to set up datastructures: 22917.1ms
98.501, 98.48, 98.3388, 98.6319, 98.695, 98.6431, 98.5451, 98.197, 99.4389, 98.402, 98.182, 98.4969, 98.2611, 98.269, 100.6, 98.4929, 98.263, 98.2029, 98.3412, 98.2189, 98.3629, 98.3829, 98.3009, 98.4991, 98.4509, 98.3789, 98.5141, 98.3279, 98.244, 98.371, 98.3691, 98.274, 98.4001, 98.2819, 98.3381, 99.8859, 98.5072, 98.2299, 98.6371, 98.2709, 98.3131, 98.2699, 98.2771, 98.681, 98.429, 100.34, 98.4478, 98.2809, 98.1979, 98.2821, 98.2389, 98.506, 98.536, 98.202, 98.248, 100.1, 98.3379, 98.3372, 98.244, 98.4349, 98.2971, 98.527, 98.557, 98.3319, 98.5401, 98.789, 98.537, 98.376, 98.2931, 98.2699, 98.356, 98.4221, 98.3751, 98.2618, 98.1798, 98.5849, 99.9851, 98.208, 98.469, 98.2552, 98.2139, 98.449, 98.187, 98.675, 98.7949, 98.402, 98.7449, 98.4089, 98.3741, 98.28, 98.171, 98.5911, 98.6819, 98.2451, 98.3298, 98.4151, 99.9191, 98.6459, 98.207, 98.2151, 
Time to set up datastructures: 20100.8ms
69.149, 69.4129, 69.155, 69.1941, 69.2489, 69.1869, 69.216, 69.0861, 69.0961, 69.0999, 69.154, 69.109, 69.108, 69.1819, 69.613, 69.1609, 69.135, 69.0899, 69.119, 69.1521, 69.1509, 69.097, 69.1612, 69.4649, 69.622, 69.8581, 69.124, 69.2348, 69.2279, 69.068, 69.18, 69.2179, 69.1931, 69.1011, 69.073, 69.1299, 69.231, 69.092, 69.083, 69.186, 69.0858, 69.1912, 69.124, 69.737, 69.1359, 69.2661, 69.1481, 69.0939, 69.1831, 69.176, 69.1609, 69.2019, 69.3691, 69.0649, 69.1621, 69.18, 69.2229, 69.207, 69.114, 69.1149, 69.1509, 69.1988, 69.0901, 69.5639, 69.1872, 69.1319, 69.0651, 69.1111, 69.181, 69.0799, 69.0751, 69.1381, 69.6828, 69.0999, 69.1869, 69.103, 69.4852, 69.186, 69.206, 69.144, 69.1781, 69.6559, 69.586, 69.757, 69.1271, 69.232, 69.2599, 69.315, 69.1471, 69.1669, 69.144, 69.2341, 69.1259, 69.1721, 69.1769, 69.1051, 69.0958, 69.1991, 69.1321, 69.155, 
Time to set up datastructures: 21885.2ms
53.01, 53.03, 52.9561, 53.0229, 53.1271, 53.0581, 53.0689, 52.9912, 53.0059, 53.072, 53.1492, 52.9869, 53.1712, 53.1969, 53.0851, 53.057, 52.999, 53.082, 52.9902, 52.999, 53.045, 52.999, 52.9709, 53.175, 53.0651, 53.015, 52.999, 53.035, 52.9821, 53.2091, 52.9931, 53.0288, 53.0179, 53.2811, 53.066, 52.995, 53.067, 52.973, 53.0431, 53.0181, 52.989, 53.021, 53.02, 53.062, 52.9881, 52.9959, 53.081, 53.0362, 53.0078, 52.9861, 53.035, 52.9828, 52.995, 53.0219, 53.0071, 53.051, 53.0109, 52.9249, 53.0891, 52.973, 53.0329, 53.01, 53.0229, 53.014, 53.0081, 53.041, 52.959, 53.0798, 52.9611, 52.978, 52.9761, 53.226, 53.0648, 52.983, 53.0729, 53.045, 53.0391, 53.0109, 53.055, 53.0729, 53.0131, 53.489, 53.0231, 53.03, 53.081, 53.1039, 53.045, 52.9921, 53, 53.01, 53.0822, 52.953, 53.03, 53.05, 53.0128, 52.9921, 53.014, 52.983, 53.0529, 53.019, 
Time to set up datastructures: 22840.4ms
43.4411, 43.421, 43.3791, 43.417, 43.4811, 43.4599, 43.3769, 43.4122, 43.421, 43.448, 43.412, 43.4191, 43.515, 43.412, 43.3991, 43.406, 43.4489, 43.4561, 43.396, 43.433, 43.4151, 43.359, 43.402, 43.3929, 43.4692, 43.4308, 43.3741, 43.4101, 43.448, 43.4041, 43.417, 43.4771, 43.4999, 43.457, 43.4229, 43.3969, 43.4151, 43.422, 43.401, 43.458, 43.4301, 43.426, 43.37, 43.4339, 43.4, 43.412, 43.3748, 43.4172, 43.4568, 43.4072, 43.438, 43.421, 43.3929, 43.3872, 43.484, 43.422, 43.39, 43.3981, 43.3538, 43.364, 43.4341, 43.395, 43.4709, 43.402, 43.417, 43.4489, 43.453, 43.462, 43.4132, 43.4139, 43.4492, 43.3989, 43.3512, 43.4039, 43.448, 43.5061, 43.438, 43.427, 43.4592, 43.3929, 43.4761, 43.447, 43.467, 43.364, 43.359, 43.375, 43.4089, 43.416, 43.386, 43.371, 43.421, 43.3969, 43.3478, 43.4592, 43.4201, 43.3969, 43.4, 43.3638, 43.3981, 43.4849, 
Time to set up datastructures: 23664.3ms
37.21, 37.2701, 37.257, 37.257, 37.2212, 37.293, 37.3199, 37.2419, 37.2021, 37.183, 37.2889, 37.23, 37.2121, 37.2379, 37.2291, 37.24, 37.199, 37.358, 37.312, 37.261, 37.2939, 37.2791, 37.277, 37.2069, 37.19, 37.24, 37.2891, 37.2469, 37.2231, 37.3478, 37.298, 40.8869, 37.2469, 37.2901, 37.2179, 37.2121, 37.308, 37.221, 37.179, 37.173, 37.2369, 37.2572, 37.2529, 37.2491, 37.1721, 37.2648, 37.2591, 37.322, 37.343, 37.2639, 37.209, 37.25, 37.251, 37.2381, 37.173, 37.1768, 37.277, 37.2751, 37.2071, 37.2069, 37.2579, 37.1771, 37.2751, 37.267, 37.2329, 37.236, 37.1819, 37.1962, 37.2798, 37.2841, 37.183, 37.178, 37.179, 37.2579, 37.3011, 37.2651, 37.2119, 37.2691, 37.23, 37.1869, 37.219, 37.2231, 37.3349, 37.2801, 37.2, 37.2469, 37.1969, 37.2181, 37.3569, 37.3602, 37.2798, 37.1721, 37.1671, 37.2739, 37.3292, 37.328, 37.2078, 37.2472, 37.2338, 37.2212, 
Time to set up datastructures: 24878.1ms
33.978, 34.0152, 33.968, 34.0052, 33.9899, 34.019, 33.9952, 33.951, 33.9348, 34.1051, 34.059, 33.9921, 34.0319, 34.014, 34.03, 34.0729, 33.9861, 33.968, 34.116, 33.987, 34.066, 33.9892, 34.009, 33.9999, 33.9921, 33.9339, 33.9432, 34.0281, 33.9959, 33.999, 33.989, 34.0509, 34.0259, 33.9751, 34.0841, 34.0619, 34.0531, 33.994, 34.0421, 34.0359, 33.9892, 34.0569, 34.0049, 34.0099, 34.008, 33.9651, 33.9401, 34.164, 34.0481, 33.9789, 33.9789, 33.9968, 33.9668, 34.0691, 33.9942, 33.9808, 34.0199, 34.1089, 33.957, 33.9842, 34.029, 34.035, 34.1079, 34.029, 33.9851, 34.0259, 34.009, 34.1542, 34.0979, 33.9601, 33.9739, 33.9448, 33.963, 33.9768, 34.0219, 34.019, 34.0219, 33.9971, 34.0021, 33.9279, 33.9611, 33.9501, 34.1129, 33.9961, 33.9708, 33.994, 34.065, 34.0199, 34.0202, 33.9859, 34.0278, 34.009, 33.998, 34.0719, 34.0149, 33.9532, 33.9489, 34.0931, 34.023, 33.9608, 
Time to set up datastructures: 24759.1ms
32.608, 32.5539, 32.5511, 32.5699, 32.5341, 32.6231, 32.4991, 32.583, 32.558, 32.6171, 32.5429, 32.562, 32.6231, 32.5079, 32.6381, 32.6769, 32.5711, 32.557, 32.5589, 32.6922, 32.6118, 32.48, 32.5792, 32.4888, 32.5601, 32.5511, 32.546, 32.5539, 32.6841, 32.582, 32.5129, 32.5811, 32.6159, 32.6011, 32.5279, 32.7072, 32.6049, 32.6149, 32.5742, 32.5921, 32.5439, 32.6331, 32.6271, 32.583, 32.4819, 32.6669, 32.5282, 32.548, 32.6569, 32.5749, 32.608, 32.5489, 32.4979, 32.5491, 32.4979, 32.506, 32.6281, 32.6111, 32.5999, 32.5539, 32.69, 32.598, 32.6459, 32.5379, 32.563, 32.5742, 32.491, 32.51, 32.506, 32.6509, 32.5651, 32.5248, 32.526, 32.578, 32.5451, 32.542, 32.578, 32.639, 32.6471, 32.624, 32.531, 32.506, 32.5561, 32.5189, 32.594, 32.573, 32.624, 32.5508, 32.516, 32.5539, 32.5639, 32.6262, 32.5489, 32.6591, 32.5592, 32.5298, 32.5332, 32.5458, 32.5308, 32.6841, 
Time to set up datastructures: 24641.7ms
32.8701, 32.7759, 32.9311, 32.907, 32.9411, 32.83, 32.824, 32.82, 32.866, 32.841, 32.8009, 32.9671, 32.9609, 32.8202, 32.8708, 32.922, 32.9001, 32.793, 32.8329, 32.933, 32.877, 32.7461, 32.856, 32.795, 32.8681, 32.8639, 33.0222, 32.8019, 32.8791, 32.8231, 32.897, 32.877, 32.7971, 32.805, 32.794, 32.8519, 32.876, 32.8171, 32.8629, 32.9461, 32.989, 32.8441, 32.8269, 32.9051, 33.02, 32.8059, 32.8081, 32.8262, 32.7928, 32.8791, 32.923, 32.9051, 32.7539, 32.866, 32.897, 32.927, 32.8121, 32.9201, 32.8979, 32.9909, 32.8631, 32.8059, 32.8619, 32.7799, 32.9552, 32.9139, 32.7852, 32.8379, 32.85, 32.9561, 32.84, 32.793, 32.8169, 32.937, 32.902, 32.835, 32.8381, 32.86, 32.8159, 32.7871, 32.793, 32.8391, 32.7859, 32.891, 32.788, 32.934, 32.9762, 32.8188, 32.8422, 32.8379, 32.866, 33.0379, 32.943, 32.836, 32.8121, 32.8679, 32.932, 32.805, 32.944, 32.8581, 
Time to set up datastructures: 24630.4ms
33.335, 33.1168, 33.0422, 32.9809, 33.04, 33.016, 32.9931, 33.1171, 33.1271, 33.066, 33.1519, 33.0172, 32.969, 33.0429, 33.0892, 33.18, 33.1299, 33.144, 33.1421, 33.0129, 33.0691, 33.1171, 33.1478, 33.128, 33.0682, 33.0579, 33.15, 33.046, 33.0632, 33.1869, 33.0541, 33.253, 33.2189, 33.0551, 33.1249, 33.1571, 33.1011, 32.985, 33.1969, 32.995, 33.1361, 33.0169, 33.1171, 33.056, 33.262, 33.0191, 33.0601, 33.2, 33.186, 33.1099, 33.042, 33.0551, 33.1421, 33.0861, 33.0188, 33.01, 33.1171, 33.217, 33.0648, 33.159, 33.1421, 33.278, 33.097, 33.1199, 33.1931, 33.181, 33.0601, 33.124, 33, 33.0901, 33.026, 33.2201, 32.979, 33.0119, 33.1721, 33.0219, 33.1089, 32.974, 33.078, 32.9962, 33.196, 33.1249, 33.0541, 33.114, 33.118, 33.232, 33.19, 33.119, 33.077, 33.365, 33.2379, 33.098, 33.237, 33.1161, 33.1268, 33.185, 33.1411, 33.015, 33.0439, 33.061, 
Time to set up datastructures: 23894.9ms
33.3729, 33.1922, 33.3879, 33.098, 33.4241, 33.32, 33.1981, 33.4458, 33.226, 33.2689, 33.33, 33.334, 33.3669, 33.2911, 33.396, 33.1941, 33.2499, 33.215, 33.1662, 33.231, 33.34, 33.2119, 33.1891, 33.2758, 33.304, 33.206, 33.2761, 33.2141, 33.1409, 33.236, 33.1581, 33.289, 33.1981, 33.3071, 33.206, 33.1049, 33.344, 33.1271, 33.3998, 33.2749, 33.174, 33.406, 33.509, 33.169, 33.2499, 33.3109, 33.1521, 33.253, 33.2711, 33.237, 33.2091, 33.3459, 33.2701, 33.222, 33.1519, 33.417, 33.1869, 33.426, 33.567, 33.252, 33.298, 33.3061, 33.149, 33.493, 33.267, 33.2148, 33.4392, 33.1869, 33.2689, 33.092, 33.365, 33.2711, 33.345, 33.1409, 33.236, 33.2451, 33.273, 33.19, 33.21, 33.257, 33.1991, 33.2339, 33.211, 33.2041, 33.3099, 33.5069, 33.318, 33.2789, 33.3521, 33.2289, 33.1771, 33.206, 33.356, 33.21, 33.1981, 33.1628, 33.1981, 33.0999, 33.257, 33.19, 
Time to set up datastructures: 25302.9ms
33.505, 33.7892, 33.7999, 33.5591, 33.581, 33.639, 33.742, 33.499, 33.6041, 33.493, 33.5419, 33.721, 33.6092, 33.5789, 33.555, 33.5829, 33.6041, 33.5879, 33.416, 33.6649, 33.5281, 33.504, 33.695, 33.7641, 33.577, 33.668, 33.663, 33.5979, 33.498, 33.5498, 33.5562, 33.5908, 33.4182, 33.5231, 33.51, 33.4818, 33.6912, 33.715, 33.6099, 33.7121, 33.5948, 33.6571, 33.5939, 33.4842, 33.571, 33.473, 33.5639, 33.566, 33.4671, 33.6761, 33.6199, 33.5751, 33.4301, 33.5679, 33.7, 33.571, 33.5641, 33.6599, 33.5259, 33.433, 33.4849, 33.5371, 33.479, 33.531, 33.457, 33.4871, 33.5801, 33.7019, 33.5321, 33.592, 33.529, 33.5109, 33.5269, 33.6502, 33.5689, 33.5162, 33.5069, 33.618, 33.4952, 33.4699, 33.5209, 33.653, 33.5832, 33.5469, 33.5109, 33.5131, 33.72, 33.6511, 33.5059, 33.52, 33.5708, 33.5822, 33.4859, 33.5231, 33.5619, 33.572, 33.602, 33.385, 33.5281, 33.5, 
Time to set up datastructures: 26079.4ms
33.4609, 33.5481, 33.519, 33.5219, 33.5169, 33.4151, 33.4651, 33.4749, 33.663, 33.5948, 33.3831, 33.519, 33.4709, 33.5162, 33.5419, 33.5531, 33.7119, 33.5591, 33.5879, 33.551, 33.5701, 33.607, 33.5319, 33.5851, 33.555, 33.3471, 33.5698, 33.5641, 33.541, 33.514, 33.4551, 33.586, 33.417, 33.5779, 33.674, 33.5431, 33.675, 33.6411, 33.5021, 33.6549, 33.6831, 33.618, 33.5829, 33.313, 33.531, 33.6611, 33.5789, 33.4811, 33.474, 33.4229, 33.7322, 33.602, 33.648, 33.5429, 33.5801, 33.7501, 33.5009, 33.6361, 33.5689, 33.4802, 33.3869, 33.529, 33.4909, 33.5231, 33.4671, 33.6258, 33.534, 33.462, 33.5629, 33.6041, 33.462, 33.5729, 33.5751, 33.7179, 33.571, 33.5271, 33.53, 33.484, 33.4749, 33.4041, 33.4001, 33.428, 33.484, 33.5281, 33.509, 33.519, 33.478, 33.4349, 33.5081, 33.627, 33.571, 33.5472, 33.6208, 33.5021, 33.483, 33.5331, 33.4799, 33.531, 33.4752, 33.6189, 
Time to set up datastructures: 25668ms
33.741, 33.694, 33.5979, 33.7961, 33.7181, 33.6599, 33.7191, 33.618, 33.5939, 33.5441, 33.6239, 33.736, 33.6711, 33.6699, 33.844, 33.6621, 33.7119, 33.653, 33.7121, 33.7119, 33.561, 33.6671, 33.602, 33.4749, 33.586, 33.5181, 33.6809, 33.6781, 33.6409, 33.6158, 33.6471, 33.747, 33.7231, 33.7229, 33.6721, 33.639, 33.673, 33.653, 33.5529, 33.5312, 33.6289, 33.5751, 33.7389, 33.6812, 33.715, 33.603, 33.5479, 33.7501, 33.6599, 33.5801, 33.5441, 33.613, 33.69, 33.591, 33.8249, 33.6571, 33.612, 33.69, 33.5281, 33.5088, 33.71, 33.602, 33.735, 33.787, 33.6351, 33.669, 33.7219, 33.6151, 33.6659, 33.586, 33.674, 33.69, 33.6421, 33.778, 33.7, 33.5941, 33.71, 33.5889, 33.6251, 33.473, 33.6139, 33.725, 33.7451, 33.6571, 33.74, 33.5588, 33.4771, 33.6001, 33.524, 33.741, 33.8039, 33.649, 33.622, 33.7741, 33.7081, 33.6339, 33.5898, 33.7799, 33.5071, 33.613, 
