dpcpp -Wall -DNDEBUG -O3 -fopenmp -o driver_spmv_input driver_spmv_input.cpp -ltbb -lboost_thread
Running method 9
Time to set up datastructures: 11559ms
90.9781, 90.7559, 91.089, 90.8821, 91.5189, 90.9271, 91.26, 91.2871, 90.9779, 90.96, 91.0549, 90.966, 90.7121, 90.8141, 91.1438, 90.713, 90.827, 90.872, 90.8711, 90.7059, 91.3219, 91.171, 91.2049, 91.1281, 90.8279, 90.8401, 91.5439, 91.3589, 90.7209, 90.9801, 91.212, 91.3069, 90.9941, 91.022, 90.827, 91.023, 90.981, 91.0811, 91.0168, 90.8792, 91.188, 90.9431, 90.9228, 90.7941, 90.6279, 91.089, 90.924, 90.996, 91.0101, 90.795, 90.5931, 90.91, 91.202, 91.1541, 90.9328, 91.0909, 91.007, 91.0189, 91.4371, 91.537, 91.1829, 90.8151, 91.167, 90.9669, 90.9019, 90.7941, 90.883, 90.806, 90.7021, 90.8899, 91.3789, 90.9221, 90.8699, 90.729, 91.1942, 91.0778, 90.7662, 91.6269, 91.3379, 90.6851, 90.6739, 91.0521, 91.084, 91.1429, 90.868, 90.8432, 91.049, 90.976, 91.2209, 90.9522, 91.1229, 91.1732, 90.9569, 90.8699, 90.8499, 90.6301, 90.966, 91.017, 90.7891, 90.8809, 
Time to set up datastructures: 11585.2ms
62.6709, 67.0199, 62.5269, 63.302, 62.324, 62.474, 64.5339, 65.644, 62.2799, 62.2652, 66.2739, 66.937, 62.3989, 66.1261, 67.1718, 67.3032, 62.602, 65.14, 63.765, 66.3998, 63.0572, 66.381, 66.8011, 64.153, 64.4999, 66.3581, 67.054, 65.542, 63.7, 64.2569, 62.3231, 63.9908, 64.147, 65.0861, 62.093, 63.555, 66.3149, 64.553, 63.118, 64.3141, 63.381, 64.7051, 66.2658, 65.171, 62.4712, 63.8859, 62.3181, 62.237, 62.5639, 63.1139, 65.9471, 67.374, 66.5159, 65.192, 67.1451, 66.128, 62.5172, 63.1111, 66.5438, 66.3531, 66.1631, 63.2799, 62.4809, 65.1419, 65.5911, 64.687, 62.86, 66.354, 67.2529, 63.2038, 67.389, 67.0309, 63.422, 63.8239, 63.318, 64.816, 66.5069, 65.84, 66.4282, 66.1819, 63.489, 65.984, 67.858, 63.4089, 65.7051, 63.4971, 63.1769, 64.6961, 63.5591, 63.9851, 62.201, 62.258, 63.2949, 65.1391, 63.1649, 62.309, 64.07, 62.4001, 64.157, 62.7759, 
Time to set up datastructures: 13115.7ms
52.094, 52.078, 52.2211, 52.1488, 52.1832, 52.6478, 51.8699, 52.1991, 52.2091, 52.29, 52.7689, 51.9969, 52.0802, 53.3049, 52.027, 52.0771, 52.3679, 51.9102, 52.0408, 51.9161, 52.0799, 51.748, 52.645, 52.1381, 51.9791, 51.728, 52.037, 51.99, 52.114, 51.8429, 52.634, 52.0341, 52.6478, 52.412, 51.9822, 52.0189, 51.887, 51.7871, 51.9788, 52.4502, 52.1488, 51.9509, 52.17, 52.022, 52.0709, 52.1271, 52.352, 51.914, 51.9862, 52.2308, 52.053, 51.7509, 51.8711, 52.0229, 52.0818, 52.2652, 52.3179, 52.6421, 52.068, 52.0699, 52.089, 52.067, 53.865, 51.8892, 52.618, 51.8579, 52.114, 52.042, 52.053, 52.1929, 52.0291, 52.053, 52.0539, 52.0601, 52.4189, 52.0179, 51.8441, 52.151, 52.1469, 52.2492, 52.0458, 52.161, 51.924, 52.0248, 52.0401, 52.0351, 52.0949, 52.12, 52.1331, 51.9631, 52.016, 51.8799, 53.308, 51.9969, 51.7242, 52.088, 51.873, 51.8711, 51.7449, 52.958, 
Time to set up datastructures: 14091.1ms
45.5518, 45.567, 45.553, 45.5999, 45.5351, 45.5439, 45.604, 45.5861, 45.6579, 45.5821, 45.6071, 45.562, 45.5821, 45.5739, 45.567, 45.537, 45.6109, 45.5799, 45.5801, 45.7079, 45.6221, 45.7129, 45.6212, 45.6049, 45.5711, 45.5461, 45.548, 45.577, 45.5868, 45.593, 45.6271, 45.6109, 45.5551, 45.6109, 45.563, 45.536, 45.5902, 45.5329, 45.5551, 45.6259, 45.537, 45.594, 45.5611, 45.567, 45.6419, 45.603, 45.5999, 45.5711, 45.5191, 45.593, 45.5968, 45.6541, 45.727, 45.6061, 45.5818, 45.589, 45.5458, 45.5711, 45.548, 45.5871, 45.594, 45.5341, 45.5229, 45.536, 45.5511, 45.589, 45.594, 45.521, 45.5439, 45.568, 45.5582, 45.553, 45.608, 45.5909, 45.6181, 45.6059, 45.5899, 45.577, 45.5999, 45.5799, 45.5639, 45.589, 45.6481, 45.547, 45.5399, 45.5792, 45.5289, 45.5801, 45.6169, 45.5801, 45.6071, 45.5849, 45.5949, 45.5811, 45.6071, 45.512, 45.5649, 45.5821, 45.5902, 45.5239, 
Time to set up datastructures: 14736.6ms
43.7109, 43.7269, 43.7381, 43.716, 43.745, 43.7551, 43.7601, 43.8068, 43.844, 43.7081, 43.7381, 43.684, 43.798, 43.8149, 43.7, 43.6871, 43.7081, 43.7348, 43.7181, 43.6821, 43.7379, 43.7241, 43.7429, 43.7639, 43.7651, 43.8089, 43.7171, 43.7279, 43.7582, 43.7269, 43.678, 43.7109, 43.7191, 43.731, 43.7469, 43.7112, 43.7579, 43.735, 43.7391, 43.741, 43.7069, 43.7179, 43.741, 43.8929, 43.8151, 43.8428, 43.7, 43.68, 43.704, 43.7131, 43.6659, 43.699, 43.7181, 43.75, 43.808, 43.7219, 43.7779, 43.7338, 43.7391, 43.798, 43.746, 43.72, 43.7441, 43.731, 43.788, 43.705, 43.7312, 43.7179, 43.704, 43.777, 43.781, 43.731, 43.7181, 43.731, 43.7222, 43.7069, 43.6931, 43.6909, 43.673, 43.736, 43.751, 43.7391, 43.7651, 43.715, 43.7579, 43.7231, 43.7109, 43.731, 43.7472, 43.7338, 43.7391, 43.73, 43.7, 43.7121, 43.6959, 43.7191, 43.735, 43.725, 43.782, 43.752, 
Time to set up datastructures: 14808.8ms
42.6662, 42.582, 42.707, 42.6531, 42.6118, 42.6099, 42.665, 42.592, 42.629, 42.5532, 42.624, 42.604, 42.5761, 42.578, 42.6211, 42.6099, 42.645, 42.644, 42.6121, 42.6369, 42.6819, 42.6259, 42.6562, 42.6149, 42.66, 42.578, 42.593, 42.5479, 42.587, 42.624, 42.619, 42.629, 42.6731, 42.5959, 42.6269, 42.645, 42.6002, 42.6259, 42.5959, 42.6981, 42.6049, 42.5999, 42.722, 42.5842, 42.629, 42.6049, 42.583, 42.6362, 42.6538, 42.5808, 42.6581, 42.5971, 42.608, 42.645, 42.558, 42.6481, 42.577, 42.6149, 42.634, 42.6819, 42.6419, 42.588, 42.6328, 42.619, 42.6888, 42.6581, 42.5861, 42.6219, 42.6002, 42.594, 42.6021, 42.659, 42.608, 42.5959, 42.5961, 42.6431, 42.582, 42.6199, 42.634, 42.5429, 42.6061, 42.655, 42.634, 42.6931, 42.659, 42.6109, 42.608, 42.6111, 42.6161, 42.702, 42.6121, 42.6168, 42.635, 42.5992, 42.608, 42.609, 42.5861, 42.69, 42.6109, 42.5839, 
Time to set up datastructures: 15428.8ms
42.9702, 43.0799, 43.0682, 42.9659, 42.9809, 43.0672, 42.9459, 42.974, 43.0009, 42.9401, 43.01, 43.0059, 43.036, 43.009, 43.045, 42.98, 43.0751, 43.0119, 42.9232, 43, 42.9668, 42.918, 43.004, 42.9668, 43.0171, 42.9411, 43.0589, 43.0181, 42.932, 42.9559, 43.0801, 42.933, 42.928, 42.994, 42.9339, 42.9459, 43.015, 43.0012, 43.0689, 43.0121, 42.9919, 42.994, 42.9499, 42.974, 43.0369, 43.0329, 43.035, 42.9649, 43.0758, 43.004, 43.01, 42.948, 42.973, 43.0212, 43.0191, 42.964, 43.0629, 42.9289, 43.035, 42.978, 42.9292, 42.9199, 42.9859, 43.0322, 42.932, 42.9609, 42.9571, 42.9599, 42.9862, 43.112, 42.9759, 43.0169, 42.9571, 42.9311, 43, 42.9771, 43.0269, 42.932, 42.9649, 42.9821, 43.0191, 42.9609, 43.004, 43.0579, 43.03, 42.9401, 42.995, 43.052, 43.035, 42.9971, 42.999, 43.061, 43.015, 43.0191, 43.011, 43.2601, 43.0388, 42.958, 42.958, 42.9652, 
Time to set up datastructures: 15054.4ms
42.1791, 42.134, 42.1531, 42.1908, 42.156, 42.2239, 42.1591, 42.2769, 42.135, 42.2301, 42.161, 42.1491, 42.165, 42.171, 42.1479, 42.161, 42.228, 42.136, 42.187, 42.2289, 42.1581, 42.2649, 42.2029, 42.13, 42.1309, 42.1872, 42.1398, 42.186, 42.166, 42.258, 42.2518, 42.1748, 42.2442, 42.15, 42.1898, 42.176, 42.15, 42.1832, 42.1729, 42.1422, 42.1519, 42.2621, 42.1948, 42.1729, 42.1429, 42.1491, 42.1531, 42.2919, 42.1472, 42.1901, 42.146, 42.1689, 42.192, 42.1999, 42.191, 42.2111, 42.1369, 42.177, 42.1422, 42.172, 42.176, 42.177, 42.172, 42.1889, 42.2461, 42.1691, 42.1269, 42.1751, 42.1391, 42.177, 42.1429, 42.1572, 42.1538, 42.201, 42.141, 42.1681, 42.1958, 42.212, 42.1522, 42.1479, 42.1531, 42.212, 42.197, 42.2161, 42.1979, 42.1371, 42.192, 42.1379, 42.2421, 42.232, 42.1619, 42.1941, 42.206, 42.1948, 42.115, 42.1522, 42.232, 42.191, 42.192, 42.1319, 
Time to set up datastructures: 15224.7ms
42.0451, 42.038, 41.966, 42.042, 41.9641, 42.0129, 42.0492, 41.981, 41.971, 42.002, 42.0091, 42.0358, 42.0501, 41.9791, 41.9989, 42.052, 41.9919, 42.0289, 41.991, 42.0029, 42.0141, 42.135, 42.136, 41.99, 42.0151, 42.0051, 42.0129, 41.9791, 42.0489, 42.0189, 42.006, 42.0601, 42.0048, 41.9941, 41.9941, 42.0389, 41.934, 42.0411, 41.9769, 42.0232, 41.9879, 41.98, 42.109, 42.0251, 42.011, 42.011, 42.0148, 41.945, 41.9929, 42.0301, 42.037, 42.002, 42.0351, 42.0349, 42.028, 42.002, 42.0101, 42.0079, 41.9681, 42.0539, 42.0601, 41.96, 42.007, 42.0148, 41.9922, 42.0251, 42.0158, 42.021, 42.0501, 42.021, 42.0179, 41.9769, 42.0232, 42.0249, 41.9562, 42.0599, 41.9559, 41.9631, 42.033, 42.0051, 42.0201, 42.0699, 42.0439, 42.0442, 41.997, 41.9741, 42.0129, 41.9731, 41.9879, 42.0601, 42.0909, 42.053, 41.9941, 42.057, 41.9869, 42.0229, 41.991, 41.995, 42.0411, 41.9629, 
Time to set up datastructures: 15122.8ms
41.5349, 41.6379, 41.5101, 41.522, 41.553, 41.548, 41.523, 41.5099, 41.501, 41.5101, 41.528, 41.573, 41.487, 41.5449, 41.5339, 41.5289, 41.5301, 41.518, 41.5161, 41.558, 41.533, 41.5471, 41.5559, 41.5261, 41.501, 41.5909, 41.501, 41.5189, 41.5411, 41.5049, 41.5161, 41.512, 41.657, 41.5671, 41.6491, 41.646, 41.5418, 41.4982, 41.5158, 41.4979, 41.604, 41.5289, 41.6069, 41.533, 41.5108, 41.5659, 41.59, 41.5301, 41.5399, 41.579, 41.549, 41.5561, 41.549, 41.528, 41.5342, 41.5409, 41.527, 41.4801, 41.5311, 41.5421, 41.477, 41.5359, 41.5242, 41.522, 41.5299, 41.5211, 41.522, 41.599, 41.517, 41.5571, 41.502, 41.492, 41.528, 41.584, 41.5149, 41.5339, 41.527, 41.5001, 41.5239, 41.527, 41.543, 41.482, 41.527, 41.4989, 41.538, 41.5189, 41.5049, 41.539, 41.5251, 41.5199, 41.626, 41.5051, 41.4879, 41.4901, 41.5189, 41.6012, 41.5149, 41.5351, 41.5618, 41.523, 
Time to set up datastructures: 15325.8ms
41.887, 41.898, 41.8141, 41.851, 41.7829, 41.851, 41.8239, 41.7562, 41.924, 41.7869, 41.8041, 41.955, 41.8959, 41.7759, 41.7941, 41.7819, 41.7881, 41.858, 41.8861, 41.9309, 41.8251, 41.904, 41.8491, 41.6799, 41.9121, 41.815, 41.867, 41.908, 41.7988, 41.8251, 41.8591, 41.8489, 41.837, 41.822, 41.858, 41.889, 41.9211, 41.8129, 41.8069, 41.7712, 41.8439, 41.8661, 41.851, 41.8279, 41.7671, 41.8859, 41.8348, 41.842, 41.795, 41.8591, 41.8029, 41.8122, 41.8119, 41.7728, 41.8839, 41.8229, 41.913, 41.8069, 41.883, 41.8012, 41.7969, 41.847, 41.8789, 41.8589, 41.8661, 41.8611, 41.77, 41.8251, 41.8708, 41.9381, 41.786, 41.7471, 41.8439, 41.888, 41.79, 41.816, 41.7721, 41.8749, 41.779, 41.8341, 41.929, 41.7531, 41.801, 41.908, 41.837, 41.8489, 41.8751, 41.8668, 41.831, 41.8022, 41.904, 41.775, 41.883, 41.8961, 41.853, 41.887, 41.888, 41.8491, 42.1219, 41.883, 
Time to set up datastructures: 15339.3ms
40.9331, 40.8409, 40.854, 40.8401, 40.8189, 40.8151, 40.827, 40.8309, 40.8168, 40.827, 40.89, 40.87, 40.8649, 40.8411, 40.832, 40.849, 40.834, 40.812, 40.848, 40.849, 40.8342, 40.8809, 40.8499, 40.8511, 40.8361, 40.869, 40.8659, 40.853, 40.8139, 40.8268, 40.8158, 40.8471, 40.837, 40.868, 41.002, 40.8859, 40.8499, 40.8192, 40.838, 40.8518, 40.8871, 40.832, 40.7989, 40.8762, 40.8199, 40.833, 40.8511, 40.8618, 40.8711, 40.895, 40.8468, 40.837, 40.8421, 40.8502, 40.807, 40.813, 40.796, 40.8189, 40.8671, 40.832, 40.8318, 40.807, 40.8502, 40.8299, 40.8201, 40.8421, 40.834, 40.8468, 40.832, 40.808, 40.8642, 40.8509, 40.834, 40.8452, 40.8559, 40.8762, 40.844, 40.8919, 40.8401, 40.801, 40.807, 40.8158, 40.879, 40.8411, 40.817, 40.8239, 40.8502, 40.823, 40.8208, 40.8499, 40.8349, 40.864, 40.8299, 40.823, 40.807, 40.8401, 40.8618, 40.843, 40.9241, 40.822, 
Time to set up datastructures: 15492.9ms
40.4708, 40.513, 40.457, 40.468, 40.4661, 40.4789, 40.498, 40.442, 40.498, 40.5111, 40.5018, 40.473, 40.4699, 40.4911, 40.489, 40.4689, 40.4902, 40.4971, 40.5629, 40.4711, 40.4809, 40.4651, 40.4959, 40.4961, 40.5049, 40.4642, 40.4658, 40.437, 40.5269, 40.514, 40.4701, 40.509, 40.544, 40.4899, 40.4751, 40.467, 40.4689, 40.4871, 40.458, 40.5121, 40.453, 40.499, 40.4711, 40.4639, 40.4811, 40.5178, 40.482, 40.4789, 40.493, 40.4711, 40.4811, 40.499, 40.447, 40.462, 40.5011, 40.462, 40.499, 40.441, 40.4561, 40.549, 40.4899, 40.4701, 40.4458, 40.4739, 40.483, 40.4651, 40.4859, 40.4541, 40.503, 40.473, 40.4599, 40.4661, 40.4651, 40.4859, 40.5002, 40.4739, 40.468, 40.4701, 40.4899, 40.4701, 40.4999, 40.468, 40.643, 40.482, 40.4902, 40.4978, 40.4892, 40.4718, 40.4658, 40.5011, 40.489, 40.4639, 40.4809, 40.473, 40.457, 40.4871, 40.524, 40.5102, 40.52, 40.493, 
