dpcpp -Wall -DNDEBUG -O3 -fopenmp -o driver_spmv_input driver_spmv_input.cpp -ltbb -lboost_thread
Running method 9
Time to set up datastructures: 17940.4ms
39.151, 39.221, 39.2039, 39.125, 39.187, 39.3009, 39.248, 39.1901, 39.1691, 39.155, 39.2249, 39.17, 39.149, 39.288, 39.2289, 39.2292, 39.237, 39.397, 39.1839, 39.1331, 39.1951, 39.196, 39.2189, 39.247, 39.1519, 39.2451, 39.1319, 39.1731, 39.176, 39.1951, 39.2568, 39.207, 39.207, 39.1901, 39.093, 39.2299, 39.1731, 39.2208, 39.1722, 39.149, 39.1319, 39.6862, 39.2108, 39.2072, 39.1669, 39.1951, 39.1688, 39.1412, 39.2609, 39.1941, 39.1781, 39.1319, 39.242, 39.2129, 39.1822, 39.1538, 39.149, 39.315, 39.1748, 39.176, 39.1302, 39.212, 39.1951, 39.1469, 39.2129, 39.139, 39.16, 39.264, 39.1951, 39.1681, 39.145, 39.1669, 39.2089, 39.1822, 39.1769, 39.1731, 39.1738, 39.171, 39.186, 39.1159, 39.1519, 39.149, 39.1212, 39.181, 39.151, 39.151, 39.149, 39.1991, 39.124, 39.1419, 39.1161, 39.185, 39.2818, 39.175, 39.099, 39.1879, 39.247, 39.165, 39.134, 39.2139, 
Time to set up datastructures: 17203.1ms
33.8061, 33.6778, 33.715, 33.7012, 33.6568, 33.7281, 33.7911, 33.8528, 33.597, 33.6528, 33.7682, 33.8089, 33.7069, 33.7591, 33.6969, 33.679, 33.68, 33.6058, 33.8061, 33.802, 33.6361, 33.7639, 33.7031, 33.6609, 33.8371, 33.762, 33.6139, 33.6208, 33.546, 33.6912, 33.6299, 33.653, 33.653, 33.6649, 33.705, 33.704, 33.72, 33.699, 33.7319, 33.5941, 33.654, 33.6709, 33.726, 33.731, 33.663, 33.6921, 33.6559, 33.633, 33.7441, 33.5629, 33.6449, 33.7281, 33.7069, 33.752, 33.6802, 33.6418, 33.731, 33.6232, 33.6568, 33.7191, 33.6061, 33.664, 33.638, 33.622, 33.875, 33.6781, 33.7429, 33.771, 33.6411, 33.6528, 33.6292, 33.792, 33.6249, 33.7369, 33.679, 33.6249, 33.7319, 33.6602, 33.5989, 33.6411, 33.5708, 33.7319, 33.6599, 33.618, 33.571, 33.6981, 33.6549, 33.6452, 33.6339, 33.756, 33.798, 33.762, 33.8919, 33.855, 33.8211, 33.5789, 33.7, 33.638, 33.617, 33.6571, 
Time to set up datastructures: 18606.1ms
33.5791, 33.5751, 33.6668, 33.704, 33.6449, 33.674, 33.7029, 33.571, 33.6061, 33.639, 33.6611, 33.6399, 33.5929, 33.6502, 33.648, 33.679, 33.592, 33.649, 33.6189, 33.628, 33.6511, 34.513, 34.1289, 33.654, 33.6502, 33.5789, 33.6552, 33.6649, 33.638, 33.6411, 33.5948, 33.6421, 33.586, 33.5679, 33.617, 33.6001, 33.649, 33.6342, 33.5779, 33.5789, 33.6812, 33.6039, 33.653, 33.601, 33.6649, 33.514, 33.5929, 33.572, 33.5689, 33.5951, 33.5569, 33.6571, 33.586, 33.6261, 33.663, 33.6111, 33.5798, 33.5999, 33.551, 33.5572, 33.545, 33.55, 33.5999, 33.653, 33.6211, 33.5531, 33.6049, 33.5472, 33.6258, 33.6032, 33.4868, 33.6351, 33.571, 33.596, 33.5979, 33.5679, 33.534, 33.6061, 33.581, 33.5379, 33.5481, 33.546, 33.577, 33.586, 33.5801, 33.572, 33.5519, 33.6351, 33.483, 33.5619, 33.582, 33.6931, 33.601, 33.5739, 33.6339, 33.546, 33.565, 33.5212, 33.5059, 33.644, 
Time to set up datastructures: 19587.6ms
33.4899, 33.4861, 33.546, 33.4859, 33.4961, 33.4821, 33.437, 33.499, 33.5519, 33.4461, 33.5219, 33.5791, 33.534, 33.5219, 33.515, 33.493, 33.453, 33.4392, 33.504, 33.4959, 33.488, 33.4492, 33.4539, 33.4589, 33.5159, 33.4868, 33.483, 33.448, 33.4611, 33.4711, 33.5379, 33.4551, 33.443, 33.4699, 33.5131, 33.453, 33.4492, 33.448, 33.433, 33.663, 33.4749, 33.4611, 33.505, 33.4082, 33.4401, 33.4358, 33.438, 33.442, 33.4458, 33.5031, 33.483, 33.3991, 33.5031, 33.4358, 33.4508, 33.4539, 33.4342, 33.458, 33.4299, 33.407, 33.4351, 33.4229, 33.4451, 33.4101, 33.426, 33.468, 33.4389, 33.438, 33.432, 33.448, 33.478, 33.3822, 33.4139, 33.448, 33.3982, 33.3989, 33.4561, 33.3819, 33.4771, 33.4759, 33.473, 33.4401, 33.4198, 33.4611, 33.4971, 33.442, 33.457, 33.4449, 33.4151, 33.5, 33.442, 33.407, 33.4208, 33.4201, 33.4661, 33.4818, 33.401, 33.462, 33.438, 33.432, 
Time to set up datastructures: 21151.6ms
33.9391, 33.9339, 33.9229, 33.936, 33.937, 33.8809, 33.9129, 33.911, 33.8881, 33.884, 33.8941, 33.951, 33.875, 33.9389, 33.9541, 33.915, 33.906, 33.8979, 33.9088, 34.024, 33.8991, 33.895, 33.9341, 33.8938, 33.8302, 33.931, 33.859, 33.953, 33.896, 33.886, 33.9439, 33.9031, 33.9179, 33.901, 33.879, 33.8991, 33.88, 33.901, 33.886, 33.8891, 33.854, 33.8919, 33.927, 33.8879, 33.886, 33.848, 33.8778, 33.89, 33.8731, 33.901, 33.8612, 33.869, 33.9258, 33.931, 33.895, 33.8938, 33.8702, 33.8659, 33.886, 33.85, 33.8762, 33.865, 33.9179, 33.9489, 33.8759, 33.8759, 33.8519, 33.8671, 33.9129, 33.8781, 33.8831, 34.234, 33.9749, 33.9191, 33.9019, 33.9272, 33.8988, 33.8922, 33.8559, 33.8891, 33.854, 33.855, 33.8981, 33.9088, 33.834, 33.8731, 33.931, 33.8969, 33.8511, 33.8879, 33.9541, 33.884, 33.8838, 33.8931, 33.9091, 33.8378, 33.829, 33.8652, 33.9079, 33.864, 
Time to set up datastructures: 21558.6ms
34.1051, 34.1969, 34.147, 34.153, 34.143, 34.138, 34.205, 34.1351, 34.1339, 34.1401, 34.1189, 34.1141, 34.0989, 34.1921, 34.1189, 34.1349, 34.1191, 34.1151, 34.0979, 34.1001, 34.1129, 34.1208, 34.137, 34.0829, 34.1499, 34.2121, 34.1341, 34.1299, 34.1132, 34.1289, 34.096, 34.085, 34.0981, 34.121, 34.1311, 34.1449, 34.07, 34.0931, 34.1349, 34.1191, 34.174, 34.1141, 34.158, 34.0919, 34.1539, 34.1241, 34.122, 34.1489, 34.1191, 34.126, 34.158, 34.1098, 34.095, 34.1291, 34.169, 34.1859, 34.1289, 34.1179, 34.1439, 34.0941, 34.1051, 34.137, 34.1311, 34.0979, 34.1141, 34.1029, 34.0831, 34.138, 34.102, 34.117, 34.1098, 34.137, 34.1852, 34.096, 34.1201, 34.1539, 34.1139, 34.1139, 34.117, 34.117, 34.0631, 34.106, 34.122, 34.1039, 34.162, 34.126, 34.1799, 34.122, 34.1461, 34.102, 34.1461, 34.1101, 34.1201, 34.1368, 34.106, 34.1179, 34.117, 34.138, 34.142, 34.085, 
Time to set up datastructures: 21681.8ms
34.03, 34.0712, 34.0199, 34.0321, 34.0359, 34.0281, 34.04, 34.0071, 34.0021, 34.075, 34.08, 34.05, 34.055, 34.0049, 34.0321, 33.973, 34.0621, 34.003, 34.04, 34.0009, 34.029, 33.999, 33.9658, 34.0431, 34.0281, 34.0331, 34.013, 34.0519, 34.04, 33.998, 34.0381, 34.025, 34.0042, 34.0018, 34.0111, 33.9899, 34.0071, 33.999, 34.0269, 34.0011, 34.013, 34.0009, 34.0362, 34.0199, 34.0421, 34.0049, 34.03, 34.0261, 34.0219, 34.0118, 34.018, 34.019, 34.0359, 34.0049, 34.003, 34.024, 34.0071, 33.9959, 34.044, 34.0841, 33.9999, 34.0102, 34.019, 33.9909, 34.085, 33.9971, 33.958, 33.978, 34.0052, 33.9699, 34.0211, 33.973, 33.993, 33.9789, 33.988, 34.035, 33.977, 33.9959, 33.9999, 34.0021, 34.008, 34.0161, 34.0228, 34.009, 33.973, 34.0109, 33.9868, 34.049, 34.0471, 34.0209, 34.0121, 34.0219, 33.9851, 33.978, 33.9561, 33.9949, 33.9811, 34.0211, 33.9839, 33.9661, 
Time to set up datastructures: 21720.5ms
34.451, 34.4141, 34.4551, 34.3909, 34.3721, 34.3971, 34.4279, 34.4231, 34.4479, 34.4319, 34.3981, 34.4019, 34.3881, 34.4281, 34.446, 34.4238, 34.4088, 34.4181, 34.416, 34.379, 34.4131, 34.3909, 34.4219, 34.3912, 34.3959, 34.4131, 34.41, 34.394, 34.3609, 34.3871, 34.4, 34.4369, 34.348, 34.385, 34.3721, 34.4069, 34.3671, 34.3809, 34.3091, 34.4059, 34.339, 34.4071, 34.3919, 34.4081, 34.4191, 34.3769, 34.4081, 34.395, 34.3881, 34.3571, 34.358, 34.3468, 34.3502, 34.411, 34.3559, 34.3611, 34.3881, 34.38, 34.375, 34.384, 34.399, 34.4119, 34.3721, 34.363, 34.379, 34.3499, 34.405, 34.445, 34.4, 34.364, 34.353, 34.3599, 34.4021, 34.3568, 34.3652, 34.4059, 34.421, 34.3671, 34.3821, 34.3909, 34.384, 34.3881, 34.3649, 34.4021, 34.415, 34.3399, 34.3649, 34.389, 34.358, 34.389, 34.3552, 34.3521, 34.4009, 34.3859, 34.435, 34.374, 34.373, 34.3671, 34.3499, 34.3928, 
Time to set up datastructures: 21551.5ms
34.6949, 34.682, 34.6279, 34.6651, 34.6391, 34.656, 34.626, 34.6448, 34.6501, 34.6079, 34.6849, 34.636, 34.6689, 34.5502, 34.5638, 34.6611, 34.6351, 34.6611, 34.6041, 34.627, 34.6479, 34.5759, 34.642, 34.6341, 34.652, 34.616, 34.6861, 34.595, 34.611, 34.631, 34.5011, 34.7118, 34.7281, 34.6341, 34.5809, 34.7579, 34.586, 34.5399, 34.6282, 34.6439, 34.6329, 34.646, 34.6451, 34.62, 34.647, 34.621, 34.682, 34.5759, 34.626, 34.5941, 34.605, 34.632, 34.6999, 34.6169, 34.62, 34.5831, 34.631, 34.6301, 34.6661, 34.596, 34.6601, 34.6649, 34.6148, 34.6241, 34.6279, 34.5988, 34.6589, 34.5969, 34.6282, 34.5919, 34.663, 34.5311, 34.652, 34.6069, 34.6119, 34.6482, 34.663, 34.6129, 34.6432, 34.596, 34.6069, 34.636, 34.5819, 34.6422, 34.6329, 34.662, 34.6389, 34.616, 34.6329, 34.596, 34.657, 34.6251, 34.647, 34.5361, 34.595, 34.435, 34.5619, 34.5972, 34.637, 34.6019, 
Time to set up datastructures: 21845.4ms
34.7061, 34.677, 34.6749, 34.7459, 34.8651, 34.683, 34.6689, 34.7831, 34.9181, 34.8239, 35.0392, 34.8668, 34.79, 34.807, 34.878, 34.7941, 34.868, 34.801, 34.909, 34.719, 34.719, 34.833, 34.729, 34.9379, 34.7512, 34.9159, 34.7259, 34.7471, 34.631, 34.673, 34.6961, 34.7159, 34.647, 34.744, 34.786, 34.6801, 34.7579, 34.7171, 34.6501, 34.7059, 34.8532, 34.6699, 34.7199, 34.894, 34.7991, 34.6611, 34.8659, 34.631, 34.6372, 34.8449, 34.91, 34.8492, 34.7269, 34.6708, 34.642, 34.719, 34.7009, 34.708, 34.7259, 34.6742, 34.7998, 34.822, 34.6959, 34.7672, 34.745, 34.826, 34.6448, 34.858, 34.991, 34.7979, 34.7121, 34.7281, 34.7309, 34.786, 34.76, 34.672, 34.8659, 34.807, 34.7731, 34.6689, 34.6811, 34.626, 34.662, 34.7409, 34.8439, 34.7171, 34.8439, 34.812, 34.708, 34.8279, 34.822, 35.069, 34.7559, 34.6391, 34.7431, 34.708, 34.7848, 34.8051, 34.647, 34.667, 
Time to set up datastructures: 21551.1ms
35.125, 35.0449, 35.0811, 35.063, 35.1419, 35.104, 35.1501, 35.12, 34.977, 35.0149, 35.125, 35.0192, 35.126, 35.14, 35.1009, 35.0862, 35.0819, 35.0289, 35.1231, 35.0351, 35.0268, 35.0351, 35.125, 35.1169, 35.0442, 35.111, 35.1639, 35.1, 35.1, 35.048, 35.0759, 35.037, 35.09, 35.0299, 34.987, 35.0571, 35.0602, 35.0718, 35.0721, 35.0349, 35.042, 34.956, 35.1, 35.0358, 34.9102, 35.074, 35.044, 35.0099, 35.043, 34.9851, 34.972, 35.12, 35.079, 35.0001, 35.0389, 35.059, 35.012, 34.9591, 34.955, 35.0959, 35.0881, 35.0721, 35.0831, 35.0349, 35.064, 34.9941, 34.8539, 34.9898, 34.9472, 35.1028, 34.9491, 35.0029, 34.9779, 35.085, 34.9841, 35.0778, 35.1431, 35.064, 35.1, 34.9901, 35.0471, 34.8868, 34.955, 34.925, 35.0568, 35.089, 35.038, 35.0101, 35.0389, 35.0649, 35.0692, 35.0039, 35.094, 35.048, 35.1119, 35.1241, 34.9891, 35.0189, 35.017, 35.033, 
Time to set up datastructures: 21981.3ms
35.0449, 34.94, 34.8771, 34.9021, 34.9331, 34.8809, 34.869, 34.8611, 34.8589, 34.8451, 34.8709, 34.8499, 34.852, 34.915, 34.925, 34.8468, 34.919, 34.8861, 35.0161, 34.868, 34.857, 34.838, 34.826, 34.9169, 34.8589, 34.848, 34.9469, 34.848, 34.925, 34.8551, 34.8489, 34.853, 34.8592, 34.862, 34.842, 34.838, 34.8229, 34.843, 34.8518, 34.837, 34.8761, 34.8561, 34.8361, 34.8899, 34.8761, 34.8659, 34.9779, 34.8139, 34.8232, 34.8279, 34.8392, 34.8668, 34.8332, 34.8308, 34.8761, 34.852, 34.8549, 34.8382, 34.832, 34.8349, 34.847, 34.8561, 34.843, 34.812, 34.8291, 34.8799, 34.8351, 34.8361, 34.832, 34.9019, 34.857, 34.8401, 34.826, 34.838, 34.843, 34.8411, 35.0189, 34.8451, 34.8341, 34.827, 34.8248, 34.8511, 34.8339, 34.8601, 34.9789, 34.8928, 34.8341, 34.857, 34.8539, 34.8351, 34.8289, 34.9841, 34.832, 34.796, 34.831, 34.8189, 34.868, 34.8089, 34.8241, 35.171, 
Time to set up datastructures: 21901.6ms
34.9562, 34.9569, 34.9309, 34.8752, 34.8749, 34.9751, 34.97, 34.92, 34.8871, 34.888, 34.945, 34.8828, 34.8642, 34.951, 35.0161, 34.997, 34.9419, 35.007, 34.9569, 34.934, 34.924, 34.9021, 34.9469, 34.898, 34.8709, 34.8868, 34.9321, 34.945, 34.898, 34.9009, 34.96, 34.9998, 34.878, 34.9588, 34.9252, 34.8508, 34.9052, 34.935, 34.9679, 34.9491, 34.9669, 34.9958, 34.9221, 34.843, 34.879, 34.8849, 34.8189, 34.8849, 34.8749, 34.795, 34.873, 34.9579, 34.9391, 35.0461, 34.8511, 34.899, 34.8389, 34.8291, 34.8361, 34.9491, 34.874, 34.8251, 34.842, 34.903, 34.867, 34.842, 34.889, 34.992, 34.9431, 34.9619, 34.9929, 34.8508, 34.8389, 34.8051, 34.8659, 34.8408, 34.8411, 35.0399, 34.8649, 34.812, 34.898, 34.8279, 34.831, 34.801, 34.894, 34.9021, 34.8561, 34.961, 34.8139, 34.8091, 34.8401, 34.8749, 35.006, 34.8489, 35.038, 34.847, 34.8408, 34.852, 34.9119, 34.8079, 
