dpcpp -Wall -DNDEBUG -O3 -fopenmp -o driver_spmv_input driver_spmv_input.cpp -ltbb -lboost_thread
Running method 9
Time to set up datastructures: 12393.2ms
148.623, 148.414, 148.4, 148.443, 148.382, 148.516, 148.631, 148.502, 148.418, 148.47, 148.424, 148.466, 148.641, 148.573, 148.41, 148.472, 148.458, 148.433, 148.426, 148.606, 148.513, 148.525, 148.736, 148.492, 148.393, 148.533, 148.564, 148.58, 148.48, 148.414, 148.473, 148.807, 148.533, 148.493, 148.461, 148.329, 148.415, 148.376, 148.447, 148.537, 148.548, 148.403, 148.5, 148.417, 148.375, 148.452, 148.418, 148.635, 148.56, 148.77, 148.461, 148.363, 148.563, 148.459, 148.426, 148.699, 148.518, 148.401, 148.524, 148.525, 148.595, 148.41, 148.682, 148.411, 148.44, 148.434, 148.601, 148.674, 148.505, 148.508, 148.455, 148.441, 148.51, 148.695, 148.637, 148.435, 148.589, 148.451, 148.325, 148.647, 148.421, 148.456, 148.548, 148.691, 148.517, 148.408, 148.461, 148.752, 148.569, 148.91, 148.573, 148.526, 148.403, 148.549, 148.574, 148.473, 148.452, 148.424, 148.434, 148.541, 
Time to set up datastructures: 12770.2ms
115.552, 115.664, 115.584, 115.25, 115.544, 115.29, 115.916, 115.948, 115.923, 115.626, 115.865, 115.634, 115.683, 115.85, 115.718, 115.685, 115.432, 115.757, 115.723, 116.46, 115.54, 115.012, 115.815, 115.728, 115.663, 115.474, 115.761, 115.73, 116.055, 115.434, 115.189, 115.592, 115.505, 115.887, 115.744, 115.283, 115.695, 115.809, 115.575, 115.46, 115.615, 115.841, 115.545, 115.726, 115.473, 115.525, 115.363, 115.2, 115.449, 115.48, 115.347, 115.841, 115.98, 115.984, 115.546, 115.297, 115.89, 115.572, 115.884, 115.812, 116.052, 115.523, 115.717, 115.276, 115.683, 115.368, 115.439, 115.803, 115.41, 115.957, 115.693, 115.197, 115.44, 115.664, 115.523, 115.523, 115.667, 115.743, 115.656, 115.459, 115.442, 115.558, 115.511, 115.5, 115.657, 115.684, 115.646, 115.976, 116.123, 115.318, 115.311, 115.726, 115.359, 115.576, 115.951, 115.612, 115.32, 115.317, 115.771, 115.355, 
Time to set up datastructures: 13892.5ms
101.517, 101.295, 101.642, 101.627, 101.444, 101.512, 101.548, 101.314, 101.564, 101.459, 101.571, 101.265, 101.709, 101.685, 101.361, 101.689, 101.516, 101.651, 101.375, 101.557, 101.478, 101.577, 101.518, 101.573, 101.314, 101.545, 101.567, 101.569, 101.609, 101.356, 101.41, 101.425, 101.658, 101.957, 101.482, 101.455, 101.625, 101.433, 101.556, 101.561, 101.716, 101.695, 101.337, 101.464, 101.395, 101.361, 101.399, 101.399, 101.384, 101.343, 101.854, 101.537, 101.984, 101.704, 101.248, 101.578, 101.589, 101.482, 101.676, 101.45, 101.854, 101.653, 101.498, 101.353, 101.82, 101.491, 101.231, 101.737, 101.733, 101.501, 101.568, 101.543, 101.457, 101.618, 101.532, 101.446, 101.318, 101.355, 101.661, 101.33, 101.335, 101.567, 101.481, 101.66, 101.51, 101.35, 101.304, 101.434, 101.554, 101.776, 101.607, 101.559, 101.395, 101.38, 101.254, 101.802, 101.467, 101.34, 101.48, 101.374, 
Time to set up datastructures: 15165.2ms
93.308, 93.4582, 93.421, 93.502, 93.2939, 93.3189, 93.586, 94.6381, 100.32, 93.2329, 93.3681, 93.2262, 93.2848, 93.5431, 93.5431, 93.267, 93.554, 93.1649, 93.477, 93.21, 93.2958, 93.2379, 93.3201, 93.3619, 93.3142, 93.3769, 93.4892, 93.37, 93.5199, 93.436, 93.513, 93.2941, 93.3099, 93.478, 93.518, 93.298, 93.3821, 93.4761, 93.667, 93.497, 93.4398, 93.1408, 93.2481, 93.591, 93.2682, 93.3528, 93.4551, 93.596, 93.4072, 93.5729, 93.2021, 93.56, 93.538, 93.6, 93.457, 93.477, 93.523, 93.4601, 93.2648, 93.5571, 93.544, 93.581, 93.4322, 93.4029, 93.595, 93.3111, 93.5049, 93.37, 93.617, 93.5001, 93.508, 93.266, 93.3931, 93.478, 93.451, 93.4219, 93.483, 93.426, 93.5271, 93.5102, 93.4629, 93.3242, 93.3399, 93.3599, 93.302, 93.4911, 93.5159, 93.2522, 93.3609, 93.3771, 93.5149, 93.4889, 93.4598, 93.4911, 93.3499, 93.3242, 93.3568, 93.4622, 93.5249, 93.4839, 
Time to set up datastructures: 15867.8ms
88.665, 88.5701, 88.495, 88.531, 88.3451, 88.4778, 88.4552, 88.362, 88.588, 88.577, 88.6459, 88.3861, 88.5911, 88.5389, 88.3451, 88.484, 88.696, 88.614, 88.449, 88.486, 88.6059, 88.4321, 88.4471, 88.6219, 88.5301, 88.3451, 88.727, 88.444, 88.562, 88.5799, 88.485, 88.515, 88.629, 88.5479, 88.5978, 88.4359, 88.495, 88.412, 88.7489, 88.2721, 88.6309, 88.47, 88.418, 88.511, 88.2621, 88.3999, 88.6781, 88.439, 88.6121, 88.5, 88.4869, 88.454, 88.4349, 88.5532, 88.4829, 88.454, 88.413, 88.526, 88.4092, 88.444, 88.382, 88.5639, 88.485, 88.599, 88.388, 88.5301, 88.4819, 88.5451, 88.433, 88.4418, 88.4972, 88.448, 88.7351, 88.5549, 88.5222, 88.619, 88.5999, 88.5081, 88.5358, 88.65, 88.5332, 88.7179, 88.4471, 88.5289, 88.4161, 88.6049, 88.4311, 88.424, 88.474, 88.4409, 88.515, 88.6478, 88.459, 88.6662, 88.449, 88.5019, 88.6149, 88.4452, 88.4879, 88.3532, 
Time to set up datastructures: 16382.8ms
86.1602, 86.2708, 85.9361, 85.8619, 86.0028, 85.9032, 85.7348, 86.231, 85.9931, 86.0291, 86.1721, 86.0751, 85.7909, 86.0901, 86.0789, 86.0529, 86.0341, 86.1259, 86.102, 85.6178, 86.0152, 85.5989, 85.695, 86.0159, 85.954, 86.2451, 86.195, 86.051, 85.8459, 85.9861, 86.004, 86.0729, 86.2811, 85.885, 86, 86.062, 86.118, 85.7079, 85.9971, 86.0729, 86.1208, 86.1492, 86.1449, 86.0631, 85.664, 86.062, 86.0159, 86.442, 86.977, 86.1959, 86.127, 86.066, 86.1859, 85.969, 86.0271, 85.9029, 86.066, 85.968, 86.0889, 85.593, 86.18, 86.1251, 86.071, 86.066, 86.143, 86.1659, 85.7301, 85.6431, 86.1239, 86.019, 86.0062, 86.1499, 86.076, 85.989, 85.8982, 86.1969, 85.964, 86.0469, 86.1442, 86.0419, 86.1461, 86.0639, 85.9921, 85.9349, 86.1001, 86.0879, 86.0982, 86.1828, 86.2348, 86.051, 85.736, 86.211, 85.6202, 85.798, 86.1828, 85.6779, 85.9921, 85.6659, 85.969, 86.0949, 
Time to set up datastructures: 16712.5ms
83.5869, 83.601, 84.0251, 83.782, 83.7181, 83.7281, 83.6759, 83.998, 83.838, 83.7049, 83.6139, 83.586, 83.679, 83.6561, 84.0709, 83.7581, 83.689, 83.7691, 83.621, 83.745, 83.6389, 83.6179, 83.7049, 83.638, 83.8189, 83.6492, 83.643, 83.945, 83.777, 83.6351, 83.904, 83.7679, 83.7159, 83.622, 83.6599, 83.5271, 83.761, 83.7052, 83.6098, 83.6821, 83.7491, 83.7212, 83.9689, 83.7781, 83.581, 84.1808, 83.678, 83.6692, 83.955, 83.8649, 83.688, 83.822, 83.6, 83.7259, 83.7679, 84.059, 83.6511, 83.8909, 83.6141, 83.643, 83.7719, 83.724, 83.8611, 83.998, 83.7111, 83.7309, 83.6461, 83.5729, 83.725, 83.6401, 83.6399, 83.6101, 83.6849, 83.6768, 83.6301, 83.6849, 83.6821, 83.703, 83.674, 84.0192, 83.8208, 83.8342, 83.653, 83.6771, 83.5869, 83.8461, 83.9779, 83.6332, 83.9369, 84.1, 83.7631, 83.632, 84.012, 83.9109, 83.6802, 83.6148, 83.956, 83.673, 83.7102, 83.703, 
Time to set up datastructures: 16634.3ms
82.3061, 82.3729, 82.3181, 82.366, 82.206, 82.3801, 83.117, 82.4001, 82.392, 82.37, 82.4258, 82.356, 82.3588, 82.5222, 82.3379, 82.3829, 82.365, 82.3491, 82.7649, 82.392, 82.3622, 82.376, 82.3369, 82.3901, 82.3121, 82.3929, 82.6411, 82.4449, 82.2561, 82.2961, 82.4189, 82.4311, 82.5179, 82.3271, 82.3081, 82.4389, 82.4161, 82.3619, 82.2952, 82.3689, 82.4502, 82.4108, 82.3972, 82.3779, 82.3271, 82.3689, 82.4912, 82.4349, 82.299, 82.4289, 82.3722, 82.3309, 82.4151, 82.432, 82.408, 82.401, 82.4449, 82.4211, 82.423, 82.35, 82.4311, 82.4158, 82.3271, 82.4089, 82.3262, 82.4289, 82.71, 82.545, 82.1218, 82.366, 82.345, 82.2551, 82.3519, 82.3481, 82.3691, 82.526, 82.1781, 82.238, 82.3948, 82.283, 82.3982, 82.372, 82.3121, 82.4358, 82.3371, 82.3898, 82.4201, 82.397, 82.3901, 82.4459, 82.5119, 82.5369, 82.3781, 82.3789, 82.3171, 82.3469, 82.3941, 82.4099, 82.3431, 82.495, 
Time to set up datastructures: 17064.4ms
81.3239, 81.284, 81.29, 81.3301, 81.3551, 81.1598, 81.284, 81.284, 81.356, 81.315, 81.1639, 81.2912, 81.3739, 81.3282, 81.521, 81.388, 81.2979, 81.243, 81.3, 81.218, 81.3169, 81.2659, 81.214, 81.2199, 81.249, 81.2812, 81.3129, 81.1701, 81.2929, 81.2752, 81.2998, 81.279, 81.2531, 81.198, 81.336, 81.2089, 81.3019, 81.3, 81.3079, 81.2991, 81.367, 81.4641, 81.31, 81.265, 81.356, 81.2709, 81.2261, 81.2929, 81.3582, 81.2559, 81.358, 81.3341, 81.403, 81.3949, 81.25, 81.5158, 81.2521, 81.2891, 81.2471, 81.2018, 81.2819, 81.368, 81.3692, 81.419, 81.244, 81.2008, 81.2662, 81.218, 81.208, 81.368, 81.3541, 81.7008, 81.3401, 81.3479, 81.28, 81.243, 81.4509, 81.2242, 81.32, 81.2891, 81.234, 81.4328, 81.3091, 81.352, 81.8081, 81.2988, 81.3031, 81.1849, 81.2888, 81.2562, 81.43, 81.2371, 81.3689, 81.228, 81.3301, 81.25, 81.269, 81.3141, 81.2328, 81.1481, 
Time to set up datastructures: 16469.7ms
81.2838, 81.248, 81.1961, 81.0909, 81.0709, 81.166, 81.13, 81.0239, 81.0921, 81.085, 81.3181, 80.9889, 81.0099, 81.1629, 81.0649, 81.1589, 81.4731, 81.0361, 81.001, 81.0299, 81.0311, 81.1489, 81.089, 81.2299, 81.032, 81.0201, 81.0621, 81.075, 81.0769, 81.073, 81.049, 81.0668, 81.0871, 80.9951, 81.003, 81.2941, 81.0828, 81.0461, 81.0189, 81.3968, 81.284, 81.3251, 81.362, 81.0511, 81.0359, 81.0351, 81.255, 81.0609, 81.116, 81.146, 81.079, 81.121, 81.064, 81.759, 81.224, 81.0959, 81.085, 80.9941, 81.1648, 81.075, 81.3129, 81.212, 81.0571, 81.1179, 81.007, 81.2261, 81.109, 81.032, 81.1279, 80.997, 81.0578, 81.2969, 81.0521, 81.1589, 81.1281, 81.0881, 81.0719, 81.1682, 81.033, 81.121, 81.0509, 81.1021, 81.0349, 81.069, 81.1331, 81.248, 81.039, 81.0668, 81.058, 81.1958, 81.188, 81.3661, 81.079, 81.0499, 81.0761, 81.0139, 81.12, 81.1419, 81.079, 81.0139, 
Time to set up datastructures: 16534.6ms
81.1141, 81.0671, 81.1222, 81.043, 81.0728, 81.023, 81.0781, 81.0661, 81.1219, 81.0261, 80.987, 81.0039, 81.0781, 81.0521, 81.0361, 80.9999, 80.8828, 81.0361, 81.058, 81.0401, 81.176, 81.0509, 81.1262, 81.2349, 81.1141, 81.048, 81.0509, 81.1031, 81.018, 81.017, 81.09, 81.14, 81.1582, 81.136, 81.0339, 81.0161, 81.002, 81.0249, 81.0301, 81.0878, 81.0139, 80.94, 81.008, 81.099, 80.9529, 81.074, 81.007, 81.0878, 81.069, 80.9932, 81.1398, 81.0962, 81.213, 81.094, 81.131, 81.079, 80.986, 81.135, 81.162, 81.037, 81.028, 81.0659, 81.0611, 81.0571, 81.1188, 80.9481, 81.018, 81.0091, 81.162, 81.0471, 81.0828, 81.0611, 81.11, 81.0142, 81.0308, 80.977, 81.0409, 81.1372, 80.9789, 81.0771, 81.0568, 81.1179, 81.0051, 81.115, 81.094, 80.9419, 81.073, 81.0089, 81.037, 81.1601, 80.8589, 81.135, 81.08, 81.017, 81.033, 81.147, 81.0461, 81.012, 81.0781, 81.023, 
Time to set up datastructures: 17220.8ms
80.395, 80.5142, 80.5249, 80.456, 80.404, 80.4629, 80.4839, 80.4832, 80.4329, 80.488, 80.4482, 80.426, 80.457, 80.478, 80.4858, 80.447, 80.4288, 80.4498, 80.5042, 80.4329, 80.4231, 80.478, 80.4589, 80.4541, 80.4989, 80.483, 80.4591, 80.452, 80.503, 80.4451, 80.5101, 80.4288, 80.4422, 80.441, 80.5149, 80.4281, 80.4958, 80.4791, 80.466, 80.4629, 80.4861, 80.4451, 80.456, 80.4229, 80.5931, 80.4729, 80.477, 80.4169, 80.5001, 80.492, 80.4479, 80.472, 80.4882, 80.487, 80.4369, 80.4329, 80.4591, 80.4739, 80.4522, 80.442, 80.3969, 80.462, 80.405, 80.5089, 80.4338, 80.4701, 80.4181, 80.4849, 80.472, 80.4522, 80.4129, 80.4791, 80.4911, 80.4539, 80.538, 80.478, 80.4451, 80.4741, 80.4729, 80.4329, 80.4222, 80.4348, 80.4701, 80.478, 80.5101, 80.483, 80.41, 80.4529, 80.5721, 80.508, 80.425, 80.4329, 80.4701, 80.436, 80.4739, 80.4791, 80.4539, 80.5171, 80.4319, 80.5011, 
Time to set up datastructures: 16955.1ms
80.3759, 80.3061, 80.3771, 80.3189, 80.2681, 80.3089, 80.308, 80.3401, 80.3349, 80.3089, 80.322, 80.2929, 80.338, 82.0329, 80.359, 80.3862, 80.3089, 80.2891, 80.312, 80.2901, 80.3249, 80.3571, 80.303, 80.3509, 80.3678, 80.3988, 80.332, 80.3249, 80.3311, 80.308, 80.6069, 80.312, 80.3988, 80.3492, 80.292, 80.3399, 80.344, 80.2829, 80.327, 80.3349, 80.3189, 80.3549, 80.267, 80.2951, 80.338, 80.2741, 80.3189, 80.307, 80.2841, 80.328, 80.4119, 80.3771, 80.3151, 80.2948, 80.3132, 80.353, 80.3959, 80.373, 80.339, 80.2889, 80.3921, 80.2989, 80.3721, 80.374, 80.2901, 80.3871, 80.2441, 80.2889, 80.303, 80.2631, 80.281, 80.3061, 80.3299, 80.3092, 80.3008, 80.282, 80.276, 80.2879, 80.4169, 80.265, 80.2431, 80.3959, 80.3611, 80.349, 80.3111, 80.339, 80.353, 80.4451, 80.256, 80.3661, 80.3759, 80.339, 80.3361, 80.287, 80.282, 80.3041, 80.39, 80.354, 80.3161, 80.318, 
