dpcpp -Wall -DNDEBUG -O3 -fopenmp -o driver_spmv_input driver_spmv_input.cpp -ltbb -lboost_thread
Running method 9
Time to set up datastructures: 138036ms
32.9351, 32.928, 33.042, 33.0451, 32.934, 32.9831, 32.928, 32.9978, 33.0012, 32.9788, 32.9921, 32.9871, 32.984, 32.9599, 32.9881, 32.902, 32.9199, 32.901, 32.9189, 32.9411, 32.9039, 32.866, 32.9082, 32.902, 32.9399, 32.856, 32.954, 32.8991, 32.9199, 32.809, 32.8891, 32.901, 32.9969, 32.887, 32.896, 32.8901, 32.9058, 32.9549, 32.896, 33.0219, 32.9061, 32.963, 33.052, 32.896, 32.8679, 32.881, 32.9411, 32.8441, 32.877, 32.9492, 32.897, 32.918, 32.865, 32.86, 32.8939, 32.9232, 32.861, 32.861, 32.9199, 32.903, 32.892, 32.8639, 32.903, 32.9001, 32.881, 32.8281, 32.918, 32.913, 32.897, 32.9041, 32.9559, 32.8522, 32.8898, 32.932, 32.9061, 32.8381, 32.922, 32.9769, 32.907, 32.9001, 32.907, 32.912, 32.876, 32.8379, 32.8829, 32.8681, 32.8839, 32.985, 32.908, 32.932, 32.8748, 32.845, 33.01, 33.0241, 33.006, 32.917, 32.8829, 32.8941, 32.934, 32.9189, 
Time to set up datastructures: 138361ms
28.693, 28.5871, 28.4579, 28.538, 28.5268, 28.46, 28.5599, 28.47, 28.564, 28.466, 28.5401, 28.662, 28.5199, 28.532, 28.4851, 28.549, 28.549, 28.6162, 28.697, 28.3949, 28.6229, 28.538, 28.4522, 28.5459, 28.5048, 28.415, 28.502, 28.5981, 28.4359, 28.43, 28.533, 28.5208, 28.5809, 28.532, 28.4381, 28.4388, 28.4002, 28.4889, 28.409, 28.4519, 28.543, 28.4729, 28.415, 28.4929, 28.4419, 28.5211, 28.5549, 28.4781, 28.3949, 28.491, 28.5199, 28.4252, 28.5618, 28.4202, 28.5659, 28.3911, 28.6069, 28.4851, 28.4209, 28.5342, 28.3909, 28.5089, 28.5032, 28.4438, 28.4741, 28.4131, 28.523, 28.4681, 28.394, 28.584, 28.6059, 28.5201, 29.2721, 29.2749, 28.6889, 28.5041, 28.5509, 28.4059, 28.3761, 28.4739, 28.403, 28.6071, 28.6028, 28.4111, 28.4119, 28.4061, 28.466, 28.5289, 28.657, 28.5301, 28.5778, 28.5521, 28.3701, 28.487, 28.5249, 28.6911, 28.4021, 28.4839, 28.4851, 28.486, 
Time to set up datastructures: 138746ms
28.897, 28.863, 28.9569, 28.8632, 28.8689, 28.908, 28.8529, 28.8901, 28.8899, 28.8541, 28.847, 28.857, 28.842, 28.821, 28.79, 28.8422, 28.873, 28.919, 28.8858, 28.898, 28.9271, 28.826, 28.8961, 28.872, 28.8489, 28.903, 28.897, 28.7929, 28.821, 28.857, 28.791, 28.7459, 28.8711, 28.815, 28.8091, 28.79, 28.7671, 28.8908, 28.832, 28.8441, 28.765, 28.8961, 28.861, 28.8799, 28.903, 28.821, 28.856, 28.8291, 28.8501, 29.0709, 28.9431, 28.837, 28.8131, 28.8329, 28.842, 28.7971, 28.8179, 28.7712, 28.6598, 28.7869, 28.7709, 28.7621, 28.863, 28.8999, 28.8799, 28.79, 28.79, 28.8329, 28.8329, 28.8641, 28.8138, 28.81, 28.7578, 28.8019, 28.791, 28.743, 28.759, 28.7969, 28.7712, 28.8401, 28.8129, 28.7721, 28.7929, 28.8339, 28.7631, 28.821, 28.748, 28.7969, 28.7502, 28.8448, 28.8291, 28.8169, 28.7778, 28.7471, 28.7859, 28.826, 28.8041, 28.8341, 28.8639, 28.8141, 
Time to set up datastructures: 140182ms
28.789, 28.759, 28.7879, 28.779, 28.7571, 28.7628, 28.7342, 28.6958, 28.779, 28.759, 28.8098, 28.7302, 28.758, 28.77, 28.734, 28.712, 28.9409, 28.79, 28.79, 28.728, 28.7321, 28.712, 28.6679, 28.728, 28.8219, 28.754, 28.7311, 28.7559, 28.7511, 28.758, 28.7011, 28.7008, 28.6951, 28.7631, 28.6839, 28.8601, 28.748, 28.7309, 28.7671, 28.712, 28.774, 28.79, 28.6961, 28.7631, 28.7669, 28.661, 28.697, 28.7201, 28.7118, 28.6932, 28.7788, 28.7352, 28.7468, 28.7039, 28.7309, 28.7509, 28.712, 28.7321, 28.6689, 28.6641, 28.6779, 28.759, 28.743, 28.6961, 28.743, 28.7039, 28.7399, 28.7418, 28.666, 28.688, 28.6911, 28.7051, 28.6951, 28.6899, 28.7201, 28.7459, 28.677, 28.6891, 28.7039, 28.7199, 28.697, 28.676, 28.717, 28.724, 28.7001, 28.646, 28.7039, 28.671, 28.666, 28.6531, 28.6899, 28.7111, 28.6889, 28.7051, 28.6989, 28.693, 28.65, 28.626, 28.7402, 28.7118, 
Time to set up datastructures: 141429ms
29.3679, 29.3219, 29.325, 29.2969, 29.33, 29.3541, 29.2609, 29.2938, 29.321, 29.283, 29.3338, 29.3, 29.3281, 29.386, 29.3219, 29.2692, 29.3388, 29.3751, 29.2871, 29.3009, 29.2799, 29.299, 29.2971, 29.2559, 29.3422, 29.361, 29.3598, 29.3269, 29.33, 29.289, 29.283, 29.294, 29.3138, 29.444, 29.2771, 29.3, 29.264, 29.2931, 29.35, 29.299, 29.2711, 29.3219, 29.2921, 29.2799, 29.335, 29.269, 29.305, 29.3181, 29.345, 29.2549, 29.2721, 29.2981, 29.2969, 29.278, 29.305, 29.33, 29.248, 29.2711, 29.3369, 29.279, 29.294, 29.3069, 29.2902, 29.315, 29.2308, 29.3541, 29.2521, 29.259, 29.2721, 29.254, 29.3181, 29.2759, 29.2859, 29.2871, 29.2969, 29.304, 29.283, 29.269, 29.2931, 29.2571, 29.285, 29.2549, 29.2511, 29.2599, 29.3291, 29.2211, 29.284, 29.305, 29.3081, 29.3009, 29.3641, 29.249, 29.2521, 29.325, 29.336, 29.309, 29.3181, 29.31, 29.294, 29.279, 
Time to set up datastructures: 141489ms
29.6321, 29.6299, 29.6381, 29.6431, 29.65, 29.6381, 29.644, 29.6369, 29.5992, 29.5799, 29.6381, 29.6421, 29.6021, 29.6199, 29.577, 29.6152, 29.609, 29.6099, 29.6421, 29.6419, 29.6502, 29.6619, 29.6211, 29.6009, 29.6261, 29.619, 29.6431, 29.6509, 29.6099, 29.6249, 29.5429, 29.6121, 29.6521, 29.6898, 29.5761, 29.5892, 29.6249, 29.599, 29.665, 29.6061, 29.671, 29.618, 29.5968, 29.5711, 29.654, 29.628, 29.5839, 29.5942, 29.6409, 29.639, 29.583, 29.6061, 29.639, 29.654, 29.6161, 29.6409, 29.6049, 29.5761, 29.577, 29.593, 29.619, 29.665, 29.628, 29.5942, 29.6228, 29.5882, 29.604, 29.5739, 29.6361, 29.5811, 29.6359, 29.599, 29.6361, 29.6209, 29.675, 29.6121, 29.5811, 29.6199, 29.6481, 29.599, 29.604, 29.6261, 29.6161, 29.5808, 29.6202, 29.6199, 29.6009, 29.6018, 29.582, 29.5801, 29.5711, 29.5949, 29.566, 29.624, 29.6378, 29.599, 29.608, 29.5949, 29.5992, 29.5839, 
Time to set up datastructures: 142113ms
29.51, 29.5649, 29.5992, 29.5279, 29.5579, 29.5591, 29.551, 29.515, 29.537, 29.588, 29.511, 29.5441, 29.5179, 29.5372, 29.552, 29.5529, 29.484, 29.5489, 29.5911, 29.5451, 29.537, 29.5341, 29.572, 29.5539, 29.5231, 29.5188, 29.551, 29.5482, 29.4909, 29.5069, 29.4838, 29.4831, 29.53, 29.557, 29.5441, 29.547, 29.5079, 29.5172, 29.5389, 29.5401, 29.4929, 29.48, 29.4929, 29.5482, 29.51, 29.515, 29.5019, 29.5141, 29.516, 29.506, 29.5379, 29.5012, 29.4828, 29.505, 29.4859, 29.531, 29.5482, 29.5789, 29.537, 30, 30.2711, 29.767, 29.562, 29.5401, 29.537, 29.495, 29.496, 29.5169, 29.5131, 29.5141, 29.562, 29.521, 29.494, 29.515, 29.505, 29.5119, 29.5331, 29.5091, 29.5248, 29.5331, 29.5219, 29.572, 29.521, 29.4919, 29.531, 29.4838, 29.5012, 29.5069, 29.475, 29.5331, 29.541, 29.4938, 29.495, 29.5391, 29.5429, 29.6369, 29.5269, 29.5181, 29.49, 29.506, 
Time to set up datastructures: 141634ms
29.9468, 29.9189, 29.9129, 29.9292, 29.9079, 29.8889, 29.8829, 29.8951, 29.9389, 29.891, 29.8738, 29.8882, 29.8729, 29.923, 29.9692, 29.8839, 29.881, 29.8929, 29.937, 29.958, 29.932, 29.8791, 30.066, 29.902, 29.8891, 29.865, 29.912, 29.916, 29.8769, 29.9051, 29.937, 29.881, 29.8679, 29.901, 29.928, 29.8989, 29.881, 29.8328, 29.8722, 29.8989, 29.871, 29.8491, 29.88, 29.8779, 29.9191, 29.8669, 29.8741, 29.9139, 29.851, 29.896, 29.8481, 29.882, 29.8381, 29.814, 29.861, 29.8579, 29.9101, 29.8932, 29.8748, 29.8331, 29.8781, 29.886, 29.8488, 29.9072, 29.896, 29.8901, 29.8619, 29.881, 29.9029, 29.8791, 29.84, 29.911, 29.8641, 29.8789, 29.9001, 29.8271, 29.8669, 29.8741, 29.8948, 29.8371, 29.8998, 29.8839, 29.8691, 29.8929, 29.9091, 29.8691, 29.8579, 29.8471, 29.9001, 29.8338, 29.8152, 29.8538, 29.8722, 29.9089, 29.8901, 29.897, 29.851, 29.8572, 29.856, 29.8381, 
Time to set up datastructures: 141745ms
29.9978, 29.953, 29.9802, 29.948, 29.9928, 29.968, 29.9931, 29.937, 29.974, 29.9549, 29.9492, 29.9239, 30.01, 29.9749, 29.9671, 29.9461, 30.0169, 29.9761, 29.9399, 29.9852, 29.922, 29.953, 29.9449, 29.963, 29.9211, 29.9079, 29.989, 29.9101, 30.0689, 29.9549, 29.9499, 29.918, 29.953, 29.984, 29.942, 29.9509, 29.9621, 29.9602, 29.9211, 29.9158, 29.995, 29.9659, 29.933, 29.9759, 29.9442, 29.9668, 29.9361, 29.896, 29.9239, 29.9551, 30.1468, 30.143, 29.927, 29.947, 29.9361, 29.938, 30.298, 30.01, 29.9461, 29.9499, 29.8979, 29.932, 29.886, 29.912, 29.9151, 29.9001, 29.9358, 29.897, 29.9461, 29.917, 29.952, 29.9079, 29.9461, 29.937, 29.9199, 29.917, 29.9191, 29.947, 29.9919, 29.9339, 29.932, 29.9141, 29.9399, 29.9468, 29.8972, 29.928, 29.907, 29.952, 29.954, 29.9461, 29.9239, 29.9082, 29.901, 29.9308, 29.9361, 29.9039, 29.9311, 29.932, 29.9551, 29.8998, 
Time to set up datastructures: 141506ms
30.221, 30.148, 30.1628, 30.206, 30.1969, 30.19, 30.194, 30.206, 30.1991, 30.159, 30.308, 30.2229, 30.175, 30.159, 30.3962, 30.2088, 30.1871, 30.201, 30.1971, 30.1719, 30.252, 30.205, 30.164, 30.164, 30.159, 30.215, 30.211, 30.215, 30.201, 30.16, 30.164, 30.129, 30.163, 30.2851, 30.1459, 30.17, 30.2179, 30.165, 30.1831, 30.1731, 30.1721, 30.1819, 30.1549, 30.266, 30.2191, 30.134, 30.16, 30.1609, 30.2179, 30.1518, 30.184, 30.1661, 30.1669, 30.1461, 30.1919, 30.159, 30.221, 30.1909, 30.149, 30.144, 30.164, 30.1728, 30.2012, 30.1669, 30.154, 30.169, 30.1721, 30.1609, 30.174, 30.1831, 30.0789, 30.1921, 30.1859, 30.2019, 30.148, 30.174, 30.3211, 30.2589, 30.143, 30.1681, 30.241, 30.3681, 30.1459, 30.17, 30.0961, 30.1409, 30.1681, 30.1549, 30.133, 30.1552, 30.2069, 30.1969, 30.2532, 30.252, 30.2181, 30.2029, 30.2331, 30.139, 30.1809, 30.1471, 
Time to set up datastructures: 142009ms
30.4871, 30.4739, 30.484, 30.432, 30.4351, 30.4201, 30.303, 30.437, 30.431, 30.4358, 30.417, 30.4348, 30.5362, 30.4689, 30.417, 30.457, 30.4899, 30.4351, 30.4761, 30.462, 30.4201, 30.4239, 30.4091, 30.4899, 30.4179, 30.4232, 30.4351, 30.4208, 30.4332, 30.4179, 30.4441, 30.4399, 30.4251, 30.4511, 30.4289, 30.4201, 30.4639, 30.4441, 30.4148, 30.4241, 30.4351, 30.4241, 30.4089, 30.4201, 30.3979, 30.3998, 30.4711, 30.4251, 30.4229, 30.4091, 30.4198, 30.4022, 30.401, 30.4039, 30.472, 30.4081, 30.4348, 30.4, 30.401, 30.3972, 30.4201, 30.4339, 30.386, 30.3891, 30.4239, 30.4, 30.3929, 30.4799, 30.3731, 30.4289, 30.396, 30.4041, 30.216, 30.3979, 30.3991, 30.4081, 30.3979, 30.411, 30.3891, 30.467, 30.3919, 30.4279, 30.3879, 30.432, 30.3931, 30.38, 30.395, 30.4151, 30.396, 30.4561, 30.432, 30.3969, 30.4201, 30.3979, 30.416, 30.3781, 30.407, 30.391, 30.3831, 30.4089, 
Time to set up datastructures: 142002ms
30.421, 30.437, 30.422, 30.4079, 30.437, 30.442, 30.3822, 30.396, 30.426, 30.4229, 30.412, 30.4091, 30.4301, 30.3941, 30.4298, 30.4341, 30.4289, 30.4182, 30.436, 30.4079, 30.3981, 30.4039, 30.436, 30.3731, 30.421, 30.3929, 30.401, 30.3881, 30.385, 30.4191, 30.4198, 30.4172, 30.412, 30.417, 30.4031, 30.381, 30.3841, 30.376, 30.3972, 30.3159, 30.3881, 30.4019, 30.411, 30.4091, 30.4, 30.4079, 30.3991, 30.4019, 30.432, 30.385, 30.3731, 30.3829, 30.416, 30.3838, 30.391, 30.3938, 30.4201, 30.385, 30.385, 30.3981, 30.3869, 30.375, 30.371, 30.4101, 30.4031, 30.3998, 30.4048, 30.4091, 30.3609, 30.4089, 30.4072, 30.4029, 30.4029, 30.3712, 30.396, 30.3879, 30.4019, 30.365, 30.3669, 30.4029, 30.3962, 30.3888, 30.3812, 30.4148, 30.391, 30.3988, 30.3512, 30.3841, 30.3729, 30.3731, 30.3969, 30.4081, 30.421, 30.3719, 30.3571, 30.3771, 30.3688, 30.3969, 30.3888, 30.3988, 
Time to set up datastructures: 141812ms
30.412, 30.3769, 30.3781, 30.405, 30.3788, 30.431, 30.3969, 30.3931, 30.421, 30.3919, 30.3891, 30.3741, 30.355, 30.3669, 30.3729, 30.3741, 30.3741, 30.3879, 30.3621, 30.3619, 30.365, 30.369, 30.3891, 30.37, 30.3781, 30.3929, 30.3791, 30.369, 30.3719, 30.396, 30.359, 30.3612, 30.3919, 30.3459, 30.365, 30.354, 30.359, 30.381, 30.3898, 30.3721, 30.4029, 30.3731, 30.371, 30.38, 30.3581, 30.35, 30.3991, 30.381, 30.3569, 30.3621, 30.3619, 30.3731, 30.3578, 30.3612, 30.338, 30.3779, 30.3681, 30.3559, 30.3872, 30.35, 30.376, 30.3729, 30.355, 30.3419, 30.3342, 30.3369, 30.3321, 30.3349, 30.3681, 30.354, 30.3459, 30.365, 30.3669, 30.3702, 30.381, 30.3729, 30.3462, 30.3619, 30.345, 30.35, 30.364, 30.3741, 30.354, 30.3679, 30.344, 30.365, 30.359, 30.355, 30.365, 30.3459, 30.371, 30.3681, 30.3819, 30.3569, 30.3409, 30.345, 30.369, 30.3121, 30.3419, 30.369, 
