dpcpp -Wall -DNDEBUG -O3 -fopenmp -o driver_spmv_input driver_spmv_input.cpp -ltbb -lboost_thread
Running method 9
Time to set up datastructures: 15635.5ms
314.42, 315.16, 314.332, 314.381, 314.949, 315.062, 315.387, 314.817, 314.848, 314.39, 314.305, 314.409, 314.527, 314.749, 315.074, 314.606, 314.773, 314.922, 314.473, 315.115, 314.531, 314.098, 315.03, 314.84, 314.597, 314.835, 314.544, 314.791, 314.425, 314.194, 314.311, 315.069, 314.904, 314.276, 314.21, 314.461, 314.554, 314.444, 315.165, 315.197, 314.785, 314.836, 314.421, 314.99, 314.81, 314.64, 314.901, 314.862, 314.29, 314.682, 314.97, 314.332, 314.897, 314.656, 314.139, 314.151, 315.137, 314.959, 314.168, 314.877, 314.435, 314.735, 314.951, 314.903, 314.539, 314.805, 314.507, 315.257, 314.509, 314.452, 315.213, 314.707, 314.674, 314.583, 314.659, 314.995, 314.136, 314.739, 314.501, 314.868, 314.533, 315.036, 315.291, 314.669, 314.91, 314.505, 314.386, 314.833, 314.417, 314.936, 314.431, 314.368, 314.832, 314.792, 314.978, 314.82, 314.818, 314.253, 314.716, 314.36, 
Time to set up datastructures: 15665.7ms
236.19, 236.695, 235.858, 235.919, 235.68, 235.89, 235.667, 235.776, 236.171, 236.391, 235.677, 235.706, 235.707, 235.986, 235.619, 235.84, 235.978, 236.136, 236.628, 235.679, 235.726, 235.887, 237.08, 235.799, 235.422, 235.898, 235.883, 235.81, 235.767, 235.615, 236.361, 235.472, 235.677, 235.713, 235.972, 238.082, 237.83, 235.925, 235.819, 236.149, 237.279, 235.922, 235.738, 235.938, 235.579, 235.544, 235.868, 235.874, 235.881, 235.641, 235.804, 236.372, 236.515, 235.672, 235.565, 235.812, 235.877, 235.752, 235.619, 235.939, 236.051, 235.87, 235.968, 236.13, 235.762, 235.313, 235.657, 235.716, 236.302, 236.547, 235.356, 235.783, 236.127, 235.69, 235.875, 235.808, 235.884, 235.802, 235.694, 235.497, 235.898, 235.678, 235.771, 235.717, 235.563, 236.149, 236.484, 235.654, 235.948, 235.668, 236.102, 235.882, 238.665, 235.806, 236.245, 235.923, 235.699, 235.662, 235.651, 235.595, 
Time to set up datastructures: 17851.1ms
206.293, 206.116, 206.254, 206.115, 206.189, 206.073, 206.434, 205.94, 206.103, 205.914, 206.097, 206.071, 205.86, 206.493, 206.052, 206.094, 206.441, 207.17, 206.08, 206.051, 206.107, 206.13, 205.874, 206.091, 206.138, 206.287, 206.288, 205.823, 205.942, 205.783, 206.284, 206.245, 205.891, 205.985, 206.28, 206.217, 206.16, 206.025, 206.039, 206.192, 206.184, 207.256, 205.84, 207.627, 206.211, 206.296, 206.066, 206.512, 206.29, 205.995, 205.93, 205.911, 206.423, 206.002, 206.359, 205.997, 205.949, 206.267, 206.245, 206.057, 206.212, 206.125, 206.05, 206.269, 206.171, 206.133, 206.515, 206.137, 205.912, 206.256, 206.34, 205.924, 206.369, 206.093, 206.101, 206.348, 206.061, 206.058, 205.95, 206.116, 206.178, 206.244, 206.13, 206.091, 206.28, 206.047, 206.131, 206.022, 206.085, 206.426, 205.993, 206.27, 206.187, 206.367, 206.333, 206.116, 205.995, 206.136, 206.531, 206.374, 
Time to set up datastructures: 18811.4ms
187.641, 187.629, 187.697, 187.771, 187.733, 187.757, 187.759, 187.755, 187.699, 187.676, 187.673, 187.624, 187.696, 187.642, 187.774, 187.782, 187.805, 187.655, 187.632, 187.72, 187.705, 187.762, 187.664, 187.59, 187.659, 187.688, 187.679, 187.758, 187.671, 187.765, 187.719, 187.697, 187.775, 187.652, 187.616, 187.723, 187.7, 187.825, 187.799, 187.603, 187.62, 187.782, 187.781, 187.766, 187.704, 187.67, 187.87, 187.72, 187.718, 187.646, 187.68, 187.594, 187.672, 187.981, 187.65, 187.689, 187.678, 187.702, 187.683, 187.64, 187.625, 187.977, 187.826, 187.646, 187.716, 187.778, 187.682, 187.779, 187.614, 187.779, 187.764, 187.705, 187.711, 187.731, 187.721, 187.692, 187.641, 187.648, 187.7, 187.79, 187.695, 187.711, 187.716, 187.751, 187.765, 187.63, 187.676, 187.632, 187.643, 187.78, 187.699, 187.738, 187.717, 187.741, 187.752, 187.803, 187.695, 187.618, 187.635, 187.695, 
Time to set up datastructures: 19795.7ms
179.321, 179.225, 179.092, 179.232, 179.246, 179.212, 179.273, 179.871, 179.296, 179.152, 179.316, 179.32, 179.297, 180.481, 179.297, 179.259, 179.429, 179.296, 179.204, 179.396, 179.335, 179.217, 179.332, 179.404, 179.172, 179.305, 179.236, 179.168, 179.309, 179.367, 179.21, 179.338, 179.138, 179.243, 179.201, 179.673, 179.263, 179.224, 179.57, 179.364, 179.286, 179.5, 179.303, 179.298, 179.086, 179.357, 179.338, 179.239, 179.259, 179.29, 179.338, 179.596, 179.389, 179.374, 179.148, 179.384, 179.397, 179.35, 179.336, 179.251, 179.259, 179.305, 179.464, 179.447, 179.445, 179.13, 179.158, 179.226, 179.265, 179.285, 179.217, 179.283, 179.472, 179.219, 179.324, 179.178, 179.321, 179.191, 179.356, 179.309, 179.204, 179.289, 179.13, 179.313, 179.157, 179.373, 179.59, 179.136, 179.222, 179.237, 179.304, 179.24, 179.393, 179.382, 179.324, 179.29, 179.422, 179.358, 179.207, 179.199, 
Time to set up datastructures: 20358.6ms
171.442, 171.385, 171.245, 171.351, 171.367, 171.358, 171.374, 171.579, 171.409, 171.329, 171.416, 171.471, 171.378, 171.484, 171.448, 171.344, 171.452, 171.267, 171.475, 171.487, 171.451, 171.276, 171.295, 171.334, 171.338, 171.301, 171.385, 171.496, 171.47, 171.313, 171.408, 171.273, 171.504, 171.307, 171.518, 171.464, 171.386, 171.352, 171.433, 171.414, 171.409, 171.561, 171.388, 171.374, 171.426, 171.343, 171.38, 171.486, 171.445, 171.36, 171.407, 171.395, 171.386, 171.534, 171.389, 171.397, 171.403, 171.339, 171.448, 171.4, 171.438, 171.434, 171.31, 171.31, 171.78, 171.44, 171.356, 171.31, 171.348, 171.463, 171.756, 171.49, 171.436, 171.445, 171.52, 171.355, 171.914, 171.479, 171.407, 171.453, 171.449, 171.317, 171.495, 171.433, 171.425, 171.335, 171.386, 171.394, 171.416, 171.49, 171.401, 171.356, 171.335, 171.695, 171.362, 171.533, 171.511, 171.334, 171.405, 171.367, 
Time to set up datastructures: 20500.7ms
168.333, 168.25, 168.188, 168.415, 168.194, 168.455, 168.325, 168.202, 168.378, 168.381, 168.215, 168.231, 168.173, 168.247, 168.256, 168.38, 168.17, 168.409, 168.36, 168.273, 168.266, 168.477, 168.24, 168.234, 168.272, 168.334, 168.377, 168.179, 168.217, 168.211, 168.338, 168.391, 168.432, 168.532, 168.211, 168.194, 168.435, 168.233, 168.684, 168.231, 168.303, 168.289, 168.205, 168.321, 168.281, 168.307, 168.375, 168.163, 168.236, 168.245, 168.275, 168.436, 168.346, 168.342, 168.221, 168.188, 168.418, 168.208, 168.223, 168.401, 168.186, 168.343, 168.28, 168.565, 168.459, 168.227, 168.356, 168.211, 168.259, 168.401, 168.19, 168.266, 168.346, 168.466, 168.215, 168.377, 168.401, 168.283, 168.339, 168.194, 168.227, 168.534, 168.224, 168.177, 168.228, 168.407, 168.416, 168.298, 168.487, 168.27, 168.207, 168.165, 168.238, 168.212, 168.338, 168.48, 168.387, 168.302, 168.314, 168.213, 
Time to set up datastructures: 21231ms
165.039, 164.919, 164.895, 165.026, 165.007, 164.983, 165.027, 165.054, 165.014, 165.058, 165.021, 165.054, 164.97, 164.96, 164.994, 166.822, 165.057, 165.042, 164.989, 165.088, 165.019, 165.123, 164.989, 165.221, 164.987, 165.031, 164.905, 164.981, 164.976, 164.99, 164.935, 165.109, 164.832, 164.972, 164.968, 165.317, 165, 164.983, 165.174, 165.129, 164.968, 165.017, 164.834, 165.056, 164.941, 164.887, 165.114, 164.955, 164.964, 164.933, 165.042, 165.04, 165.096, 165.041, 164.985, 165.07, 164.972, 165.013, 165.019, 164.97, 164.975, 164.872, 164.984, 165.056, 164.978, 164.986, 165, 164.872, 165.096, 165.129, 164.936, 165.067, 164.826, 164.992, 164.975, 164.872, 165.008, 164.984, 165.12, 165.068, 164.936, 165.001, 165.102, 164.855, 165.013, 164.809, 164.979, 165.067, 164.885, 164.97, 164.895, 165.122, 164.987, 164.798, 164.992, 164.982, 164.932, 165.078, 164.822, 165.082, 
Time to set up datastructures: 20291.2ms
164.12, 164.188, 164.193, 164.148, 164.151, 164.152, 164.108, 164.126, 164.19, 164.353, 164.189, 164.169, 164.147, 164.209, 164.303, 164.169, 164.346, 164.07, 164.142, 164.153, 164.081, 164.225, 164.193, 164.318, 164.164, 164.189, 164.137, 164.31, 164.174, 164.203, 164.145, 164.162, 164.16, 164.129, 164.138, 164.201, 164.076, 164.215, 164.103, 164.187, 164.87, 164.153, 164.154, 164.148, 164.158, 164.117, 164.207, 164.224, 164.287, 164.121, 164.233, 164.202, 164.161, 164.181, 164.203, 164.154, 164.076, 164.167, 164.558, 164.181, 164.214, 164.15, 164.187, 164.167, 164.187, 164.058, 164.111, 164.161, 164.154, 164.103, 164.122, 164.126, 164.21, 164.219, 164.2, 164.132, 164.168, 164.221, 164.167, 164.149, 164.101, 164.085, 164.112, 164.142, 164.749, 164.206, 164.169, 164.452, 164.366, 164.144, 164.167, 164.118, 164.105, 164.1, 164.141, 164.095, 164.384, 164.111, 164.236, 164.143, 
Time to set up datastructures: 20232.3ms
162.978, 162.949, 162.87, 162.9, 162.854, 162.948, 163.341, 162.95, 163.42, 163.034, 163.037, 162.786, 162.969, 162.865, 162.899, 162.796, 162.847, 162.975, 162.852, 162.888, 162.774, 162.838, 163.202, 162.777, 163.034, 162.934, 162.894, 162.829, 162.878, 162.921, 162.976, 162.834, 163.312, 162.976, 163.203, 162.919, 163.235, 162.962, 162.951, 162.852, 162.944, 162.916, 162.862, 162.853, 162.95, 162.949, 162.86, 163.183, 162.928, 162.963, 162.871, 163.46, 162.84, 162.948, 162.895, 162.946, 163.015, 163.304, 162.797, 163.165, 162.86, 163.004, 162.933, 163.426, 162.81, 162.933, 162.944, 162.886, 163.001, 162.969, 162.866, 163.149, 162.876, 163.027, 162.997, 162.882, 162.876, 162.929, 162.868, 162.814, 162.833, 163.081, 162.929, 162.86, 163.239, 162.819, 163.021, 162.862, 162.904, 162.91, 162.793, 162.905, 162.936, 162.847, 162.734, 162.86, 163.132, 163.087, 163.316, 162.906, 
Time to set up datastructures: 20373ms
163.05, 163.048, 162.997, 163.025, 163.285, 162.958, 163.105, 163.025, 162.946, 163.034, 163.016, 162.971, 163.028, 163.032, 163.013, 163.047, 163.076, 163.08, 162.97, 163.038, 162.796, 163.032, 163.025, 163.032, 163.052, 163.012, 163.052, 163.014, 162.995, 163.034, 162.939, 163.01, 163.057, 163.026, 163.185, 163.086, 162.991, 163.021, 162.959, 163.048, 163.013, 164.474, 163.011, 162.997, 163.075, 162.878, 163.021, 163.068, 163.086, 163.152, 162.982, 163.085, 162.99, 163.06, 163.016, 162.983, 162.996, 162.803, 162.972, 163.037, 162.867, 163.048, 162.999, 163.054, 163.096, 163.055, 162.954, 162.994, 163.05, 162.948, 162.838, 162.99, 162.966, 162.988, 163.055, 163.029, 163.13, 163.031, 162.971, 162.989, 163, 163.048, 162.81, 163.019, 163.059, 162.958, 163.019, 163.001, 162.984, 163.041, 163.04, 163.015, 162.934, 163.028, 162.911, 162.96, 163.23, 163.134, 163.04, 162.975, 
Time to set up datastructures: 20321.9ms
161.431, 161.573, 161.486, 161.401, 161.442, 161.427, 161.441, 161.46, 161.391, 161.356, 161.48, 161.475, 161.446, 161.441, 161.42, 161.404, 161.541, 161.424, 161.486, 161.441, 161.498, 161.501, 161.506, 161.437, 161.451, 161.412, 161.535, 161.399, 161.443, 161.46, 161.401, 161.444, 161.434, 161.427, 161.529, 161.408, 161.439, 161.428, 161.473, 161.476, 161.375, 161.491, 161.449, 161.448, 161.416, 161.392, 161.419, 161.486, 161.457, 161.44, 161.429, 161.421, 161.44, 161.466, 161.484, 161.634, 161.432, 161.482, 161.371, 161.479, 161.444, 161.394, 161.464, 161.439, 161.48, 161.396, 161.418, 161.393, 161.423, 161.463, 161.394, 161.448, 161.464, 161.449, 161.532, 161.454, 161.473, 161.428, 161.413, 161.635, 161.452, 161.441, 161.512, 161.432, 161.465, 161.406, 161.457, 161.469, 161.489, 161.431, 161.496, 161.453, 161.441, 161.523, 161.424, 161.361, 161.468, 161.394, 161.407, 161.381, 
Time to set up datastructures: 20741.7ms
161.946, 161.832, 161.767, 161.704, 161.771, 161.812, 161.773, 161.79, 161.819, 161.819, 161.792, 161.724, 161.844, 161.77, 161.821, 162.062, 161.75, 161.714, 161.773, 161.836, 161.786, 161.804, 161.752, 161.746, 161.774, 161.688, 161.728, 161.727, 161.739, 161.804, 161.806, 161.733, 161.792, 161.793, 161.819, 161.725, 161.722, 161.784, 161.726, 161.82, 161.734, 161.75, 161.83, 161.793, 161.763, 161.715, 161.761, 161.764, 161.726, 161.787, 161.7, 161.73, 161.72, 161.737, 161.795, 161.71, 161.795, 161.764, 161.865, 161.717, 161.764, 161.801, 161.905, 161.791, 161.755, 161.699, 161.786, 161.775, 161.7, 161.761, 161.778, 161.748, 161.729, 161.84, 161.798, 161.667, 161.805, 161.892, 161.773, 161.754, 161.746, 161.786, 161.765, 162.214, 161.783, 161.741, 161.813, 161.701, 161.781, 161.789, 161.746, 161.743, 161.838, 161.803, 161.788, 161.719, 161.771, 161.803, 161.797, 161.789, 
