dpcpp -Wall -DNDEBUG -O3 -fopenmp -o driver_spmv_input driver_spmv_input.cpp -ltbb -lboost_thread
Running TBB_graphs_1 implementation
Time to set up datastructures: 9141.73ms
308.245, 306.706, 310.016, 308.592, 306.464, 309.576, 310.761, 308.196, 308.147, 307.265, 306.999, 306.898, 309.707, 308.746, 309.532, 308.793, 309.398, 307.431, 308.376, 309.827, 308.609, 309.402, 307.432, 307.055, 307.084, 309.617, 306.94, 308.344, 307.305, 307.712, 307.117, 308.574, 307.577, 308.393, 308.631, 306.649, 308.895, 309.787, 308.825, 308.961, 307.644, 308.218, 308.321, 307.889, 310.008, 311.759, 309.237, 308.071, 306.518, 307.943, 309.611, 307.656, 309.896, 307.804, 307.337, 306.774, 309.693, 309.334, 307.758, 306.758, 309.452, 309.207, 309.458, 307.589, 307.936, 306.306, 308.542, 307.253, 307.522, 306.814, 308.223, 309.954, 307.451, 308.038, 307.1, 309.64, 309.304, 310.082, 308.91, 308.122, 308.822, 306.771, 307.276, 308.015, 310.052, 309.446, 309.373, 308.045, 308.078, 308.739, 307.988, 306.851, 307.331, 309.803, 308.304, 309.369, 309.986, 309.474, 308.946, 307.26, 
Time to set up datastructures: 9133.85ms
295.201, 298.755, 296.146, 297.669, 296.091, 300.237, 301.746, 295.218, 296.251, 297.776, 296.413, 296.573, 297.14, 296.167, 295.227, 297.225, 297.321, 297.115, 297.654, 296.478, 294.975, 296.371, 296.186, 299.119, 295.527, 300.38, 298.402, 296.076, 297.572, 297.729, 297.269, 296.134, 298.239, 296.405, 296.839, 297.138, 297.352, 298.311, 297.254, 295.649, 298.293, 296.113, 297.239, 295.908, 297.553, 295.985, 297.336, 297.904, 297.725, 294.813, 297.297, 296.279, 295.374, 293.905, 298.56, 299.31, 297.161, 296.222, 297.748, 296.67, 295.574, 297.598, 296.088, 306.942, 297.399, 296.41, 296.514, 295.238, 296.417, 295.425, 297.179, 295.81, 296.342, 297.662, 297.2, 297.346, 295.813, 295.534, 295.471, 296.158, 297.457, 296.308, 297.571, 295.757, 297.2, 296.421, 296.31, 297.408, 298.838, 297.632, 296.116, 294.97, 297.33, 295.996, 297.41, 296.902, 296.319, 295.741, 296.007, 297.61, 
Time to set up datastructures: 9120.81ms
290.935, 290.489, 292.937, 295.539, 291.837, 291.883, 289.431, 289.664, 290.579, 290.474, 289.27, 290.933, 289.466, 289.426, 291.803, 292.008, 289.041, 289.083, 289.46, 290.562, 289.533, 288.587, 291.166, 290.723, 289.359, 290.628, 289.05, 292.258, 289.966, 291.574, 292.4, 289.593, 290.842, 289.461, 288.786, 291.757, 290.265, 289.305, 288.922, 290.309, 290.8, 290.558, 290.08, 289.073, 290.69, 289.733, 288.47, 291.65, 290.822, 290.283, 291.298, 290.647, 291.699, 288.705, 288.836, 293.763, 293.221, 290.952, 290.828, 290.054, 291.997, 290.554, 289.538, 290.409, 294.628, 290.777, 289.209, 290.793, 291.08, 291.927, 289.936, 288.547, 292.543, 290.629, 290.877, 290.167, 289.624, 289.487, 290.58, 290.488, 289.263, 290.386, 291.403, 290.451, 290.489, 289.399, 290.717, 290.62, 290.034, 290.957, 289.375, 289.579, 291.834, 289.628, 289.349, 289.336, 289.864, 292.335, 289.394, 289.341, 
Time to set up datastructures: 9123.92ms
286.722, 285.228, 285.626, 285.946, 284.314, 285.639, 285.508, 284.746, 285.774, 285.315, 289.303, 285.965, 285.411, 284.933, 286.064, 286.283, 284.311, 286.239, 287.773, 284.579, 284.682, 283.642, 286.455, 285.693, 285.653, 286.685, 283.988, 286.126, 285.248, 284.202, 283.888, 283.962, 283.883, 285.596, 284.184, 285.569, 284.339, 286.686, 285.823, 284.507, 285.358, 291.98, 285.847, 286.058, 286.919, 284.243, 285.41, 286.822, 284.346, 285.476, 286.831, 286.445, 284.101, 284.453, 284.301, 285.755, 286.914, 284.248, 285.571, 283.857, 283.866, 287.464, 284.158, 284.495, 286.981, 284.436, 284.512, 284.613, 284.427, 284.247, 284.228, 285.114, 284.136, 285.648, 285.87, 285.64, 286.038, 284.23, 283.838, 284.166, 285.806, 287.192, 284.03, 284.729, 284.404, 283.834, 284.536, 287.028, 284.781, 286.772, 283.738, 285.734, 284.422, 286.726, 284.46, 286.966, 284.883, 287.338, 285.508, 283.55, 
Time to set up datastructures: 9148.23ms
282.267, 284.259, 290.61, 282.239, 281.256, 280.858, 284.117, 285.597, 282.705, 283.837, 288.767, 283.987, 281.222, 282.094, 281.103, 282.661, 284.02, 281.161, 281.341, 282.684, 282.625, 283.786, 282.677, 282.361, 283.5, 284.656, 281.504, 281.157, 283.271, 283.751, 282.568, 281.43, 282.652, 281.169, 281.07, 280.877, 281.552, 282.309, 281.446, 282.818, 284.406, 280.844, 281.124, 282.695, 281.14, 282.502, 281.65, 283.263, 282.123, 281.595, 281.159, 283.744, 282.444, 282.968, 282.344, 283.223, 281.048, 281.042, 283.785, 283.351, 277.212, 281.366, 281.329, 282.067, 284.254, 281.334, 281.239, 284.947, 283.068, 283.954, 280.841, 281.586, 282.573, 282.022, 281.295, 282.486, 282.321, 281.308, 282.793, 285.988, 282.28, 281.625, 282.576, 282.197, 284.936, 282.297, 281.004, 281.273, 282.562, 281.312, 282.346, 282.272, 283.584, 281.19, 282.341, 282.962, 281.279, 283.79, 280.554, 281.439, 
Running Threadpool_1 implementation
Time to set up datastructures: 9284.14ms
309.058, 310.049, 309.563, 310.157, 309.65, 309.849, 309.944, 309.667, 308.771, 309.966, 310.466, 309.98, 309.816, 308.522, 309.633, 308.622, 310.115, 310.369, 311.948, 310.341, 310.178, 309.514, 310.004, 309.721, 308.835, 308.786, 310.521, 308.721, 310.222, 309.619, 310.074, 309.747, 309.892, 310.101, 309.181, 308.417, 308.784, 308.181, 310.138, 310.153, 311.827, 308.723, 308.724, 308.681, 310.424, 311.247, 311.82, 309.401, 308.867, 308.673, 308.42, 308.114, 308.495, 308.119, 308.253, 308.19, 308.462, 309.289, 308.777, 308.498, 308.378, 309.734, 308.865, 307.956, 308.638, 308.496, 310.85, 308.555, 308.637, 309.955, 308.715, 308.757, 311.698, 308.027, 308.386, 308.625, 308.574, 307.993, 308.172, 307.625, 308.139, 308.226, 308.169, 307.941, 308.268, 311.741, 308.058, 308.059, 308.302, 308.597, 308.133, 308.726, 308.463, 308.417, 308.339, 308.434, 308.154, 308.078, 308.77, 308.085, 
Time to set up datastructures: 9263.68ms
295.794, 295.53, 295.76, 295.811, 295.888, 295.779, 297.431, 299.433, 297.101, 296.074, 295.437, 295.692, 295.667, 295.892, 295.458, 295.846, 295.967, 295.919, 295.929, 295.775, 295.874, 295.855, 297.592, 296.23, 295.676, 295.882, 295.737, 297.787, 295.909, 295.652, 298.077, 296.078, 295.955, 295.77, 295.9, 295.775, 296.028, 295.65, 295.618, 295.576, 296.082, 295.298, 295.781, 295.848, 295.746, 297.67, 296.339, 295.958, 297.714, 295.78, 295.981, 295.719, 297.764, 298.541, 295.831, 297.395, 296.105, 295.891, 295.751, 295.462, 297.801, 296.004, 297.747, 296.208, 295.754, 295.753, 295.782, 296.908, 296.474, 298.016, 296.092, 295.876, 295.989, 295.865, 295.764, 295.464, 298.262, 296.472, 295.67, 295.731, 295.82, 295.789, 295.824, 295.729, 295.7, 295.943, 295.761, 296.288, 296.379, 297.228, 297.962, 296.254, 295.657, 295.607, 299.249, 298.815, 298.484, 296.411, 295.637, 296.248, 
Time to set up datastructures: 9257.65ms
290.822, 289.807, 289.61, 290.03, 290.811, 290.578, 289.873, 290.949, 289.893, 291.215, 290.239, 291.133, 289.446, 289.061, 291.013, 291.927, 289.314, 289.027, 289.84, 289.085, 293.325, 289.595, 290.757, 290.01, 289.371, 290.061, 291.1, 289.71, 289.27, 289.16, 289.526, 289.706, 290.535, 290.664, 290.956, 289.728, 289.926, 289.943, 290.367, 289.059, 289.128, 289.212, 289.112, 289.214, 291.743, 290.177, 289.104, 289.297, 289.727, 290.029, 289.421, 290.765, 289.186, 289.263, 291.125, 289.748, 289.335, 291.059, 289.723, 289.14, 289.456, 289.094, 289.278, 289.309, 289.244, 289.259, 290.999, 290.207, 293.865, 291.436, 291.779, 289.621, 290.925, 291.596, 290.653, 293.402, 290.634, 289.833, 289.037, 289.127, 289.189, 288.75, 289.274, 289.263, 289.083, 289.339, 289.167, 289.085, 289.118, 289.207, 289.361, 290.867, 289.326, 289.089, 289.321, 289.143, 289.018, 289.263, 289.084, 290.935, 
Time to set up datastructures: 9424.87ms
284.657, 286.049, 288.16, 285.837, 287.281, 285.172, 286.091, 284.934, 286.033, 284.412, 284.227, 287.72, 288.803, 285.221, 284.589, 285.057, 286.304, 286.133, 285.051, 286.895, 284.518, 284.462, 284.81, 284.526, 286.057, 284.686, 286.399, 283.957, 284.645, 285.836, 287.333, 284.962, 284.409, 284.326, 284.362, 284.361, 284.444, 284.769, 284.472, 284.381, 286.295, 284.598, 284.156, 285.192, 286.419, 284.742, 286.016, 284.176, 286.009, 285.904, 284.2, 284.284, 284.194, 284.501, 287.429, 288.037, 285.181, 286.021, 284.675, 284.482, 285.052, 286.245, 284.932, 285.021, 285.118, 284.795, 284.825, 286.111, 284.733, 287.087, 286.766, 285.778, 287.221, 284.325, 287.01, 284.7, 285.074, 284.882, 284.765, 284.615, 284.352, 287.369, 284.425, 286.048, 287.821, 286.409, 284.707, 284.595, 284.827, 284.858, 284.877, 285.141, 287.737, 284.643, 284.521, 284.902, 284.755, 284.624, 285.945, 284.856, 
Time to set up datastructures: 9285.22ms
282.041, 281.464, 281.289, 282.814, 282.476, 284.052, 281.348, 281.328, 283.198, 282.662, 283.01, 283.501, 281.634, 283.609, 281.286, 282.54, 283.569, 282.839, 283.952, 283.442, 283.656, 282.637, 286.453, 283.53, 282.902, 282.475, 283.886, 283.482, 283.43, 282.555, 282.5, 284.762, 284.655, 281.138, 283.484, 282.721, 285.519, 282.452, 284.015, 283.591, 281.411, 282.269, 282.7, 282.485, 281.464, 282.673, 282.469, 285.012, 283.06, 281.122, 281.058, 283.123, 284.068, 283.17, 282.605, 296.036, 287.137, 283.01, 282.468, 281.4, 282.991, 281.977, 283.391, 282.625, 284.345, 283.508, 283.155, 283.96, 282.62, 283.346, 282.729, 282.448, 281.155, 282.628, 281.184, 283.944, 283.513, 284.194, 282.277, 282.83, 281.27, 283.564, 282.205, 282.845, 282.646, 282.461, 285.784, 282.905, 281.427, 282.635, 282.502, 284.257, 281.275, 286.039, 282.05, 282.905, 282.762, 284.647, 281.42, 281.531, 
Running TBB_graphs_2 implementation
Time to set up datastructures: 9141.23ms
290.74, 309.378, 309.251, 292.16, 290.629, 290.241, 292.587, 309.56, 309.106, 309.151, 309.229, 308.629, 296.932, 312.167, 308.807, 309.588, 308.284, 308.167, 307.888, 309.077, 292.377, 289.914, 289.829, 309.139, 291.565, 311.251, 308.124, 307.05, 306.917, 309.509, 309.239, 309.657, 308.716, 307.65, 308.669, 312.742, 290.665, 290.118, 290.099, 290.313, 308.764, 308.607, 309.189, 308.113, 307.758, 309.759, 307.725, 290.116, 290.414, 310.593, 307.601, 309.901, 309.56, 307.281, 308.13, 288.903, 289.821, 292.297, 309.04, 308.616, 308.644, 309.113, 290.581, 309.75, 308.508, 290.7, 291.354, 290.285, 289.807, 289.802, 307.083, 290.381, 289.893, 309.322, 308.499, 307.757, 290.305, 292.523, 307.661, 290.296, 290.228, 290.42, 290.279, 290.15, 290.081, 308.971, 291.496, 307.277, 309.367, 290.304, 290.554, 290.097, 289.92, 292.598, 290.474, 307.837, 292.79, 310.15, 290.817, 309.212, 
Time to set up datastructures: 9125.33ms
268.775, 297.382, 295.18, 296.066, 267.186, 268.873, 267.36, 295.184, 296.043, 297.562, 267.518, 269.809, 267.67, 296.547, 266.951, 267.476, 297.046, 268.139, 297.488, 295.46, 296.001, 267.402, 268.617, 298.152, 297.67, 266.756, 268.811, 297.341, 297.514, 297.144, 297.045, 267.043, 296.803, 297.367, 267.585, 296.013, 297.541, 296.424, 295.963, 269.025, 296.844, 267.929, 267.17, 297.541, 296.591, 267.38, 295.591, 267.504, 297.616, 295.901, 267.177, 297.12, 295.914, 266.935, 295.147, 267.525, 267.523, 268.476, 268.781, 296.406, 267.103, 297.606, 297.895, 268.827, 297.919, 268.842, 267.421, 298.55, 266.983, 297.775, 296.44, 267.326, 297.411, 296.283, 297.356, 298.57, 267.55, 266.734, 295.508, 267.214, 295.172, 267.117, 266.889, 295.717, 298.075, 296.562, 298.533, 267.274, 266.384, 269.01, 296.958, 300.086, 267.437, 268.778, 267.351, 295.289, 297.632, 267.741, 296.407, 296.02, 
Time to set up datastructures: 9140.61ms
253.895, 253.434, 253.98, 289.379, 252.693, 253.894, 290.775, 289.749, 252.842, 253.003, 252.936, 252.847, 291.268, 253.846, 254.069, 290.498, 289.167, 252.862, 252.912, 290.749, 253.872, 289.369, 289.286, 255.144, 290.673, 290.574, 289.848, 289.313, 290.603, 290.236, 289.808, 253.103, 253.874, 252.835, 290.721, 254.028, 291.151, 289.925, 289.033, 253.095, 289.087, 290.63, 254.112, 255.033, 290.917, 290.096, 291.157, 252.959, 253.005, 252.787, 290.487, 290.846, 253.389, 252.841, 289.581, 253.456, 292.553, 290.109, 291.557, 253.01, 252.743, 252.847, 254.052, 253.742, 252.797, 254.184, 252.933, 288.776, 252.876, 289.029, 290.991, 291.307, 253.237, 252.782, 253.997, 290.509, 289.742, 252.898, 291.098, 252.855, 289.31, 289.328, 253.945, 252.628, 253.198, 254.042, 288.945, 291.876, 253.976, 253.027, 254.037, 289.458, 288.854, 254.057, 290.61, 252.896, 288.65, 289.181, 253.169, 290.715, 
Time to set up datastructures: 9113.12ms
287.512, 283.819, 284.463, 251.791, 253.119, 286.76, 252.976, 253.061, 284.774, 253.107, 252.085, 251.969, 283.697, 285.465, 285.056, 285.125, 283.891, 252.619, 253.718, 284.288, 284.622, 284.065, 252.451, 286.411, 251.917, 285.836, 252.122, 253.536, 253.102, 253.07, 285.881, 286.557, 252.688, 285.784, 252.823, 284.782, 285.361, 285.909, 284.495, 252.985, 287.285, 284.164, 253.242, 253.334, 286.596, 284.185, 285.835, 285.521, 286.079, 284.462, 283.881, 283.962, 286.428, 252.023, 285.66, 252.137, 253.156, 286.004, 252.139, 253.195, 285.733, 252.792, 252.993, 285.619, 252.269, 253.075, 285.674, 252.473, 252.567, 284.721, 288.086, 283.631, 287.437, 286.074, 257.501, 253.92, 284.561, 253.573, 285.311, 254.412, 253.35, 251.735, 285.832, 284.477, 284.568, 253.359, 252.799, 286.94, 252.902, 252.591, 253.086, 285.364, 252.794, 286.933, 252.765, 253.287, 286.287, 284.183, 253.308, 285.455, 
Time to set up datastructures: 9138.22ms
280.845, 252.823, 282.57, 253.715, 283.48, 254.075, 253.476, 280.831, 254.071, 253.919, 282.423, 282.152, 285.358, 254.013, 282.491, 281.157, 282.959, 253.78, 253.753, 256.623, 281.273, 282.262, 281.206, 253.888, 281.141, 253.821, 283.487, 254.405, 253.597, 283.066, 281.461, 282.619, 281.203, 282.268, 282.459, 283.887, 281.565, 280.912, 280.218, 253.285, 253.865, 253.444, 282.196, 281.463, 282.387, 253.454, 252.788, 252.887, 254.046, 256.084, 282.227, 254.113, 254.302, 283.658, 252.846, 282.343, 283.369, 282.709, 253.287, 282.537, 282.471, 254.707, 280.786, 252.954, 284.162, 283.619, 254.673, 281.089, 254.646, 282.013, 253.822, 280.966, 280.695, 281.297, 282.267, 281.194, 253.383, 281.692, 254.56, 254.423, 281.23, 282.501, 282.688, 282.69, 282.793, 280.762, 253.75, 253.565, 253.886, 285.364, 253.384, 254.015, 283.403, 283.036, 253.562, 255.019, 253.993, 285.843, 282.164, 253.891, 
Running Threadpool_2 implementation
Time to set up datastructures: 9245.79ms
309.942, 308.067, 309.917, 308.758, 311.863, 308.381, 309.82, 308.445, 308.039, 308.653, 308.907, 310.51, 310.087, 307.908, 311.302, 310.337, 309.994, 308.846, 313.149, 311.084, 309.928, 308.189, 308.469, 309.449, 309.861, 308.304, 309.814, 308.703, 308.88, 308.648, 308.741, 310.099, 308.083, 310.326, 308.404, 311.147, 308.247, 309.791, 309.39, 310.211, 308.708, 311.815, 308.246, 308.632, 308.59, 308.275, 308.325, 310.292, 311.035, 309.938, 308.319, 310.137, 309.154, 311.22, 312.312, 309.101, 310.316, 309.183, 309.582, 309.672, 308.357, 310.071, 308.009, 309.999, 308.462, 311.542, 311.6, 309.356, 309.921, 309.245, 310.828, 309.889, 308.666, 310.047, 309.253, 310.45, 308.734, 310.217, 308.823, 308.766, 308.873, 309.677, 308.747, 310.232, 308.034, 309.71, 308.282, 311.445, 309.191, 309.141, 308.85, 310.209, 309.425, 310.453, 310.798, 309.699, 311.012, 310.022, 309.739, 308.896, 
Time to set up datastructures: 9282.85ms
298.227, 296.572, 298.37, 297.915, 297.989, 299.257, 298.731, 296.954, 298.22, 298.471, 299.9, 297.004, 296.922, 298.37, 298.744, 298.467, 296.614, 298.336, 298.42, 298.967, 296.948, 298.153, 296.426, 297.947, 297.913, 297.236, 298.155, 296.684, 297.976, 296.47, 298.169, 296.425, 296.867, 299.401, 297.2, 298.319, 296.738, 298.942, 297.076, 297.374, 296.4, 298.1, 298.578, 298.25, 297.175, 298.079, 299.839, 297.635, 297.897, 298.235, 296.836, 297.926, 296.98, 297.949, 298.268, 298.513, 296.423, 299.226, 298.862, 297.075, 298.443, 296.919, 296.838, 297.338, 298.342, 298.289, 300.888, 299.374, 302.787, 300.213, 300.545, 301.986, 297.13, 300.299, 297.472, 300.145, 297.906, 297.494, 300.879, 297.818, 297.761, 296.817, 299.148, 299.809, 300.445, 297.004, 298.146, 300.896, 298.932, 298.264, 296.408, 297.833, 298.292, 296.865, 296.883, 296.778, 298.074, 300.702, 297.093, 297.869, 
Time to set up datastructures: 9260.58ms
293.058, 295.21, 290.577, 289.978, 290.236, 290.941, 291.916, 290.473, 290.052, 290.751, 290.118, 291.456, 290.073, 291.497, 292.534, 290.369, 290.951, 290.146, 291.186, 292.016, 290.227, 298.23, 290.354, 290.089, 292.817, 291.258, 289.768, 292.651, 289.798, 291.613, 291.768, 290.781, 289.829, 291.987, 289.774, 291.579, 289.563, 289.58, 289.839, 291.462, 291.373, 290.038, 291.631, 289.832, 292.204, 290.204, 290.318, 293.462, 290.512, 290.343, 291.922, 291.071, 290.118, 290.566, 291.708, 292.649, 290.586, 291.154, 289.587, 291.361, 291.171, 291.437, 289.598, 289.642, 289.683, 290.688, 289.973, 290.036, 290.653, 291.966, 290.24, 289.991, 289.922, 291.285, 291.029, 289.956, 289.993, 290.165, 289.935, 290.058, 289.91, 289.774, 289.98, 290.372, 291.154, 290.777, 291.081, 291.571, 291.418, 289.879, 290.299, 290.292, 291.869, 290.324, 291.203, 291.12, 290.023, 292.021, 289.875, 291.339, 
Time to set up datastructures: 9279.85ms
284.934, 285.592, 286.489, 284.797, 286.231, 284.972, 284.744, 286.543, 286.253, 287.724, 288.162, 287.541, 287.763, 285.55, 286.233, 285.289, 287.832, 285.206, 287.231, 285.105, 284.944, 285.285, 288.157, 285.35, 288.188, 287.47, 286.849, 287.112, 285.375, 287.241, 285.166, 286.954, 285.16, 287.278, 287.428, 285.174, 290.024, 285.444, 287.911, 287.79, 285.207, 288.014, 285.134, 286.3, 285.414, 285.423, 287.184, 284.71, 285.413, 286.849, 285.882, 285.174, 286.737, 288.532, 287.883, 288.366, 286.621, 288.407, 285.632, 286.981, 286.071, 284.7, 286.463, 285.381, 290.262, 284.896, 285.378, 287.264, 284.958, 286.195, 287.595, 286.544, 288.554, 288.172, 287.041, 286.932, 285.221, 286.075, 285.062, 286.525, 285.214, 286.053, 284.728, 284.768, 284.763, 287.327, 286.262, 286.551, 288.066, 286.833, 285.168, 284.973, 288.185, 286.445, 284.978, 285.839, 286.473, 285.396, 285.917, 287.35, 
Time to set up datastructures: 9241.07ms
283.021, 283.025, 284.825, 284.105, 281.951, 283.745, 281.826, 283.412, 284.63, 281.696, 284.386, 281.658, 283.602, 281.792, 284.183, 284.79, 281.606, 284.063, 281.664, 282.475, 284.28, 283.427, 284.285, 284.81, 282.115, 283.302, 284.714, 284.379, 281.605, 281.336, 283.112, 283.161, 282.886, 284.608, 281.498, 281.437, 281.283, 281.451, 281.419, 281.475, 283.148, 281.334, 283.037, 284.149, 285.207, 281.935, 283.761, 281.719, 284.587, 282.038, 284.909, 282.004, 284.701, 283.952, 281.606, 283.05, 285.314, 281.638, 284.299, 284.067, 282.032, 283.087, 281.974, 283.422, 284.244, 284.749, 282.084, 281.425, 281.878, 281.699, 282.112, 282.311, 281.612, 282.199, 281.495, 281.568, 282.76, 281.762, 281.575, 281.508, 281.512, 283.905, 284.534, 281.497, 284.436, 282.711, 285.755, 281.998, 285.974, 281.452, 284.397, 281.855, 282.954, 284.43, 281.635, 283.23, 283.025, 284.224, 284.281, 283.098, 
Running TBB_graphs_3 implementation
Time to set up datastructures: 9136.15ms
271.966, 308.071, 273.234, 272.235, 272.238, 273.376, 273.128, 272.212, 272.409, 272.632, 271.266, 272.013, 271.941, 309.899, 272.725, 272.813, 271.166, 308.381, 311.017, 308.676, 271.609, 271.753, 306.529, 309.306, 271.991, 271.482, 308.941, 308.46, 272.866, 271.933, 273.374, 309.739, 308.53, 309.937, 271.791, 272.596, 308.419, 309.807, 309.423, 271.644, 272.633, 307.212, 271.742, 308.874, 271.831, 271.689, 308.589, 271.797, 272.829, 272.358, 272.208, 271.067, 272.486, 273.394, 271.308, 272.102, 272.065, 272.732, 273.245, 309.34, 308.747, 308.524, 307.995, 272.982, 271.072, 309.767, 272.407, 271.836, 309.494, 310.501, 273.108, 271.937, 309.974, 309.54, 308.344, 309.466, 271.085, 271.025, 308.962, 271.914, 308.139, 271.884, 271.148, 272.044, 271.84, 272.732, 309.421, 271.771, 273.158, 272.236, 272.88, 271.843, 271.996, 272.098, 309.471, 271.23, 307.151, 270.942, 273.199, 271.833, 
Time to set up datastructures: 9116.61ms
254.679, 265.732, 267.04, 267.112, 254.909, 295.523, 254.565, 254.747, 254.7, 254.444, 297.319, 254.633, 254.655, 254.44, 298.526, 297.726, 267.068, 265.531, 254.655, 268.897, 297.255, 254.456, 297.568, 265.84, 296.062, 255.127, 296.51, 254.448, 254.309, 297.29, 267.14, 255.415, 268.646, 254.847, 296.052, 265.427, 254.645, 266.91, 297.396, 297.544, 254.533, 254.734, 254.684, 267.53, 266.685, 254.669, 266.948, 298.358, 254.689, 255.005, 255.042, 265.221, 266.773, 297.896, 266.595, 266.555, 297.313, 268.359, 299.036, 297.742, 254.967, 254.767, 298.265, 267.447, 266.819, 297.495, 254.743, 295.802, 297.1, 296.78, 267.338, 255.218, 267.018, 297.901, 254.604, 267.067, 266.627, 265.718, 267.045, 266.967, 295.792, 254.722, 297.044, 254.682, 264.902, 298.981, 265.797, 265.53, 267.692, 266.824, 298.884, 296.233, 254.84, 254.29, 266.77, 254.699, 295.455, 254.425, 296.575, 267.065, 
Time to set up datastructures: 9124.94ms
288.177, 243.318, 263.12, 264.731, 264.856, 291.064, 289.028, 289.986, 289.985, 263.516, 290.055, 290.809, 289.728, 290.077, 243.298, 243.443, 242.825, 264.587, 289.096, 263.505, 291.007, 263.939, 287.721, 264.481, 243.291, 264.455, 290.823, 290.01, 263.769, 243.523, 263.458, 243.388, 289.952, 243.448, 290.102, 293.602, 264.625, 244.114, 243.322, 288.996, 243.452, 243.249, 288.617, 263.99, 243.565, 262.738, 243.104, 263.146, 243.658, 288.271, 243.668, 288.84, 290.426, 288.641, 264.18, 290.656, 290.283, 263.675, 265.45, 289.117, 288.059, 243.791, 289.455, 243.015, 264.023, 264.219, 243.365, 288.29, 243.786, 243.451, 290.689, 288.575, 243.539, 264.761, 289.869, 243.798, 242.859, 243.32, 263.089, 264.635, 243.246, 242.959, 290.581, 290.504, 288.761, 263.269, 263.01, 264.371, 288.198, 265.477, 244.007, 288.172, 264.56, 264.25, 288.292, 263.91, 264.224, 243.556, 243.85, 264.316, 
Time to set up datastructures: 9138.32ms
280.882, 240.59, 285.753, 261.424, 281.075, 281.615, 241.145, 260.632, 260.086, 240.847, 240.6, 261.09, 260.683, 240.573, 260.698, 260.72, 240.606, 260.44, 259.643, 284.734, 241.158, 259.979, 240.664, 281.267, 283.04, 261.632, 240.419, 239.823, 260.69, 281, 260.897, 260.843, 281.189, 263.969, 281.028, 240.641, 261.097, 283.785, 261.048, 282.585, 283.61, 282.559, 281.029, 260.961, 241.189, 282.347, 282.342, 283.058, 260.769, 240.045, 260.85, 260.193, 240.446, 282.701, 240.132, 240.267, 282.073, 260.916, 260.4, 261.209, 281.363, 240.747, 261.299, 240.359, 260.716, 260.507, 260.142, 240.732, 240.618, 240.55, 286.792, 240.973, 286.028, 281.245, 240.764, 260.677, 282.384, 281.584, 241.108, 282.534, 282.873, 260.529, 260.754, 280.871, 261.929, 240.111, 240.728, 240.365, 260.565, 282.033, 259.744, 239.738, 240.551, 240.391, 260.242, 260.731, 240.545, 259.78, 240.534, 240.609, 
Time to set up datastructures: 9156.42ms
257.458, 275.279, 276.355, 276.187, 276.569, 276.25, 276.423, 275.118, 276.639, 282.745, 240.807, 240.844, 240.802, 257.92, 257.298, 275.764, 240.889, 277.389, 256.934, 240.993, 257.471, 240.924, 277.856, 257.763, 257.868, 258.224, 257.785, 258.066, 281.123, 240.762, 240.486, 276.547, 275.422, 257.751, 276.09, 257.131, 276.277, 274.913, 239.313, 275.729, 258.622, 257.068, 257.058, 240.037, 282.761, 277.561, 256.882, 258.51, 275.808, 240.8, 276.286, 257.43, 277.276, 277.604, 276.467, 260.409, 277.745, 240.689, 239.28, 257.898, 282.263, 240.468, 276.583, 276.665, 257.933, 277.045, 257.009, 257.356, 257.121, 257.817, 263.617, 241.492, 258.054, 240.998, 256.858, 257.786, 257.321, 242.566, 276.903, 257.975, 256.968, 276.727, 275.578, 257.221, 241.174, 256.885, 263.445, 240.92, 281.419, 257.742, 277.183, 241.186, 240.497, 281.585, 257.319, 240.079, 256.702, 281.15, 257.72, 240.851, 
Running Threadpool_3 implementation
Time to set up datastructures: 9272.34ms
308.628, 309.473, 310.119, 309.288, 308.806, 308.646, 311.928, 309.973, 309.925, 309.833, 308.616, 309.202, 310.727, 309.173, 308.612, 310.208, 309.356, 310.375, 309.577, 311.558, 309.203, 310.057, 309.129, 310.361, 309.251, 310.101, 308.75, 308.975, 310.301, 308.977, 308.821, 309.224, 313.12, 309.022, 309.055, 309.041, 310.257, 309.135, 310.118, 309.216, 308.873, 308.972, 309.776, 310.033, 311.322, 312.434, 309.165, 309.312, 310.346, 311.294, 309.753, 308.958, 310.182, 308.332, 310.122, 309.764, 308.934, 312.183, 311.169, 308.774, 311.964, 311.197, 310.231, 309.972, 308.384, 310.001, 309.957, 312.568, 309.704, 310.088, 310.231, 309.256, 309.07, 311.083, 308.832, 308.763, 310.342, 310.281, 310.195, 309.658, 309.676, 308.626, 310.09, 308.649, 310.302, 308.704, 310.254, 309.909, 308.327, 310.643, 312.009, 310.035, 308.49, 310.346, 309.805, 309.881, 310.024, 308.713, 310.35, 309.911, 
Time to set up datastructures: 9263.47ms
300.374, 299.251, 297.879, 297.79, 297.259, 299.674, 299.814, 298.388, 297.012, 296.911, 299.733, 300.538, 296.704, 298.14, 297.914, 296.985, 298.389, 300.219, 300.087, 297.86, 298.099, 298.424, 297.386, 298.656, 298.025, 296.673, 297.913, 299.709, 296.767, 299.361, 299.622, 296.855, 297.958, 298.395, 298.55, 297.079, 298.63, 296.896, 297.612, 297.921, 297.911, 298.169, 300.147, 299.837, 297.103, 298.173, 297.019, 298.136, 298.235, 300.073, 299.507, 298.005, 298.014, 300.481, 298.926, 298.002, 298.969, 301.684, 299.378, 300.524, 300.135, 298.627, 298.636, 297.843, 296.967, 299.122, 296.886, 300.288, 298.032, 296.886, 298.181, 297.09, 298.284, 297.974, 297.166, 300.233, 297.985, 298.964, 297.905, 297.853, 297.786, 298.038, 297.154, 299.337, 296.842, 298.698, 299.049, 300.056, 297.9, 297.458, 299.668, 300.178, 297.77, 297.51, 299.7, 298.117, 297.851, 296.84, 300.164, 299.482, 
Time to set up datastructures: 9257.01ms
291.337, 290.372, 289.995, 292.157, 291.453, 290.098, 289.052, 289.658, 290.568, 291.366, 290.82, 289.263, 290.129, 290.191, 289.051, 290.172, 290.243, 289.574, 290.925, 290.529, 291.99, 290.272, 292.239, 291.637, 290.374, 291.652, 291.546, 291.5, 290.236, 291.846, 291.048, 290.73, 290.279, 290.234, 290.057, 289.079, 290.369, 291.893, 291.354, 290.055, 289, 289.492, 291.246, 290.213, 289.269, 291.238, 290.804, 290.128, 291.291, 290.23, 290.423, 290.499, 292.497, 291.674, 290.139, 294.328, 290.906, 291.867, 291.978, 288.981, 289.486, 290.579, 291.886, 291.303, 292.136, 291.287, 289.76, 289.264, 290.635, 288.909, 290.278, 290.848, 291.712, 292.401, 290.87, 290.077, 289.042, 289.741, 297.067, 291.583, 290.712, 291.059, 290.906, 290.377, 290.358, 291.614, 291.707, 291.257, 290.117, 291.181, 289.469, 289.708, 291.881, 291.248, 289.261, 290.586, 294.864, 290.674, 291.801, 291.021, 
Time to set up datastructures: 9299.03ms
284.445, 283.997, 283.541, 282.906, 281.762, 282.963, 281.827, 283.965, 283.77, 283.821, 282.457, 283.693, 281.718, 283.152, 282.779, 284.807, 282.995, 282.992, 283.397, 281.804, 283.141, 282.818, 284.48, 282.785, 284.299, 283.662, 282.295, 283.707, 281.747, 282.915, 282.378, 283.537, 282.382, 283.524, 284.894, 283.679, 284.207, 283.825, 282.151, 284.453, 283.169, 282.738, 283.141, 281.996, 283.961, 282.866, 283.174, 282.548, 284.266, 282.118, 282.923, 282.904, 283.677, 283.663, 281.867, 281.678, 283.537, 282.942, 281.778, 283.015, 282.555, 283.559, 282.781, 282.794, 283.463, 283.432, 282.931, 281.837, 282.661, 283.254, 282.255, 282.356, 283.224, 282.853, 282.637, 283.432, 282.417, 283.194, 282.724, 283.47, 282.868, 283.515, 283.692, 282.947, 282.206, 282.406, 282.849, 282.955, 282.146, 283.69, 284.653, 283.295, 282.251, 284.021, 284.82, 283.403, 285.058, 282.734, 286.392, 283.036, 
Time to set up datastructures: 9291.12ms
277.144, 276.981, 276.733, 278.606, 277.049, 277.036, 276.538, 281.38, 276.937, 276.9, 276.923, 275.99, 276.681, 275.52, 276.681, 276.771, 278.223, 276.548, 276.841, 277.327, 277.052, 277.567, 278.374, 277.424, 279.91, 277.155, 276.032, 276.866, 275.423, 276.602, 276.334, 276.586, 276.532, 277.734, 277.303, 276.92, 276.073, 275.685, 276.469, 276.65, 275.743, 277.067, 276.762, 278.18, 277.424, 276.366, 277.036, 276.477, 277.899, 276.399, 275.999, 277.194, 275.902, 277.021, 278.192, 276.637, 276.085, 277.714, 276.522, 275.836, 277.333, 276.884, 275.894, 275.468, 276.867, 277.011, 275.948, 276.534, 277.041, 276.495, 276.337, 277.527, 276.614, 275.843, 277.036, 276.497, 277.493, 276.97, 276.652, 277.048, 275.895, 276.688, 277.027, 275.515, 277.047, 276.142, 279.213, 276.875, 276.3, 277.469, 277.066, 278.842, 277.524, 278.036, 277.155, 277.121, 276.052, 275.679, 276.523, 275.296, 
Running TBB_graphs_4 implementation
Time to set up datastructures: 9151.58ms
307.088, 307.855, 280.804, 280.93, 311.508, 307.549, 264.263, 264.305, 263.46, 264.172, 309.361, 264.072, 264.11, 282.548, 310.062, 264.193, 308.168, 278.84, 263.723, 263.783, 281.605, 308.703, 264.108, 279.051, 264.266, 264.097, 308.336, 308.246, 264.065, 279.984, 264.389, 264.041, 264.81, 281.03, 264.051, 310.043, 309.925, 278.6, 263.845, 264.051, 280.456, 264.582, 306.721, 280.997, 264.185, 263.801, 264.283, 306.903, 264.185, 263.81, 309.904, 264.618, 264.018, 308.994, 307.253, 281.089, 263.989, 309.353, 280.632, 263.533, 263.689, 308.717, 282.084, 264.173, 280.068, 280.822, 264.026, 280.257, 307.447, 264.534, 262.9, 264.167, 264.464, 264.175, 280.89, 281.298, 263.642, 280.538, 264.046, 309.174, 278.769, 264.27, 263.687, 264.333, 307.866, 264.285, 306.79, 264.687, 281.857, 279.265, 280.806, 309.056, 264.564, 263.962, 280.54, 280.716, 280.294, 263.567, 306.319, 278.911, 
Time to set up datastructures: 9116.54ms
272.095, 273.422, 295.523, 248.574, 250.531, 297.407, 250.704, 250.659, 272.363, 272.809, 248.675, 272.089, 294.601, 250.567, 271.886, 249.994, 250.759, 250.599, 248.75, 251.092, 252.639, 248.624, 251.252, 295.187, 250.865, 272.016, 249.488, 294.808, 250.361, 295.355, 249.165, 248.41, 294.786, 293.651, 249.293, 297.312, 274.247, 272.384, 272.633, 295.535, 251.211, 250.649, 297.425, 272.438, 271.536, 274.514, 249.645, 272.722, 295.159, 293.824, 295.211, 292.869, 250.083, 295.526, 248.737, 275.171, 250.934, 251.194, 249.993, 293.695, 250.706, 248.598, 250.652, 271.978, 273.017, 251.181, 250.658, 251.056, 293.768, 294.624, 249.587, 272.097, 272.959, 271.837, 249.375, 250.645, 270.544, 248.612, 294.59, 293.309, 249.237, 294.877, 272.864, 274.735, 274.808, 271.013, 250.04, 271.899, 250.892, 249.091, 272.028, 250.55, 272.329, 295.203, 250.361, 297.465, 248.959, 249.252, 271.772, 250.84, 
Time to set up datastructures: 9141.75ms
247.94, 239.917, 284.713, 248.129, 284.505, 239.951, 265.472, 265.766, 264.983, 248.977, 248.83, 285.649, 265.726, 249.921, 265.882, 248.469, 248.085, 265.429, 292.598, 265.222, 271.846, 248.793, 290.639, 265.184, 248.829, 248.239, 240.235, 247.873, 265.576, 249.15, 245, 284.345, 265.936, 248.664, 290.993, 265.781, 248.876, 284.677, 265.414, 240.216, 265.109, 248.873, 265.715, 265.902, 240.063, 248.208, 284.567, 248.62, 239.999, 244, 248.744, 248.066, 248.95, 249.05, 264.882, 265.918, 285.674, 239.967, 248.626, 253.815, 282.961, 282.995, 244.991, 248.514, 283.042, 248.834, 240.242, 248.352, 240.067, 244.777, 288.803, 248.757, 283.716, 265.668, 283.504, 240.3, 266.255, 265.37, 240.187, 284.974, 248.915, 244.883, 239.904, 294.81, 267.056, 244.962, 284.7, 265.338, 265.134, 266.196, 240.189, 240.06, 239.813, 248.458, 271.149, 240.128, 239.759, 284.007, 248.552, 286.895, 
Time to set up datastructures: 9110.1ms
245.795, 259.74, 241.864, 245.309, 245.894, 274.739, 253.828, 275.716, 285.701, 259.386, 286.947, 233.691, 258.673, 258.26, 269.298, 259.394, 233.606, 245.403, 274.535, 233.648, 259.709, 259.848, 245.664, 259.752, 233.687, 246.541, 233.614, 276.686, 233.603, 259.688, 259.495, 245.538, 254.215, 243.026, 258.619, 245.595, 245.489, 233.803, 233.606, 275.128, 284.992, 233.768, 273.9, 286.073, 233.675, 258.486, 274.805, 259.414, 245.799, 259.944, 243.568, 245.798, 259.173, 257.609, 233.817, 233.675, 284.352, 245.729, 259.611, 284.53, 260.118, 274.956, 260.222, 233.807, 233.608, 259.262, 245.646, 244.957, 259.796, 246.156, 243.555, 245.642, 245.737, 233.579, 259.168, 276.042, 233.8, 259.677, 245.719, 259.844, 276.04, 276.034, 241.475, 245.686, 233.658, 233.53, 259.577, 243.369, 275.624, 241.843, 245.954, 241.352, 233.595, 270.734, 245.633, 245.802, 245.347, 275.663, 275.019, 274.641, 
Time to set up datastructures: 9144.72ms
254.733, 254.388, 255.489, 254.668, 243.375, 231.75, 255.848, 255.404, 254.782, 255.31, 243.029, 255.328, 231.843, 243.387, 243.69, 254.181, 243.367, 240.502, 243.216, 268.153, 243.491, 254.167, 254.53, 254.852, 232.229, 231.781, 231.947, 277.044, 267.17, 243.282, 232.007, 240.782, 231.978, 269.549, 243.375, 254.503, 254.219, 255.886, 244.407, 268.561, 253.483, 232.314, 231.86, 268.25, 232.027, 254.896, 243.269, 243.389, 255.355, 243.605, 268.619, 268.671, 255.738, 232.021, 255.776, 239.899, 255.503, 231.717, 232.322, 232.266, 242.971, 267.558, 232.269, 266.903, 268.445, 267.869, 267.966, 240.876, 243.765, 268.923, 269.814, 232.026, 268.002, 231.95, 281.492, 232.281, 243.219, 268.765, 255.008, 232.301, 268.44, 232.299, 256.426, 243.402, 232.162, 243.354, 255.534, 284.148, 266.126, 232.239, 248.842, 254.932, 267.845, 280.651, 269.375, 243.749, 267.687, 268.94, 283.764, 255.216, 
Running Threadpool_4 implementation
Time to set up datastructures: 9325.05ms
309.014, 313.635, 309.062, 310.522, 310.4, 311.772, 310.495, 309.187, 311.065, 313.059, 309.951, 310.352, 308.69, 310.007, 310.208, 308.47, 310.036, 308.765, 310.519, 309.32, 312.57, 311.852, 311.004, 308.972, 313.768, 311.441, 309.857, 308.796, 310.311, 312.021, 309.003, 310.163, 309.699, 308.844, 311.743, 310.272, 310.568, 309.637, 310.285, 308.86, 313.589, 310.139, 310.072, 309.134, 309.932, 311.071, 310.607, 309.818, 313.255, 310.276, 310.177, 308.73, 310.039, 308.707, 311.032, 308.927, 310.538, 310.027, 308.981, 310.907, 310.772, 310.453, 310.09, 312.963, 308.944, 311.487, 310.791, 310.266, 310.561, 310.247, 308.758, 310.295, 309.904, 309.247, 310.263, 310.223, 308.967, 310.266, 309.794, 310.266, 310.045, 308.604, 310.144, 308.699, 309.825, 308.88, 310.323, 308.8, 310.303, 309.794, 309.971, 309.682, 308.905, 310.185, 308.786, 310.313, 309.718, 309.038, 310.551, 312.492, 
Time to set up datastructures: 9275.44ms
296.856, 295.463, 296.554, 295.657, 297.229, 295.662, 295.473, 295.168, 296.184, 294.532, 297.347, 295.858, 297.722, 297.02, 295.631, 295.388, 295.616, 297.354, 296.025, 296.333, 295.459, 295.813, 295.63, 296.604, 296.171, 295.663, 296.75, 296.476, 295.226, 295.281, 296.016, 296.216, 295.555, 295.591, 295.745, 295.637, 298.035, 297.558, 294.36, 295.791, 295.88, 295.834, 294.998, 297.162, 297.609, 296.514, 295.029, 294.277, 295.591, 295.694, 295.292, 295.516, 296.527, 295.757, 296.416, 294.581, 295.611, 295.729, 296.448, 295.132, 296.464, 295.63, 295.66, 295.428, 297.915, 297.659, 297.092, 294.352, 296.611, 294.856, 294.908, 297.797, 295.578, 295.618, 294.987, 295.443, 296.628, 294.404, 295.42, 296.259, 294.51, 297.033, 295.593, 296.457, 295.683, 296.479, 295.588, 295.549, 295.47, 294.436, 294.408, 294.326, 296.871, 295.614, 294.117, 296.772, 295.289, 296.337, 295.184, 296.279, 
Time to set up datastructures: 9256.69ms
285.659, 284.671, 285.341, 285.792, 284.147, 284.243, 285.418, 284.357, 284.264, 284.028, 284.894, 284.86, 285.577, 285.888, 286.406, 285.905, 284.84, 284.74, 287.223, 285.542, 286.19, 285.421, 284.235, 284.145, 285.394, 284.692, 285.569, 286.629, 286.356, 284.125, 285.025, 284.769, 285.19, 284.346, 285.536, 284.623, 284.809, 284.978, 286.425, 286.315, 285.635, 285.413, 284.392, 284.975, 284.634, 284.277, 286.479, 286.396, 286.049, 287.426, 284.397, 285.152, 285.297, 286.988, 285.356, 284.653, 286.955, 285.473, 285.091, 285.017, 285.199, 285.226, 283.596, 285.349, 284.687, 284.339, 284.788, 284.313, 284.785, 285.063, 284.842, 285.939, 284.65, 284.537, 286.874, 284.899, 284.692, 284.828, 284.59, 284.709, 283.651, 285.237, 285.258, 286.822, 286.286, 284.605, 285.851, 285.128, 285.183, 284.577, 284.401, 284.908, 284.476, 284.263, 284.775, 285.968, 286.411, 286.744, 285.802, 283.789, 
Time to set up datastructures: 9278.69ms
276.495, 275.436, 275.259, 275.946, 276.017, 275.65, 276.112, 276.089, 275.59, 275.153, 276.057, 276.532, 276.434, 275.955, 276.193, 276.249, 277.524, 276.146, 276.3, 275.373, 276.136, 275.792, 275.182, 274.843, 276.091, 275.284, 276.852, 275.437, 275.697, 275.319, 276.119, 276.169, 275.493, 275.275, 275.381, 274.771, 275.418, 275.071, 275.67, 275.769, 275.301, 274.961, 276.158, 274.654, 276.562, 275.898, 277.15, 275.436, 276, 275.684, 275.511, 274.796, 275.396, 274.767, 275.83, 275.855, 276.266, 274.789, 275.742, 277.975, 275.186, 275.064, 275.851, 275.245, 274.59, 275.719, 275.931, 275.391, 275.499, 275.103, 275.839, 275.909, 275.2, 275.239, 275.906, 276.576, 275.924, 275.792, 275.874, 275.439, 275.395, 275.767, 275.482, 275.422, 275.943, 275.908, 275.478, 275.886, 275.984, 275.511, 274.993, 275.8, 274.914, 276.31, 276.275, 275.357, 274.989, 274.659, 275.869, 275.56, 
Time to set up datastructures: 9315.58ms
268.493, 268.462, 269.451, 268.153, 269.463, 269.278, 269.36, 269.085, 269.205, 268.864, 268.235, 269.113, 268.671, 268.281, 269.157, 269.581, 268.47, 268.538, 268.913, 268.474, 269.434, 268.933, 268.712, 268.838, 268.218, 269.23, 268.047, 269.076, 268.139, 269.012, 268, 268.866, 268.941, 269.389, 267.648, 268.138, 268.115, 268.678, 269.586, 268.552, 268.061, 269.287, 269.32, 270.236, 268.638, 270.029, 269.819, 268.897, 267.955, 268.626, 267.898, 267.79, 267.877, 268.523, 268.714, 269.615, 268.031, 268.814, 267.826, 268.771, 268.452, 268.852, 268.039, 268.075, 268.129, 270.566, 270.388, 268.552, 270.087, 268.683, 268.506, 269.277, 269.14, 268.521, 268.222, 268.738, 268, 269.27, 268.007, 267.79, 268.681, 267.973, 267.731, 268.536, 268.074, 269.024, 269.032, 269.142, 269.097, 269.119, 268.687, 268.65, 270.666, 268.897, 268.695, 268.768, 269.117, 268.591, 268.752, 268.533, 
Running TBB_graphs_5 implementation
Time to set up datastructures: 9128.04ms
306.149, 261.248, 262.091, 284.619, 261.784, 282.124, 282.658, 262.255, 283.088, 283.769, 284.506, 261.614, 286.47, 260.05, 285.861, 282.505, 264.624, 309.292, 261.492, 282.323, 261.963, 305.798, 286.949, 305.427, 262.431, 262.073, 261.753, 261.117, 264.659, 261.414, 308.007, 263.347, 284.967, 260.63, 261.436, 261.64, 261.787, 261.959, 282.911, 260.258, 307.72, 260.027, 262.568, 262.49, 261.497, 261.753, 286.959, 305.883, 262.654, 264.717, 260.246, 306.335, 308.352, 309.208, 261.685, 261.439, 306.795, 262.183, 306.936, 260.711, 284.082, 261.101, 262.394, 281.63, 260.941, 261.346, 284.082, 261.618, 282.575, 285.744, 284.177, 284.038, 308.035, 262.991, 262.245, 306.713, 305.715, 304.519, 262.665, 282.067, 305.861, 262.269, 260.814, 305.332, 260.319, 306.642, 262.713, 263.058, 262.578, 261.429, 261.617, 259.531, 261.687, 262.073, 305.136, 284.68, 284.507, 308.312, 261.474, 282.648, 
Time to set up datastructures: 9127.33ms
246.251, 245.846, 246.05, 246.141, 257.198, 296.844, 250.96, 279.925, 252.194, 279.633, 290.714, 246.971, 272.462, 246.718, 272.387, 256.975, 247.373, 288.701, 289.707, 272.911, 245.994, 245.8, 255.845, 257.476, 273.593, 257.867, 256.169, 295.97, 288.197, 271.681, 246.439, 290.35, 290.631, 255.438, 256.576, 279.283, 256.038, 256.881, 247.367, 255.797, 272.402, 256.106, 273.313, 271.139, 279.005, 246.062, 247.623, 295.318, 298.049, 254.574, 262.361, 257.604, 251.885, 290.322, 271.708, 246.966, 289.845, 246.017, 256.352, 289.729, 272.107, 247.473, 256.169, 245.936, 254.038, 247.498, 245.779, 277.484, 254.975, 278.893, 256.867, 298.074, 256.148, 255.988, 289.06, 246.1, 272.466, 245.95, 289.867, 246.142, 251.913, 245.99, 271.917, 246.485, 289.649, 246.077, 255.909, 291.234, 277.675, 289.007, 255.994, 271.781, 272.543, 272.572, 270.151, 246.18, 271.445, 247.055, 246.319, 246.713, 
Time to set up datastructures: 9120.22ms
250.907, 277.644, 264.647, 250.897, 238.101, 251.21, 237.934, 248.39, 263.868, 263.977, 264.626, 276.865, 263.961, 247.077, 247.337, 238.896, 238.531, 280.206, 263.835, 250.366, 264.544, 290.602, 237.916, 275.75, 238.532, 250.909, 238.463, 250.855, 275.788, 250.56, 238.811, 247.307, 278.968, 263.703, 238.588, 238.499, 264.062, 250.362, 289.166, 237.938, 247.938, 263.681, 250.89, 278.849, 265.441, 238.269, 264.947, 251.369, 278.417, 250.497, 275.553, 264.282, 250.613, 238.603, 251.853, 238.271, 263.418, 238.693, 277.414, 238.766, 250.949, 289.659, 263.439, 250.664, 247.754, 237.802, 238.116, 250.7, 251.019, 281.023, 238.305, 252, 278.601, 251.009, 246.398, 290.65, 277.902, 251.11, 280.356, 261.647, 279.438, 247.953, 238.245, 237.884, 292.477, 250.236, 263.938, 238.546, 250.997, 250.247, 238.225, 275.856, 238.076, 250.168, 278.529, 250.875, 263.968, 278.903, 238.181, 264.274, 
Time to set up datastructures: 9134.63ms
259.205, 270.176, 256.409, 236.251, 259.065, 236.317, 257.313, 232.243, 246.425, 256.134, 236.343, 257.716, 243.236, 257.54, 281.472, 258.487, 258.091, 242.107, 235.42, 269.387, 242.402, 238.176, 269.323, 233.398, 286.81, 247.61, 259.179, 284.421, 258.44, 247.086, 258.633, 278.365, 263.222, 279.674, 291.357, 240.066, 252.446, 285.968, 293.871, 263.184, 293.785, 272.317, 246.658, 268.728, 257.834, 235.2, 256.523, 236.93, 269.032, 258.045, 257.307, 246.947, 257.636, 283.264, 234.772, 235.759, 268.825, 236.361, 246.688, 246.537, 232.584, 247.007, 235.797, 247.118, 232.601, 232.731, 244.907, 256.543, 269.827, 242.624, 243.068, 232.595, 246.665, 246.641, 271.995, 236.305, 236.026, 246.165, 236.187, 256.811, 232.495, 256.649, 247.023, 234.373, 245.761, 256.546, 256.851, 236.113, 236.39, 232.629, 281.971, 269.654, 236.338, 256.039, 269.505, 256.04, 246.228, 236.067, 232.639, 235.667, 
Time to set up datastructures: 9126.6ms
244.994, 265.716, 250.047, 273.689, 244.118, 274.387, 264.338, 266.286, 271.274, 242.365, 234.922, 262.252, 235.091, 228.449, 260.609, 258.533, 262.481, 235.596, 243.675, 228.493, 243.767, 263.439, 253.256, 241.154, 262.743, 253.3, 243.185, 235.769, 228.763, 250.844, 254.595, 252.383, 235.229, 228.859, 260.823, 252.93, 234.506, 228.859, 234.655, 272.53, 228.787, 252.092, 250.419, 253.168, 244.284, 244.611, 230.355, 243.606, 243.819, 262.228, 243.461, 261.672, 243.897, 266.295, 252.592, 241.696, 228.888, 241.806, 262.86, 228.956, 254.795, 233.608, 263.583, 252.6, 234.655, 241.525, 252.982, 252.964, 243.125, 253.559, 262.131, 264.125, 230.208, 242.136, 228.48, 241.587, 245.399, 228.469, 229.187, 234.86, 252.663, 243.956, 252.716, 228.626, 273.758, 242.509, 234.426, 228.414, 252.386, 262.455, 262.919, 263.079, 234.104, 254.073, 272.859, 233.387, 261.575, 228.522, 261.832, 230.466, 
Running Threadpool_5 implementation
Time to set up datastructures: 9260.37ms
307.525, 310.49, 312.677, 308.673, 306.094, 307.334, 307.075, 307.718, 310.127, 319.771, 307.906, 307.339, 307.679, 306.141, 306.822, 309.188, 307.442, 306.159, 307.594, 309.174, 307.874, 310.204, 307.726, 306.233, 307.484, 306.794, 308.023, 307.77, 309.865, 313.677, 335.171, 309.735, 307.671, 306.588, 308.936, 307.973, 307.397, 315.374, 308.035, 308.015, 315.108, 309.309, 307.258, 310.78, 308.023, 307.973, 306.747, 308.035, 307.62, 311.238, 311.228, 307.936, 306.714, 308.124, 307.563, 307.481, 307.353, 306.33, 307.848, 306.574, 308.655, 307.648, 310.271, 307.094, 307.785, 306.498, 309.735, 306.322, 307.74, 306.009, 307.555, 306.071, 307.874, 306.151, 306.503, 307.562, 306.118, 306.456, 307.394, 307.772, 307.844, 307.383, 306.399, 308.12, 306.799, 308.205, 308.304, 307.902, 306.121, 306.24, 307.803, 307.344, 307.451, 306.213, 307.725, 310.228, 305.999, 307.58, 307.611, 309.491, 
Time to set up datastructures: 9260.05ms
291.176, 290.935, 289.281, 290.089, 291.106, 290.382, 289.448, 290.022, 290.479, 298.48, 318.961, 322.952, 296.567, 290.632, 289.525, 291.059, 290.511, 291.925, 291.46, 289.602, 291.853, 291.104, 290.558, 289.335, 293.22, 306.81, 290.963, 291.332, 290.553, 290.092, 290.807, 289.925, 290.873, 292.383, 290.581, 293.316, 292.158, 293.318, 292.513, 291.773, 290.558, 290.621, 290.131, 290.156, 289.531, 290.688, 290.735, 293.871, 290.281, 289.945, 290.591, 291.045, 290.516, 290.424, 289.635, 289.469, 289.868, 289.886, 291.482, 289.939, 291.039, 290.576, 290.793, 289.949, 289.602, 290.576, 289.216, 291, 290.648, 291.487, 291.133, 291.556, 290.259, 289.385, 289.651, 289.393, 292.005, 290.497, 290.581, 291.225, 289.862, 290.422, 289.329, 290.806, 289.709, 290.616, 289.692, 290.633, 289.48, 291.65, 290.462, 291.246, 289.346, 291.436, 290.535, 290.213, 290.476, 289.583, 290.214, 291.966, 
Time to set up datastructures: 9256.81ms
278.752, 277.976, 278.391, 279.075, 279.861, 278.833, 278.636, 279.515, 279.435, 287.027, 280.582, 278.112, 278.321, 278.902, 278.517, 279.077, 278.743, 279.132, 278.735, 279.075, 278.135, 278.312, 278.976, 279.245, 278.793, 278.484, 278.247, 278.5, 279.203, 278.955, 279.544, 279.143, 282.064, 279.237, 278.2, 278.244, 279.883, 278.247, 278.533, 278.913, 280.082, 280.667, 279.562, 278.28, 278.816, 279.236, 277.639, 279.305, 278.696, 279.078, 278.29, 278.53, 277.95, 278.887, 278.982, 277.626, 278.572, 277.607, 277.637, 277.822, 278.547, 277.863, 278.884, 278.613, 278.317, 277.832, 279.034, 278.447, 279.312, 279.292, 278.037, 277.814, 279.48, 279.94, 278.287, 278.992, 277.939, 278.885, 278.025, 279.574, 280.738, 278.216, 277.812, 278.076, 278.317, 278.495, 279.074, 277.605, 278.709, 278.549, 277.752, 277.537, 278.796, 279.326, 277.625, 277.875, 279.244, 279.549, 279.394, 278.025, 
Time to set up datastructures: 9244.07ms
270.077, 269.39, 269.143, 269.43, 268.726, 268.528, 269.062, 269.631, 268.931, 269.442, 269.427, 269.128, 268.484, 269.159, 270.048, 269.355, 268.398, 269.536, 269.664, 269.25, 268.96, 269.014, 269.641, 270.039, 268.773, 269.52, 270.827, 269.028, 269.521, 270.325, 269.182, 269.437, 269.996, 269.719, 268.17, 270.024, 268.736, 269.351, 276.996, 278.461, 269.194, 271.94, 269.702, 271.172, 272.73, 269.638, 273.245, 269.187, 269.034, 278.232, 280.089, 287.379, 287.36, 269.109, 268.707, 269.869, 269.157, 269.612, 268.635, 269.485, 270.133, 269.12, 269.269, 268.358, 269.137, 268.21, 270.039, 268.354, 268.665, 269.337, 269.953, 268.409, 268.334, 269.48, 268.182, 269.77, 268.327, 268.9, 269.511, 269.265, 269.422, 269.473, 268.724, 270.376, 268.535, 269.241, 268.526, 269.435, 269.895, 269.884, 269.43, 268.733, 273.671, 268.389, 268.448, 268.503, 269.219, 290.687, 289.514, 281.664, 
Time to set up datastructures: 9446.54ms
262.87, 263.889, 262.787, 262.708, 268.05, 262.32, 262.725, 263.019, 262.735, 263.009, 261.825, 261.525, 262.406, 262.796, 262.919, 261.984, 263.536, 264.365, 264.038, 263.358, 262.466, 262.821, 262.312, 262.675, 261.905, 262.745, 262.771, 262.69, 264.168, 261.623, 264.178, 262.55, 261.661, 262.334, 262.212, 264.036, 262.426, 262.174, 263.368, 262.978, 262.184, 261.947, 261.33, 262.31, 264.695, 261.922, 263.283, 262.605, 261.677, 262.696, 262.717, 261.999, 261.617, 263.452, 262.655, 262.69, 264.214, 262.861, 262.424, 263.177, 262.502, 263.089, 262.047, 261.928, 262.123, 262.502, 262.615, 261.495, 262.029, 262.34, 262.641, 261.304, 262.223, 261.936, 261.852, 262.526, 262.741, 266.764, 262.794, 261.448, 263.756, 263.582, 262.436, 261.289, 262.885, 262.436, 263.107, 262.466, 262.287, 261.453, 262.391, 262.544, 261.777, 261.673, 262.645, 261.312, 262.556, 262.928, 262.418, 262.18, 
Running TBB_graphs_6 implementation
Time to set up datastructures: 9168.85ms
262.806, 263.254, 262.725, 266.857, 284.46, 303.743, 261.595, 264.971, 261.514, 263.145, 263.076, 284.493, 267.608, 288.565, 284.59, 262.894, 261.479, 303.491, 301.197, 265.797, 286.151, 263.359, 263.206, 307.284, 284.67, 262.317, 310.944, 284.335, 262.301, 264.504, 282.545, 283.387, 284.305, 303.557, 267.306, 262.553, 261.738, 262.868, 261.299, 300.613, 262.592, 268.718, 308.86, 283.619, 263.812, 300.532, 262.614, 262.898, 268.372, 283.61, 262.88, 262.544, 282.395, 261.483, 284.557, 302.753, 262.667, 264.537, 283.001, 302.891, 262.324, 262.741, 265.267, 272.36, 261.935, 265.052, 289.397, 263.054, 262.434, 300.508, 261.204, 261.285, 260.483, 303.05, 262.645, 264.471, 264.346, 261.676, 301.259, 284.598, 257.306, 262.154, 300.634, 307.726, 263.538, 261.08, 262.313, 266.814, 262.308, 258.999, 267.026, 301.612, 263.354, 263.057, 284.19, 284.573, 267.231, 262.703, 266.371, 266.327, 
Time to set up datastructures: 9167.39ms
245.225, 244.689, 257.395, 270.877, 297.309, 296.395, 254.647, 283.596, 270.226, 245.166, 284.615, 297.605, 256.451, 270.861, 270.977, 254.356, 245.043, 255.327, 245.109, 269.12, 257.58, 244.931, 245.321, 285.341, 257.478, 284.128, 285.124, 245.005, 257.773, 245.338, 270.478, 270.018, 256.624, 271.663, 257.104, 245.265, 258.005, 283.799, 281.594, 252.856, 257.543, 246.482, 257.384, 284.415, 282.295, 245.07, 270.935, 245.28, 245.1, 253.72, 245.037, 245.192, 285.25, 245.204, 283.736, 255.071, 271.013, 267.431, 245.513, 257.252, 257.082, 270.683, 254.216, 257.88, 245.439, 281.988, 244.851, 246.457, 244.592, 244.632, 257.384, 245.359, 254.755, 255.061, 245.195, 253.968, 244.673, 245.952, 257.843, 245.457, 285.025, 253.354, 283.215, 244.688, 245.493, 244.434, 296.508, 257.036, 282.742, 245.108, 243.998, 245.31, 270.927, 271.358, 245.819, 266.455, 270.115, 271.323, 271.392, 258.372, 
Time to set up datastructures: 9143.84ms
241.445, 239.789, 239.417, 250.486, 241.047, 239.167, 241.152, 273.528, 261.234, 250.181, 262.277, 272.217, 240.842, 275.606, 273.462, 251.531, 273.659, 238.774, 274.621, 239.218, 239.008, 248.422, 274.236, 240.684, 239.272, 250.65, 239.772, 249.869, 251.668, 275.145, 274.32, 277.196, 239.528, 240.362, 262.222, 239.854, 241.123, 251.44, 239.422, 284.411, 250.44, 240.198, 261.508, 261.902, 240.778, 262.381, 251.885, 240.595, 250.715, 271.777, 262.724, 284.581, 260.786, 238.854, 262.183, 249.989, 240.905, 252.722, 239.677, 239.146, 272.787, 250.076, 273.241, 248.088, 240.06, 249.697, 283.822, 285.984, 262.303, 261.6, 241.163, 239.587, 239.235, 240.829, 261.158, 272.971, 241.14, 272.74, 241.694, 238.898, 261.74, 240.328, 251.172, 262.962, 273.939, 250.073, 260.795, 240.548, 239.082, 250.138, 273.896, 250.35, 240.525, 250.826, 239.27, 262.434, 273.283, 250.713, 239.915, 251.327, 
Time to set up datastructures: 9107.47ms
246.064, 255.147, 267.319, 270.927, 253.423, 257.894, 237.647, 237.926, 242.796, 231.32, 239.896, 246.414, 264.223, 264.112, 237.692, 233.294, 255.995, 237.206, 244.864, 233.664, 243.479, 236.76, 238.34, 255.527, 258.333, 234.573, 246.118, 237.096, 237.782, 238.769, 243.185, 265.014, 237.108, 233.956, 246.575, 264.908, 263.284, 237.338, 255.69, 233.99, 237.768, 274.751, 247.147, 233.626, 231.621, 233.705, 273.798, 246.794, 237.587, 245.979, 244.143, 246.051, 245.861, 237.746, 233.81, 264.317, 231.601, 255.079, 264.613, 234.229, 237.394, 237.839, 246.375, 255.489, 231.926, 237.972, 246.264, 258.526, 236.161, 246.481, 246.018, 246.446, 256.602, 238.009, 274.797, 264.795, 231.27, 233.594, 263.743, 233.119, 237.352, 238.02, 253.758, 234.157, 234.255, 246.45, 238.321, 266.782, 264.959, 233.902, 230.994, 264.762, 231.238, 245.249, 247.725, 245.018, 231.429, 237.622, 246.444, 260.577, 
Time to set up datastructures: 9109.48ms
260.932, 258.697, 239.668, 236.051, 265.748, 235.723, 257.098, 235.581, 241.768, 239.918, 235.63, 252.244, 232.576, 232.286, 258.637, 228.663, 238.543, 243.446, 258.754, 247.376, 257.97, 249.216, 246.406, 257.966, 240.33, 250.62, 256.624, 257.457, 235.677, 256.02, 233.393, 249.998, 235.841, 232.65, 235.724, 256.63, 228.133, 248.155, 232.412, 227.928, 256.127, 266.815, 241.794, 233.021, 233.286, 266.76, 235.9, 255.454, 234.301, 243.495, 235.103, 228.419, 227.764, 227.803, 232.203, 247.343, 244.262, 228.839, 238.44, 256.068, 227.864, 242.738, 241.786, 257.89, 233.678, 228.035, 252.455, 243.106, 243.176, 228.393, 240.281, 228.786, 258.082, 256.762, 248.504, 258.6, 266.728, 242.923, 236.276, 239.663, 242.905, 228.04, 234.179, 228.795, 231.832, 228.145, 239.513, 227.965, 232.453, 243.063, 242.936, 228.187, 242.756, 228.061, 250.089, 228.037, 227.758, 235.702, 242.935, 233.647, 
Running Threadpool_6 implementation
Time to set up datastructures: 9272.95ms
303.404, 305.04, 303.648, 303.916, 304.289, 302.64, 302.695, 303.941, 303.583, 302.185, 303.451, 303.622, 304.459, 303.73, 303.604, 304.601, 303.887, 302.696, 304.719, 303.59, 302.173, 303.685, 303.792, 304.862, 304.208, 303.462, 303.785, 303.926, 303.912, 304.613, 304.031, 302.394, 302.63, 303.601, 304.191, 302.292, 302.571, 303.048, 303.657, 303.706, 304.607, 302.25, 314.857, 303.639, 304.53, 304.989, 303.538, 307.37, 304.471, 305.262, 302.135, 302.348, 304.173, 305.938, 303.661, 303.381, 303.91, 302.227, 303.453, 303.539, 303.606, 303.979, 304.64, 302.572, 303.484, 303.752, 303.356, 302.496, 302.687, 304.171, 303.455, 305.148, 302.36, 303.693, 302.405, 302.624, 305.147, 304.917, 303.464, 302.639, 302.099, 303.637, 304.794, 304.635, 302.8, 302.588, 303.885, 303.45, 302.397, 303.553, 302.172, 303.661, 301.98, 302.45, 303.863, 304.123, 304.543, 302.37, 302.595, 303.83, 
Time to set up datastructures: 9270.73ms
285.267, 284.987, 286.216, 285.433, 284.609, 285.141, 285.605, 285.123, 285.13, 285.364, 285.59, 285.793, 285.691, 285.589, 285.505, 285.06, 285.497, 284.253, 285.829, 285.464, 285.342, 284.632, 285.2, 285.768, 285.894, 284.674, 284.995, 285.536, 285.46, 285.584, 285.885, 286.341, 285.573, 284.593, 285.426, 285.341, 285.318, 287.04, 286.095, 284.567, 284.984, 285.416, 285.551, 285.922, 285.633, 287.369, 284.836, 285.738, 285.826, 285.558, 285.478, 285.582, 285.686, 285.847, 284.495, 285.484, 286.187, 285.315, 286, 285.403, 285.476, 284.84, 284.84, 286.351, 285.158, 285.158, 284.893, 285.57, 285.375, 285.534, 284.677, 284.831, 286.017, 285.377, 284.326, 285.625, 285.589, 284.895, 285.686, 285.669, 287.245, 285.619, 285.233, 290.447, 286.835, 285.128, 285.663, 285.453, 285.331, 285.551, 284.25, 285.473, 285.814, 285.433, 286.438, 285.081, 285.721, 285.102, 285.649, 284.526, 
Time to set up datastructures: 9238.33ms
273.904, 274.058, 273.37, 273.419, 273.212, 273.589, 273.631, 273.931, 272.783, 274.025, 274.461, 273.117, 274.035, 272.99, 272.731, 273.701, 274.893, 273.116, 273.298, 272.923, 272.862, 273.578, 272.978, 272.768, 273.041, 272.509, 273.243, 273.57, 273.439, 273.625, 272.775, 274.005, 272.526, 273.397, 274.382, 273.016, 273.537, 273.812, 273.871, 273.28, 273.291, 274.077, 275.104, 272.234, 273.947, 273.488, 273.716, 273.741, 273.64, 273.24, 273.038, 273.543, 272.38, 273.298, 273.114, 273.412, 272.534, 275.117, 272.794, 272.632, 273.13, 273.479, 273.325, 274.512, 275.458, 272.291, 273.526, 273.16, 273.516, 273.447, 273.544, 274.414, 273.475, 273.405, 273.038, 272.542, 273.628, 273.237, 273.53, 272.737, 273.569, 275.589, 272.876, 273.67, 274.77, 273.423, 273.473, 273.801, 272.389, 277.791, 273.52, 273.532, 273.691, 275.198, 272.705, 272.675, 272.79, 272.573, 273.721, 273.793, 
Time to set up datastructures: 9285.89ms
263.44, 263.166, 264.37, 263.445, 263.283, 264.503, 263.914, 264.031, 265.521, 264.868, 265.032, 263.722, 263.506, 264.886, 263.541, 264.367, 264.346, 263.783, 263.475, 264.176, 263.943, 263.777, 263.509, 263.654, 263.461, 264.143, 263.639, 263.739, 263.67, 263.999, 263.854, 263.941, 263.58, 263.878, 263.942, 263.645, 263.917, 263.551, 263.848, 264.553, 264.965, 263.064, 263.905, 263.857, 263.876, 263.991, 264.284, 264.004, 263.979, 264.052, 263.402, 263.873, 263.443, 264.162, 263.958, 263.955, 263.836, 263.499, 264.143, 264.449, 263.79, 264.767, 263.554, 264.199, 264.261, 264.247, 264.177, 264.17, 263.808, 263.447, 264.004, 263.425, 263.385, 264.274, 264.061, 264.06, 264.231, 263.755, 263.119, 263.074, 263.896, 264.179, 264.374, 263.64, 263.945, 264.205, 264.332, 264.265, 263.601, 263.886, 263.799, 263.932, 263.8, 263.86, 263.836, 263.849, 263.778, 265.579, 263.554, 264.452, 
Time to set up datastructures: 9253.85ms
257.308, 257.065, 257.735, 257.12, 257.379, 256.727, 257.016, 256.83, 256.872, 257.743, 257.239, 257.022, 256.563, 257.133, 257.049, 257.255, 256.953, 257.271, 257.242, 257.896, 257.073, 257.113, 258.41, 257.65, 256.408, 256.364, 256.937, 256.79, 256.437, 257.025, 257.03, 257.793, 257.053, 257.048, 256.882, 256.59, 257.098, 256.76, 256.28, 256.311, 256.917, 257.166, 256.906, 256.694, 257.291, 257.423, 257.39, 256.728, 256.654, 257.125, 257.349, 257.009, 256.7, 258.839, 257.204, 257.609, 258.066, 256.822, 256.421, 257.23, 256.988, 257.081, 257.475, 257.685, 257.605, 257.062, 257.477, 257.742, 256.755, 257.018, 256.892, 256.367, 257.128, 256.253, 257.242, 256.65, 257.64, 256.877, 256.814, 257.042, 257.491, 256.702, 256.505, 256.322, 257.507, 256.504, 257.601, 256.615, 256.82, 258.371, 257.4, 256.829, 256.453, 257.618, 258, 256.569, 257.405, 257.385, 256.982, 257.17, 
Running TBB_graphs_7 implementation
Time to set up datastructures: 9168.05ms
262.991, 283.056, 283.473, 266.28, 297.539, 282.662, 297.61, 263.368, 264.877, 283.465, 264.286, 283.069, 264.517, 298.886, 297.727, 264.393, 263.784, 282.796, 296.452, 264.466, 264.528, 264.656, 263.124, 283.479, 269.021, 311.956, 262.735, 263.495, 283.905, 283.116, 299.25, 264.558, 283.202, 298.941, 266.567, 262.091, 265.007, 283.277, 294.9, 264.464, 265.031, 264.159, 283.457, 263.46, 263.616, 262.89, 264.68, 263.03, 269.225, 264.044, 264.002, 264.93, 283.235, 299.769, 264.104, 263.666, 264.7, 293.141, 264.651, 262.755, 263.978, 283.736, 282.517, 264.637, 298.671, 267.333, 264.539, 264.374, 263.4, 307.977, 283.49, 264.085, 263.215, 282.994, 266.149, 281.472, 262.774, 298.116, 264.862, 264.307, 283.304, 265.109, 268.568, 264.052, 283.157, 266.403, 308.591, 267.01, 282.888, 266.54, 283.448, 264.818, 293.229, 264.656, 307.71, 309.413, 264.176, 264.771, 264.376, 264.031, 
Time to set up datastructures: 9125.41ms
269.232, 255.256, 257.326, 247.624, 269.465, 247.22, 256.385, 294.092, 283.407, 284.03, 247.24, 245.954, 280.039, 258.368, 256.357, 247.066, 247.144, 247.04, 248.76, 246.882, 268.623, 280.543, 257.702, 280.635, 255.913, 246.697, 261.999, 247.041, 267.602, 246.785, 247.116, 279.406, 247.972, 246.783, 247.325, 258.294, 258.194, 280.454, 247.198, 278.321, 283.909, 247.104, 255.744, 255.386, 247.359, 247.882, 247.279, 246.966, 283.533, 258.288, 259.538, 258.419, 246.915, 283.823, 246.926, 246.786, 279.712, 246.284, 257.19, 258.139, 246.665, 246.784, 268.446, 246.076, 246.97, 246.9, 246.376, 268.613, 283.871, 281.031, 257.945, 247.499, 247.558, 282.101, 280.678, 271.101, 246.146, 254.964, 258.151, 247.562, 246.179, 247.873, 246.983, 246.826, 247.506, 247.102, 247.413, 253.84, 258.036, 260.438, 247.284, 246.999, 279.523, 247.101, 257.004, 246.333, 246.846, 247.338, 255.874, 280.437, 
Time to set up datastructures: 9135.23ms
241.807, 241.938, 242.22, 242.058, 244.291, 241.708, 278.199, 268.754, 242.88, 241.951, 241.382, 240.872, 241.685, 242.44, 251.297, 242.1, 242.878, 259.181, 241.381, 241.633, 259.442, 241.754, 259.684, 272.127, 250.673, 268.529, 242.276, 241.269, 240.89, 269.92, 251.608, 260.4, 251.361, 251.863, 263.773, 243.739, 241.869, 249.931, 248.498, 250.484, 251.717, 263.123, 250.947, 250.116, 269.409, 242.025, 241.784, 260.419, 268.453, 276.015, 241.604, 249.385, 260.231, 269.335, 241.167, 259.902, 251.336, 257.941, 260.564, 249.337, 241.604, 269.09, 241.002, 240.942, 241.241, 242.258, 241.092, 241.915, 250.683, 269.953, 242.02, 259.21, 242.656, 243.004, 257.151, 241.587, 254.368, 242.991, 267.22, 266.835, 251.268, 270.092, 241.333, 247.978, 268.886, 269.292, 251.424, 241.295, 248.166, 241.75, 249.883, 241.905, 268.903, 259.641, 250.916, 242.017, 241.333, 269.007, 241.784, 251.659, 
Time to set up datastructures: 9123.38ms
248.152, 235.447, 234.939, 266.563, 235.61, 245.801, 269.757, 235.538, 267.71, 246.319, 238.725, 235.397, 235.614, 235.424, 236.055, 237.253, 254.279, 236.166, 237.612, 253.445, 236.441, 237.257, 238.085, 258.641, 253.585, 253.521, 235.537, 235.709, 250.853, 235.661, 235.465, 243.406, 238.167, 236.116, 238.537, 266.179, 245.128, 260.469, 252.975, 245.84, 235.621, 261.059, 251.937, 260.036, 246.258, 235.534, 258.219, 237.769, 243.007, 236.222, 260.854, 267.944, 261.91, 241.25, 270.68, 239.148, 235.271, 236.9, 235.193, 246.265, 245.895, 258.41, 243.725, 259.318, 246.095, 238.721, 244.37, 234.722, 245.137, 253.793, 235.697, 251.004, 269.415, 237.229, 262.544, 252.624, 246.468, 269.417, 244.742, 263.153, 246.338, 236.233, 242.698, 268.86, 235.819, 243.722, 246.319, 253.748, 268.303, 245.591, 258.21, 248.965, 236.032, 234.794, 235.657, 253.834, 236.307, 250.993, 243.639, 238.632, 
Time to set up datastructures: 9136.86ms
235.42, 240.233, 229.279, 229.219, 234.41, 248.864, 237.224, 255.741, 250.934, 242.813, 235.676, 242.333, 236.276, 229.123, 235.735, 239.66, 229.417, 232.44, 248.659, 260.935, 252.409, 239.798, 228.789, 249.191, 247.063, 255.402, 236.811, 243.403, 229.076, 261.28, 238.883, 245.689, 228.758, 235.454, 243.003, 239.541, 230.386, 261.5, 255.518, 236.218, 239.625, 243.391, 235.847, 254.042, 264.251, 260.383, 229.139, 248.664, 255.593, 233.849, 235.647, 235.575, 254.161, 255.071, 229.049, 242.566, 257.232, 242.734, 228.97, 229.236, 233.49, 249.368, 234.145, 241.907, 247.984, 230.835, 240.667, 247.824, 247.874, 230.259, 260.051, 235.812, 229.406, 257.12, 229.435, 229.196, 228.807, 242.238, 230.415, 229.083, 248.769, 240.905, 255.307, 229.347, 241.273, 254.939, 256.531, 261.864, 242.77, 242.589, 248.563, 229.166, 235.942, 241.922, 242.55, 242.465, 236.088, 230.153, 230.304, 235.742, 
Running Threadpool_7 implementation
Time to set up datastructures: 9268.44ms
299.55, 300.009, 300.167, 300.076, 299.891, 301.241, 299.637, 301.363, 299.539, 299.895, 300.07, 300.411, 299.478, 300.219, 299.206, 299.658, 299.553, 298.683, 299.927, 299.465, 298.591, 299.877, 299.987, 298.722, 303.498, 299.577, 298.836, 299.493, 300.699, 299.798, 298.571, 301.178, 298.731, 301.446, 298.566, 300.213, 298.696, 300.087, 298.573, 298.638, 301.791, 298.924, 299.67, 299.624, 300.225, 299.822, 300.858, 299.395, 298.514, 299.685, 300.399, 299.562, 298.806, 299.677, 298.236, 299.923, 299.575, 299.826, 300.363, 300.755, 299.814, 299.509, 300.295, 298.756, 301.756, 299.539, 300.829, 300.182, 301.086, 299.805, 301.136, 299.088, 299.995, 299.82, 299.653, 300.374, 298.65, 300.051, 298.08, 302.243, 298.946, 299.544, 300.018, 299.571, 300.252, 300.294, 300.263, 299.668, 300.443, 298.868, 300.519, 300.823, 299.64, 298.687, 299.431, 298.533, 299.849, 299.905, 299.503, 300.194, 
Time to set up datastructures: 9251.68ms
281.114, 281.433, 281.553, 281.113, 280.962, 281.15, 280.774, 282.32, 280.356, 280.835, 280.239, 280.972, 281.883, 280.093, 280.46, 280.882, 281.087, 281.16, 281.263, 280.13, 280.8, 282.164, 281.097, 280.65, 281.352, 281.087, 281.057, 282.813, 280.232, 281.23, 281.377, 281.51, 282.628, 281.165, 280.989, 281.299, 281.938, 281.124, 282.086, 280.87, 281.011, 281.388, 280.888, 281.376, 281.43, 281.446, 280.796, 280.631, 282.511, 282.017, 281.737, 281.951, 281.73, 280.998, 280.306, 281.182, 281.032, 280.863, 282.07, 282.314, 282.305, 282.237, 281.163, 280.919, 281.214, 281.66, 280.934, 281.25, 280.883, 281.217, 280.947, 281.362, 280.559, 280.892, 281.211, 280.877, 281.19, 280.959, 280.735, 280.823, 281.53, 281.294, 282.518, 281.273, 281.156, 281.134, 280.516, 281.254, 280.791, 281.077, 280.873, 281.346, 281.658, 280.608, 280.603, 281.233, 282.609, 281.971, 281.202, 281.202, 
Time to set up datastructures: 9245.86ms
269.155, 269.28, 269.044, 269.335, 270.13, 270.75, 269.989, 269.527, 269.115, 268.498, 269.846, 269.282, 268.349, 269.571, 269.346, 269.835, 269.988, 268.813, 269.387, 270.567, 268.815, 269.71, 270.077, 268.613, 269.131, 269.789, 268.995, 268.623, 269.664, 269.656, 270.246, 269.47, 269.695, 268.872, 269.486, 269.199, 268.56, 269.699, 269.068, 270.611, 269.927, 269.418, 269.538, 269.769, 269.609, 269.087, 269.228, 270.411, 268.801, 268.622, 268.94, 270.273, 268.836, 269.004, 268.684, 268.627, 268.893, 269.194, 269.421, 269.019, 269.42, 273.23, 269.542, 269.636, 271.461, 269.785, 270.252, 268.703, 269.613, 268.694, 269.002, 269.608, 269.982, 268.835, 269.155, 269.545, 270.903, 268.584, 268.801, 269.122, 270.825, 268.976, 268.74, 268.748, 268.831, 268.717, 268.524, 269.363, 269.953, 268.795, 269.101, 269.479, 270.035, 269.218, 268.725, 269.464, 270.661, 269.691, 268.37, 268.87, 
Time to set up datastructures: 9262.49ms
258.919, 259.724, 259.979, 260.082, 259.511, 260.357, 260.407, 260.21, 259.848, 260.692, 260.226, 258.999, 259.531, 260.245, 260.457, 259.561, 260.298, 259.856, 259.532, 259.453, 259.749, 259.996, 259.24, 260.152, 259.252, 259.637, 259.729, 259.795, 259.891, 259.877, 258.938, 259.379, 259.261, 259.455, 259.711, 259.871, 259.719, 259.297, 261.206, 259.251, 259.522, 259.637, 259.848, 259.427, 259.796, 259.36, 259.727, 258.897, 259.923, 259.78, 260.182, 259.246, 259.223, 259.677, 260.08, 258.846, 259.82, 259.57, 260.872, 259.56, 259.486, 259.708, 259.498, 259.557, 259.656, 258.79, 260.809, 259.738, 259.225, 259.43, 259.528, 259.375, 259.357, 259.631, 259.223, 259.809, 261.554, 259.089, 259.718, 259.798, 259.692, 259.771, 259.088, 259.444, 260.556, 261.534, 259.968, 260.116, 259.426, 259.823, 259.879, 261.885, 258.758, 260.134, 261.855, 258.952, 259.663, 259.67, 259.893, 261.438, 
Time to set up datastructures: 9288.33ms
252.826, 252.735, 253.367, 253.44, 253.033, 253.771, 252.567, 253.258, 253.047, 252.419, 255.19, 252.829, 253.239, 253.609, 253.987, 253.637, 253.054, 252.711, 253.096, 253.117, 252.811, 252.701, 253.248, 253.536, 253.147, 252.959, 253.118, 252.859, 253.288, 254.819, 254.121, 253.28, 254.124, 253.422, 253.096, 253.041, 252.459, 253.782, 253.338, 253.466, 253.594, 253.698, 253.687, 253.457, 254.005, 255.248, 253.679, 254.203, 253.244, 253.036, 252.964, 252.816, 252.951, 252.672, 253.214, 253.043, 252.713, 253.619, 253.187, 253.444, 253.482, 254.08, 253.322, 253.325, 253.729, 253.425, 253.574, 252.957, 252.593, 253.109, 253.772, 253.503, 253.484, 252.87, 253.417, 253.422, 253.558, 252.566, 252.744, 253.33, 252.524, 253.314, 253.678, 253.583, 253.544, 253.059, 253.227, 252.877, 253.105, 255.151, 252.894, 253.395, 252.943, 253.294, 253.325, 253.728, 253.858, 254.816, 253.62, 252.618, 
Running TBB_graphs_8 implementation
Time to set up datastructures: 9139.01ms
264.658, 263.45, 295.508, 269.603, 270.273, 307.629, 293.406, 264.843, 264.438, 294.445, 281.695, 265.155, 264.494, 295.36, 265.429, 281.886, 265.244, 264.468, 264.489, 264.435, 265.796, 265.041, 264.676, 295.4, 264.884, 264.651, 265.286, 264.989, 264.546, 264.531, 280.734, 266.06, 293.227, 281.452, 264.86, 264.946, 264.556, 266.123, 268.433, 266.109, 264.594, 307.34, 265.029, 269.446, 264.853, 265.381, 295.752, 264.992, 264.281, 306.507, 266.058, 284.251, 264.925, 269.456, 264.17, 265.146, 279.99, 293.091, 265.76, 269.094, 268.986, 294.994, 295.562, 269.781, 264.962, 268.985, 307.45, 295.306, 295.498, 265.392, 295.001, 281.788, 266.124, 268.079, 264.507, 265.585, 306.832, 280.952, 269.724, 307.211, 265.993, 264.226, 264.669, 265.099, 293.063, 295.332, 264.865, 295.837, 264.954, 263.997, 264.549, 307.271, 270.197, 265.463, 266.155, 306.986, 270.445, 295.046, 269.996, 266.617, 
Time to set up datastructures: 9135.94ms
248.87, 248.091, 251.195, 259.112, 247.214, 248.285, 247.808, 250.325, 277.579, 247.534, 276.971, 263.549, 256.674, 248.549, 246.862, 248.539, 287.941, 247.192, 249.215, 247.271, 247.74, 282.879, 246.47, 247.794, 265.469, 277.665, 277.058, 247.969, 247.48, 257.361, 280.235, 276.664, 249.589, 249.63, 247.128, 246.929, 248.744, 267.046, 247.935, 247.814, 286.707, 258.309, 279.376, 263.663, 254.71, 276.946, 277.362, 248.257, 266.955, 258.265, 283.983, 268.224, 248.064, 247.556, 248.156, 250.065, 267.475, 277.396, 247.423, 247.401, 258.151, 247.846, 256.284, 247.017, 257.96, 266.587, 247.765, 261.066, 276.608, 286.758, 265.917, 247.471, 248.079, 246.262, 259.161, 283.94, 288.463, 247.365, 247.938, 249.101, 254.1, 255.214, 248.124, 247.369, 250.1, 247.622, 256.237, 260.681, 278.295, 247.449, 255.688, 256.8, 247.595, 247.366, 278.787, 249.541, 247.313, 248.475, 246.696, 277.899, 
Time to set up datastructures: 9147.49ms
275.201, 274.377, 257.789, 259.156, 241.938, 241.37, 273.385, 260.247, 266.189, 249.662, 247.283, 258.515, 242.339, 250.571, 242.064, 257.656, 241.418, 274.83, 250.925, 242.118, 242.647, 242.261, 266.396, 243.2, 241.652, 241.368, 258.858, 271.205, 240.966, 241.845, 241.866, 275.042, 242.008, 241.161, 266.611, 241.741, 247.569, 274.312, 242.515, 250.934, 271.924, 264.599, 241.834, 247.938, 249.14, 259.23, 241.73, 242.289, 258.009, 241.741, 257.146, 241.724, 241.542, 249.901, 250.359, 250.961, 273.912, 243.109, 250.854, 241.4, 241.334, 266.175, 257.393, 241.949, 258.346, 240.913, 241.796, 257.854, 251.982, 250.93, 249.686, 251.068, 241.695, 253.284, 242.152, 273.97, 241.069, 241.914, 251.076, 257.321, 258.788, 257.131, 247.013, 251.475, 251.041, 241.132, 266.248, 258.013, 266.595, 248.104, 265.751, 265.862, 240.94, 274.112, 242.27, 273.266, 242.255, 250.747, 265.914, 273.576, 
Time to set up datastructures: 9148.71ms
260.011, 239.044, 234.738, 235.112, 235.635, 264.926, 261.112, 240.493, 234.717, 236.636, 238.723, 235.459, 254.954, 236.471, 238.465, 255.718, 237.92, 238.11, 239.094, 237.17, 248.736, 259.133, 235.561, 251.604, 245.809, 235.23, 246.354, 235.821, 234.911, 245.522, 243.315, 257.557, 235.196, 235.683, 238.156, 237.113, 239.485, 254.475, 235.063, 244.745, 264.809, 238.024, 235.677, 234.845, 258.747, 245.565, 249.092, 236.24, 243.938, 235.41, 235.365, 245.236, 237.144, 264.719, 234.878, 244.773, 264.435, 235.144, 235.438, 235.231, 258.347, 244.358, 246.09, 237.898, 258.573, 245.941, 234.961, 235.291, 244.808, 237.297, 235.305, 243.9, 235.497, 245.357, 259.074, 265.708, 259.272, 247.793, 235.61, 235.289, 242.93, 245.418, 249.858, 235.257, 238.283, 238.571, 238.833, 258.389, 257.609, 238.358, 235.643, 259.922, 234.722, 236.582, 238.211, 235.379, 255.51, 263.956, 257.01, 238.507, 
Time to set up datastructures: 9129.08ms
229.345, 228.987, 235.19, 229.63, 231.259, 229.795, 229.185, 241.404, 235.346, 235.189, 235.778, 229.665, 235.308, 240.825, 250.565, 231.147, 246.233, 241.938, 252.394, 249.487, 253.164, 240.588, 229.868, 228.898, 240.741, 229.602, 229.036, 235.511, 237.928, 229.514, 241.261, 230.534, 255.011, 258.333, 237.857, 258.403, 229.588, 242.015, 229.684, 249.882, 248.308, 258.872, 244.431, 255.535, 245.751, 274.522, 241.549, 242.552, 266.26, 242.275, 266.044, 244.833, 246.004, 258.756, 235.659, 235.366, 246.35, 250.835, 247.469, 252.18, 251.079, 241.215, 232.478, 231.319, 251.751, 245.419, 234.135, 230.725, 255.393, 236.887, 249.606, 229.485, 228.871, 229.295, 236.683, 234.52, 243.651, 253.146, 229.733, 253.643, 235.641, 241.067, 247.305, 233.856, 230.618, 258.862, 246.135, 243.813, 248.343, 238.284, 237.699, 255.716, 230.333, 235.063, 256.926, 249.76, 229.202, 233.482, 231.126, 234.323, 
Running Threadpool_8 implementation
Time to set up datastructures: 9280.9ms
295.69, 295.789, 297.727, 296.408, 296.222, 296.138, 294.447, 295.96, 296.76, 294.565, 295.968, 295.911, 295.321, 295.478, 296.546, 296.147, 295.229, 296.066, 297.435, 295.91, 294.983, 295.914, 295.761, 294.714, 296.475, 296.267, 294.411, 294.826, 296.18, 296.712, 295.905, 296.082, 294.743, 296.929, 295.31, 296.398, 296.213, 294.892, 295.49, 295.44, 296.55, 295.953, 295.854, 296.453, 294.781, 296.197, 295.92, 296.187, 295.969, 297.01, 297.771, 297.555, 296.115, 296.932, 297.454, 296.147, 295.665, 294.413, 295.064, 295.597, 294.292, 295.962, 294.794, 295.49, 297.56, 296.732, 294.916, 296.004, 295.973, 295.492, 296.16, 295.447, 295.068, 296.626, 296.443, 295.62, 295.311, 295.628, 295.965, 295.746, 296.812, 294.593, 296.002, 295.871, 295.074, 295.911, 295.66, 296.349, 296.571, 296.618, 296.512, 296.141, 297.76, 295.694, 295.433, 295.339, 297.262, 296.98, 294.729, 294.881, 
Time to set up datastructures: 9291.64ms
276.833, 276.804, 277.141, 278.004, 279.041, 276.768, 276.921, 277.736, 277.89, 276.926, 277.446, 276.935, 279.215, 277.259, 277.711, 277.463, 278.365, 277.581, 276.976, 277.721, 276.256, 278.036, 278.851, 277.067, 277.264, 276.616, 276.942, 276.918, 277.066, 276.963, 277.211, 277.157, 276.973, 277.66, 277.503, 277.406, 276.874, 276.628, 277.848, 276.815, 277.042, 278.922, 277.789, 277.841, 277.75, 277.958, 277.968, 277.428, 277.948, 278.028, 276.043, 277.085, 277.227, 277.102, 277.215, 276.814, 277.008, 278.008, 276.944, 278.692, 276.99, 277.993, 277.757, 277.85, 277.223, 277.041, 277.234, 276.245, 276.893, 277.23, 276.968, 277.331, 276.716, 277.079, 276.839, 275.996, 277.903, 277.049, 276.986, 277.374, 277.75, 277.231, 276.961, 277.25, 277.538, 277.057, 277.798, 278.253, 277.075, 277.245, 276.939, 278.305, 277.377, 277.003, 277.082, 277.241, 277.172, 276.919, 277.265, 276.948, 
Time to set up datastructures: 9247.91ms
265.267, 264.997, 265.324, 265.324, 265.669, 264.807, 264.514, 264.923, 266.209, 266.116, 265.229, 264.381, 265.137, 265.007, 264.738, 265.384, 265.313, 265.156, 264.654, 265.947, 265.762, 266.236, 265.633, 265.935, 264.556, 266.237, 265.378, 265.095, 265.874, 265.179, 265.268, 265.061, 264.662, 265.223, 265.297, 265.858, 265.187, 265.276, 265.823, 264.527, 265.714, 264.455, 265.329, 266.16, 265.031, 265.09, 265.327, 264.925, 265.187, 265.067, 264.26, 265.74, 265.473, 265.426, 264.861, 266.179, 266.074, 264.841, 264.765, 266.323, 265.528, 265.172, 266.181, 265.316, 265.164, 266.066, 265.332, 264.492, 265.162, 265.275, 265.852, 265.233, 266.02, 264.454, 264.46, 264.868, 265.021, 264.933, 265.143, 264.683, 265.131, 265.559, 265.068, 265.423, 266.148, 265.609, 265.499, 265.926, 264.321, 265.201, 265.153, 267.886, 267.181, 264.872, 265.172, 266.097, 266.169, 265.767, 264.892, 265.068, 
Time to set up datastructures: 9246.86ms
255.981, 256.347, 256.642, 256.365, 257.069, 256.22, 256.384, 255.55, 255.964, 256.741, 255.802, 256.33, 255.689, 256.354, 255.875, 256.397, 257.256, 256.589, 256.069, 257.62, 255.504, 257.331, 255.877, 256.13, 256.13, 256.324, 255.883, 256.606, 256.168, 256.29, 255.547, 256.029, 256.41, 255.871, 256.235, 255.57, 255.949, 256.308, 256.827, 256.771, 256.205, 256.251, 256.562, 256.31, 256.068, 255.621, 258.241, 256.344, 256.305, 256.014, 256.85, 257.071, 256.347, 256.337, 256.334, 258.139, 256.705, 255.93, 257.766, 255.898, 256.486, 255.823, 256.395, 256.387, 255.932, 256.837, 256.069, 256.297, 256.36, 255.882, 256.407, 255.438, 256.045, 256.542, 256.666, 257.004, 257.226, 256.086, 256.422, 256.168, 256.645, 256.332, 257.083, 256.616, 256.625, 257.712, 256.369, 256.572, 256.841, 256.972, 256.721, 256.708, 257.045, 256.961, 256.429, 257.13, 256.93, 256.374, 256.773, 257.169, 
Time to set up datastructures: 9248.49ms
249.71, 250.638, 250.996, 250.388, 250.352, 250.386, 250.327, 250.072, 250.736, 250.256, 251.012, 249.918, 250.503, 249.96, 250.412, 249.907, 250.244, 250.347, 250.592, 249.719, 250.496, 250.909, 250.288, 250.855, 250.093, 250.79, 250.527, 250.383, 250.009, 250.396, 250.118, 250.437, 249.933, 249.536, 250.476, 249.643, 250.478, 250.44, 250.578, 250.869, 249.745, 250.448, 250.41, 250.097, 250.507, 250.372, 250.068, 250.348, 250.774, 249.747, 251.303, 249.946, 251.056, 250.579, 250.72, 250.754, 250.153, 250.031, 250.489, 250.592, 249.518, 250.472, 250.801, 250.293, 250.24, 249.926, 251.892, 250.889, 250.867, 250.264, 250.594, 251.405, 250.16, 250.169, 250.294, 251.144, 250.371, 250.695, 250.413, 249.749, 250.396, 250.649, 250.656, 250.654, 252.477, 250.851, 251.048, 250.92, 250.291, 249.925, 250.37, 251.439, 252.281, 250.095, 250.305, 250.388, 249.655, 252.02, 249.942, 249.928, 
Running TBB_graphs_9 implementation
Time to set up datastructures: 9151ms
262.252, 267.291, 295.184, 290.341, 279.809, 263.177, 296.501, 263.732, 261.727, 263.086, 284.079, 262.594, 261.814, 262.13, 293.036, 264.498, 262.289, 261.688, 293.754, 302.803, 302.253, 302.246, 262.851, 262.854, 263.134, 269.343, 280.27, 296.259, 269.275, 261.846, 262.317, 292.778, 261.533, 269.349, 290.208, 291.388, 262.214, 262.775, 263.801, 274.299, 276.994, 261.574, 264.331, 262.503, 262.644, 268.001, 303.536, 267.719, 293.488, 295.232, 261.873, 262.69, 292.642, 291.387, 261.57, 279.673, 263.604, 261.595, 267.398, 271.589, 270.651, 261.975, 273.273, 261.634, 261.675, 293.013, 261.433, 283.803, 261.872, 291.529, 301.897, 278.549, 261.435, 269.375, 301.926, 263.078, 266.078, 262.41, 282.006, 271.734, 262.788, 261.495, 296.953, 280.957, 292.174, 261.921, 293.654, 262.903, 261.769, 269.252, 261.269, 261.663, 266.096, 281.151, 262.927, 261.346, 270.297, 266.339, 262.813, 261.369, 
Time to set up datastructures: 9122.75ms
256.706, 247.795, 247.528, 282.209, 265.298, 266.622, 275.152, 247.505, 247.84, 246.701, 246.989, 246.768, 246.999, 248.46, 247.351, 255.879, 246.877, 247.323, 251.475, 247.343, 246.814, 246.961, 273.055, 264.313, 272.639, 247.559, 247.187, 254.751, 247.802, 281.296, 261.159, 248.023, 248.415, 246.964, 256.082, 248.283, 266.165, 247.361, 247.491, 248.005, 255.888, 282.59, 263.112, 247.874, 264.444, 247.975, 256.298, 278.563, 257.491, 274.65, 247.094, 273.809, 247.043, 283.74, 258.206, 251.414, 257.234, 246.801, 247.67, 247.464, 247.537, 255.335, 281.97, 246.588, 248.237, 247.184, 258.764, 247.786, 247.663, 265.8, 273.413, 247.256, 265.962, 274.216, 273.716, 260.976, 247.132, 265.963, 247.217, 254.072, 247.382, 251.583, 254.77, 247.576, 256.224, 247.776, 281.888, 263.197, 247.577, 247.551, 274.788, 265.577, 272.834, 265.619, 247.132, 272.958, 281.93, 277.663, 275.061, 247.657, 
Time to set up datastructures: 9151.21ms
249.957, 243.592, 251.475, 250.457, 259.396, 239.841, 249.773, 248.818, 271.811, 239.815, 246.45, 270.139, 240.106, 263.34, 240.054, 239.542, 251.182, 240.172, 252.235, 261.467, 256.285, 240.089, 249.694, 241.575, 239.945, 268.872, 245.91, 253.223, 244.038, 259.246, 250.203, 240.124, 258.515, 249.839, 253.24, 239.696, 258.605, 270.629, 242.243, 239.791, 249.928, 239.363, 239.493, 239.628, 263.688, 242.389, 242.171, 257.424, 241.235, 270.499, 250.51, 242.16, 239.687, 239.636, 239.35, 266.108, 250.239, 241.761, 270.32, 252.683, 240.17, 250.071, 240.143, 252.389, 244.607, 250.164, 271.396, 250.906, 239.31, 254.802, 250.256, 247.89, 240.198, 239.24, 239.665, 239.73, 253.75, 239.878, 239.489, 239.915, 239.682, 260.459, 239.699, 274.634, 252.646, 251.357, 255.494, 263.514, 239.946, 247.78, 239.569, 256.146, 239.823, 239.527, 242.125, 250.179, 250.45, 239.882, 239.841, 250.315, 
Time to set up datastructures: 9137.22ms
238.825, 233.7, 233.219, 235.764, 235.779, 233.484, 237.021, 245.115, 233.845, 233.888, 243.95, 251.879, 254.857, 233.298, 261.202, 233.867, 240.156, 256.623, 244.862, 233.308, 235.258, 243.503, 244.379, 247.461, 232.841, 244.013, 236.439, 259.983, 241.951, 233.917, 246.294, 250.506, 238.15, 233.336, 242.428, 233.376, 233.483, 233.062, 242.521, 233.658, 233.374, 233.44, 260.071, 233.595, 249.151, 233.576, 232.961, 233.415, 244.068, 255.945, 256.229, 236.324, 236.037, 243.886, 260.434, 248.232, 236.039, 233.358, 256.475, 233.386, 233.773, 256.252, 257.059, 239.006, 256.511, 243.916, 237.694, 249.807, 233.198, 233.495, 233.485, 233.174, 233.512, 233.196, 252.949, 237.78, 236.471, 256.387, 233.906, 233.882, 232.921, 255.757, 242.409, 237.581, 233.322, 257.194, 234.131, 235.878, 237.435, 237.195, 262.121, 233.988, 257.415, 237.982, 244.226, 252.356, 234.296, 254.495, 243.409, 236.218, 
Time to set up datastructures: 9167.79ms
252.738, 229.683, 246.247, 253.694, 241.388, 234.725, 229.746, 248.734, 238.5, 242.592, 240.303, 239.534, 233.615, 253.887, 246.099, 240.616, 243.67, 229.438, 232.664, 251.819, 251.567, 245.752, 240.063, 250.066, 229.997, 234.044, 255.605, 254.503, 230.011, 240.051, 246.626, 250.262, 234.841, 255.394, 233.57, 244.516, 244.842, 240.215, 237.435, 240.299, 229.781, 238.615, 233.746, 229.382, 240.123, 250.164, 248.239, 240.799, 248.242, 233.772, 240.779, 238.501, 229.608, 229.077, 253.588, 233.399, 255.775, 234.616, 237.031, 247.445, 248.17, 256.478, 244.734, 233.36, 254.953, 241.436, 238.071, 233.953, 229.474, 256.069, 229.741, 239.947, 229.89, 249.579, 235.053, 235.047, 240.655, 247.145, 243.755, 229.192, 232.427, 228.982, 229.431, 250.315, 229.294, 228.932, 251.125, 229.855, 235.191, 237.686, 232.566, 256.555, 229.775, 229.295, 240.774, 244.44, 250.831, 241.165, 229.299, 255.569, 
Running Threadpool_9 implementation
Time to set up datastructures: 9299.63ms
292.725, 292.108, 292.155, 293.044, 291.887, 291.731, 292.019, 292.184, 291.998, 291.474, 291.812, 292.407, 292, 292.114, 292.046, 292.016, 291.344, 292.534, 292.156, 291.864, 291.774, 292.112, 291.24, 292.648, 291.836, 292.344, 291.944, 291.864, 292.007, 291.943, 292.098, 293.122, 291.788, 291.18, 294.194, 292.384, 293.216, 292.283, 291.924, 291.73, 291.958, 292.817, 292.368, 291.812, 291.447, 292.399, 291.655, 291.983, 292.174, 293.619, 292.198, 292.521, 291.827, 292.053, 292.118, 292.142, 292.186, 292.005, 291.961, 291.985, 291.672, 292.196, 292.145, 291.576, 292.44, 293.524, 291.129, 292.245, 291.884, 292.019, 292.066, 292.08, 291.523, 292.712, 291.885, 293.28, 292.591, 292.911, 293.953, 291.351, 292.133, 291.683, 291.931, 292.058, 292.274, 292.223, 291.528, 292.465, 292.011, 291.652, 292.709, 291.151, 292.563, 293.689, 292.389, 292.219, 292.867, 292.088, 292.104, 292.048, 
Time to set up datastructures: 9276.8ms
275.204, 274.837, 274.314, 274.912, 273.877, 274.609, 274.115, 274.375, 274.001, 274.176, 275.296, 274.919, 275.829, 274.19, 274.279, 273.711, 274.576, 274.636, 274.028, 274.431, 274.36, 273.645, 274.441, 274.321, 274.553, 274.578, 274.13, 274.443, 274.079, 275.051, 274.285, 274.779, 275.204, 274.217, 273.285, 273.623, 273.604, 273.708, 273.551, 274.493, 274.378, 274.077, 273.564, 274.491, 273.461, 273.759, 274.391, 276.339, 274.244, 273.635, 273.662, 274.692, 274.377, 274.381, 273.888, 273.448, 273.7, 273.469, 273.17, 273.346, 273.856, 273.948, 273.528, 273.824, 273.454, 273.593, 273.794, 274.847, 273.837, 273.617, 273.768, 273.716, 273.632, 273.729, 274.706, 273.633, 274.501, 274.509, 276.121, 274.969, 273.804, 273.421, 274.587, 273.744, 273.557, 273.643, 273.848, 273.763, 273.738, 274.085, 274.008, 274.793, 273.67, 275.489, 274.153, 274.47, 274.527, 273.978, 274.287, 274.43, 
Time to set up datastructures: 9268.32ms
263.374, 262.786, 261.956, 262.139, 262.778, 262.998, 263.238, 264.01, 263.428, 262.288, 261.901, 262.481, 261.581, 262.776, 263.306, 262.239, 262.147, 261.939, 261.47, 262.212, 262.253, 262.738, 262.252, 262.114, 262.102, 262.239, 262.081, 262.269, 261.451, 262.054, 262.265, 262.177, 261.976, 263.895, 262.131, 263.046, 262.817, 262.742, 262.164, 262.593, 262.239, 262.089, 262.012, 262.14, 262.075, 262.117, 262.366, 262.256, 262.713, 262.262, 262.631, 262.286, 262.717, 263.198, 261.998, 262.542, 262.161, 261.716, 263.106, 262.171, 262.1, 262.347, 262.507, 261.588, 262.102, 263.377, 262.261, 262.616, 263.095, 262.48, 262.138, 261.465, 262.154, 261.828, 262.395, 262.546, 262.127, 261.873, 262.115, 262.12, 261.857, 263.75, 262.324, 261.995, 262.31, 262.013, 262.009, 262.099, 264.052, 262.814, 262.139, 262.479, 262.341, 262.058, 262.251, 262.287, 262.444, 262.244, 262.092, 262.266, 
Time to set up datastructures: 9280.69ms
253.765, 253.845, 254.218, 254.087, 253.979, 253.641, 253.684, 253.149, 253.695, 253.605, 253.746, 253.711, 255.094, 254.434, 255.231, 253.921, 253.586, 253.249, 253.578, 253.772, 253.504, 253.965, 253.918, 253.615, 253.834, 253.258, 253.608, 253.682, 255.078, 253.723, 253.406, 254.546, 253.031, 254.021, 253.454, 254.102, 253.66, 253.106, 253.686, 253.634, 253.486, 253.688, 253.68, 254.143, 253.531, 254.227, 254.122, 253.996, 253.619, 253.637, 253.548, 253.674, 253.516, 253.791, 253.538, 253.675, 253.689, 253.826, 253.352, 253.972, 253.902, 253.982, 253.699, 253.551, 253.901, 253.355, 255.379, 254.402, 253.682, 254.068, 253.621, 253.843, 253.356, 255.223, 253.189, 254.16, 255.525, 253.12, 255.901, 253.574, 253.591, 253.533, 252.983, 253.663, 253.651, 253.534, 253.15, 253.609, 253.071, 253.578, 253.81, 253.507, 255.265, 254.845, 253.638, 253.553, 253.535, 253.626, 253.655, 253.865, 
Time to set up datastructures: 9271.35ms
249.722, 248.769, 248.349, 247.989, 248.078, 247.793, 248.064, 248.097, 247.75, 247.691, 247.949, 247.869, 248.117, 248.08, 247.928, 247.985, 248.014, 248.103, 247.779, 247.877, 247.873, 247.788, 247.562, 248.673, 248.261, 248.125, 249.572, 248.163, 247.783, 247.938, 248.05, 248.354, 247.944, 248.121, 253.425, 249.084, 248.045, 248.359, 249.745, 250.03, 247.971, 249.487, 249.478, 248.296, 248.038, 247.943, 248.071, 247.909, 249.171, 248.003, 253.24, 248.44, 248.525, 247.799, 249.621, 248.296, 249.315, 247.995, 248.075, 247.847, 248.837, 247.978, 248.028, 248.127, 248.382, 247.599, 247.89, 247.856, 248.046, 249.619, 247.896, 249.704, 247.764, 248.196, 247.912, 248.775, 247.923, 247.808, 247.497, 248.143, 247.812, 248.154, 247.521, 248.592, 247.558, 247.881, 247.79, 248.575, 247.367, 248.202, 247.626, 247.949, 248.052, 248.066, 247.936, 248.17, 248.72, 248.01, 247.554, 247.962, 
Running TBB_graphs_10 implementation
Time to set up datastructures: 9145.04ms
259.333, 287.048, 260.37, 260.476, 260.134, 291.871, 260.322, 260.316, 258.403, 300.551, 298.16, 279.916, 260.286, 274.281, 263.277, 260.846, 261.081, 260.553, 260.687, 279.362, 260.203, 275.498, 272.797, 291.349, 300.325, 260.635, 289.591, 260.43, 259.816, 279.094, 269.498, 262.631, 260.206, 277.419, 284.484, 260.482, 260.344, 267.779, 261.505, 274.26, 260.799, 273.868, 300.962, 260.899, 259.395, 281.462, 290.064, 298.57, 259.226, 260.207, 278.333, 261.121, 260.046, 260.227, 279.252, 259.864, 260.507, 260.132, 260.026, 260.129, 267.124, 266.172, 261.056, 277.05, 260.639, 260.643, 295.712, 260.685, 269.99, 292.503, 259.293, 297.371, 260.448, 296.769, 297.913, 260.644, 260.127, 298.439, 268.73, 259.23, 263.239, 259.474, 268.044, 259.507, 278.832, 260.196, 289.072, 298.603, 260.483, 260.647, 260.371, 261.986, 258.511, 260.445, 260.304, 280.298, 297.857, 260.713, 260.04, 260.252, 
Time to set up datastructures: 9164.16ms
260.872, 256.824, 246.407, 246.981, 246.174, 270.297, 262.167, 277.976, 254.741, 254.124, 246.494, 246.893, 264.802, 246.149, 252.511, 246.779, 256.167, 247.186, 246.444, 247.432, 247.634, 247.499, 246.338, 245.942, 247.043, 278.941, 265.646, 280.243, 247.936, 246.324, 247.384, 275.091, 256.394, 263.386, 246.614, 254.469, 246.838, 246.367, 246.97, 256.196, 263.319, 272, 247.494, 265.752, 248.11, 246.439, 271.033, 254.974, 276.903, 254.094, 246.656, 246.631, 257.048, 247.647, 264.266, 251.285, 257.38, 246.405, 252.959, 268.456, 246.61, 246.129, 275.125, 247.738, 272.767, 246.282, 280.7, 246.323, 246.727, 246.616, 247.779, 248.955, 263.643, 246.417, 245.86, 246.373, 246.775, 246.045, 269.475, 280.102, 256.458, 246.683, 255.106, 263.432, 246.797, 246.055, 261.581, 258.229, 256.468, 265.39, 246.639, 246.075, 246.165, 256.448, 246.27, 271.205, 264.692, 246.521, 266.362, 255.2, 
Time to set up datastructures: 9141.29ms
238.986, 246.449, 265.649, 245.67, 249.629, 238.458, 254.426, 241.674, 243.96, 238.619, 261.947, 238.536, 258.619, 267.719, 240.543, 238.382, 261.873, 238.219, 238.828, 241.759, 264.668, 244.527, 255.639, 245.283, 238.606, 241.064, 245.396, 251.957, 238.803, 260.503, 252.157, 238.684, 241.736, 265.339, 238.815, 238.722, 240.998, 257.016, 266.146, 238.705, 238.158, 245.66, 240.203, 261.989, 258.887, 241.838, 248.532, 269.17, 238.232, 268.713, 238.485, 264.243, 238.381, 241.96, 262.542, 238.372, 242.173, 253.188, 238.431, 255.91, 266.822, 240.054, 240.447, 245.976, 240.89, 249.415, 246.977, 249.03, 238.476, 250.14, 238.374, 239.536, 238.194, 259.638, 248.997, 241.782, 254.642, 238.562, 247.564, 242.464, 255.588, 244.156, 238.951, 250.155, 238.464, 243.31, 238.78, 254.39, 251.482, 239.152, 238.912, 248.492, 245.873, 258.18, 247.059, 265.399, 239.13, 247.245, 253.806, 239.037, 
Time to set up datastructures: 9111.99ms
232.284, 240.599, 252.709, 239.958, 253.584, 248.619, 235.663, 249.295, 257.164, 232.452, 242.772, 232.61, 236.057, 252.204, 232.21, 236.57, 243.216, 232.508, 254.344, 246.182, 232.404, 232.203, 232.129, 251.012, 236.211, 246.894, 232.218, 232.208, 259.847, 256.124, 232.216, 232.211, 232.546, 260.602, 243.914, 253.813, 255.338, 248.644, 243.469, 261.705, 255.172, 243.061, 248.065, 245.545, 236.506, 237.878, 251.97, 246.775, 237.181, 237.573, 253.481, 237.209, 245.71, 248.475, 242.332, 235.313, 236.765, 232.392, 236.637, 251.3, 247.734, 233.195, 237.838, 247.591, 239.561, 240.513, 232.552, 232.201, 235.579, 248.58, 232.38, 247.444, 237.913, 232.44, 241.436, 243.263, 241.721, 260.469, 232.506, 232.35, 242.919, 232.584, 232.157, 259.753, 248.279, 245.607, 240.92, 232.75, 257.416, 242.554, 232.24, 235.178, 241.57, 232.066, 242.596, 254.547, 232.319, 250.575, 232.483, 242.264, 
Time to set up datastructures: 9109.64ms
228.703, 228.612, 243.891, 229.12, 239.22, 229.067, 253.273, 233.985, 235.853, 238.284, 239.431, 241.623, 238.562, 229.248, 240.466, 240.494, 237.89, 228.79, 252.855, 233.871, 242.68, 233.078, 238.835, 251.587, 253.117, 234.153, 239.956, 237.859, 234.659, 233.508, 251.516, 234.892, 229.195, 230.541, 233.507, 231.025, 235.801, 233.183, 248.502, 238.422, 230.057, 248.625, 247.199, 249.636, 230.805, 237.53, 239.429, 232.485, 231.464, 241.995, 235.301, 230.838, 230.69, 254.85, 229.074, 229.023, 229.349, 229.715, 235.413, 229.064, 233.805, 238.225, 243.052, 239.463, 235.236, 229.59, 253.203, 229.103, 230.837, 239.519, 228.755, 239.86, 246.19, 229.271, 238.644, 228.83, 241.653, 228.941, 252.694, 233.941, 229.418, 239.363, 253.398, 229.188, 228.839, 234.08, 248.258, 234.266, 228.772, 228.766, 234.247, 229.23, 228.606, 231.285, 232.551, 252.361, 229.034, 228.925, 233.556, 240.281, 
Running Threadpool_10 implementation
Time to set up datastructures: 9273.82ms
288.93, 291.634, 289.633, 289.85, 289.408, 288.174, 290.87, 289.893, 288.546, 290.591, 290.626, 289.602, 290.646, 289.221, 289.017, 289.825, 290.466, 289.521, 290.901, 289.236, 291.004, 289.104, 289.683, 290.216, 291.211, 289.6, 291.947, 291.527, 289.368, 290.777, 289.399, 290.328, 289.444, 289.924, 290.361, 290.078, 289.375, 290.154, 289.142, 289.787, 290.994, 290.833, 289.477, 291.785, 290.689, 289.422, 290.763, 289.363, 287.933, 289.503, 288.764, 290.343, 289.399, 290.38, 291.481, 289.391, 289.782, 289.483, 292.096, 289.145, 290.424, 290.681, 289.214, 289.52, 289.297, 289.177, 290.169, 290.288, 290.162, 289.289, 288.146, 290.353, 292.21, 289.1, 291.289, 289.238, 288.608, 289.872, 289.559, 289.433, 290.412, 290.401, 289.599, 289.116, 289.246, 290.29, 290.72, 292.603, 290.119, 289.998, 288.64, 289.585, 289.766, 289.42, 290.562, 289.255, 290.996, 289.319, 291.84, 291.432, 
Time to set up datastructures: 9251.81ms
272.197, 272.307, 272.326, 271.985, 271.935, 271.622, 272.299, 270.965, 272.257, 272.221, 270.985, 271.111, 272.42, 271.726, 272.262, 271.487, 271.787, 272.377, 270.628, 272.231, 271.127, 270.877, 270.848, 271.241, 271.41, 271.041, 271.153, 271.696, 271.798, 272.751, 271.579, 272.082, 272.281, 271.792, 271.875, 272.191, 271.99, 272.195, 272.372, 271.185, 271.267, 271.062, 271.832, 272.586, 271.71, 272.331, 271.235, 271.191, 271.362, 271.112, 272.358, 271.49, 272.059, 271.475, 272.02, 271.791, 271.372, 271.269, 272.406, 272.151, 272.382, 271.974, 271.933, 271.679, 271.54, 272.941, 272.127, 272.952, 271.986, 271.299, 271.827, 272.442, 271.711, 271.927, 272.619, 271.99, 272.301, 271.036, 271.026, 272.289, 272.808, 273.456, 271.047, 271.313, 271.07, 271.105, 270.567, 270.706, 272.177, 272.189, 271.185, 271.541, 271.953, 270.345, 271.376, 271.403, 272.153, 272.107, 271.769, 271.151, 
Time to set up datastructures: 9256.31ms
259.896, 259.923, 260.448, 260.709, 259.84, 259.829, 259.932, 259.871, 259.86, 260.298, 260.794, 260.74, 260.144, 260.138, 259.824, 259.467, 259.343, 259.988, 260.088, 259.878, 260.111, 259.118, 260.566, 260.28, 259.964, 259.79, 259.937, 259.776, 259.868, 260.043, 260.593, 260.517, 259.656, 260.585, 259.625, 260.752, 260.041, 261.122, 260.425, 259.842, 261, 261.242, 261.019, 260.244, 259.908, 259.981, 260.234, 260.523, 260.034, 260.38, 260.582, 259.788, 260.759, 261.19, 260.581, 259.65, 261.087, 260.777, 260.446, 259.13, 260.769, 260.972, 259.799, 260.665, 261.147, 260.204, 259.795, 259.944, 259.915, 260.184, 260.843, 260.862, 261.057, 261.223, 261.506, 260.643, 259.957, 260.913, 260.763, 259.961, 259.863, 260.174, 260.559, 259.997, 259.854, 260.121, 260.168, 260.618, 260.539, 260.155, 260.702, 259.802, 260.245, 259.68, 260.863, 261.117, 260.689, 259.823, 260.814, 261.074, 
Time to set up datastructures: 9302.61ms
251.525, 251.794, 251.707, 252.005, 250.996, 251.365, 251.803, 252.216, 252.149, 251.693, 251.462, 251.645, 251.795, 251.934, 251.565, 251.211, 251.759, 251.818, 251.737, 251.978, 251.87, 252.335, 251.831, 254.211, 252.004, 251.552, 251.889, 251.487, 251.767, 251.345, 251.751, 251.077, 251.593, 253.829, 251.399, 252.419, 251.387, 252.047, 251.542, 252.527, 251.387, 251.239, 252.184, 251.777, 252.87, 251.673, 251.783, 251.261, 251.788, 251.856, 253.249, 251.445, 253.34, 251.48, 251.371, 251.137, 251.782, 253.328, 251.447, 253.987, 252.487, 252.598, 251.524, 251.7, 252.651, 252.483, 251.406, 251.676, 252.178, 252.049, 251.428, 251.105, 254.039, 251.317, 251.646, 251.952, 251.772, 252.019, 251.556, 251.862, 251.815, 251.895, 252.791, 252.217, 251.92, 252.511, 251.864, 253.73, 252.462, 252.802, 252.623, 251.771, 251.765, 252.798, 253.539, 252.184, 252.506, 252.64, 252.273, 252.205, 
Time to set up datastructures: 9258.84ms
245.925, 246.285, 247.005, 245.654, 246.24, 246.095, 246.461, 246.207, 245.816, 245.558, 245.624, 245.653, 246.174, 246.527, 246.711, 245.829, 247.14, 245.678, 246.141, 245.91, 246.157, 246.852, 246.332, 246.12, 245.774, 245.645, 245.814, 245.924, 246.401, 245.662, 245.617, 246.211, 246.046, 247.895, 245.73, 247.605, 245.834, 246.572, 245.468, 245.719, 247.95, 246.387, 246.621, 245.838, 248.07, 246.406, 246.221, 246.084, 245.635, 246.114, 246.34, 246.42, 245.902, 246.421, 246.566, 245.945, 246.598, 246.065, 246.129, 246.721, 246.37, 246.006, 247.147, 245.807, 245.643, 246.103, 245.723, 245.95, 245.625, 246.269, 246.272, 245.487, 245.393, 246.974, 245.635, 246.187, 247.758, 245.602, 246.149, 245.478, 247.346, 246.606, 245.891, 245.484, 246.554, 246.978, 246.337, 245.959, 247.13, 246.053, 245.69, 246.077, 246.029, 246.161, 246.77, 246.24, 245.791, 246.77, 246.429, 245.739, 
