dpcpp -Wall -DNDEBUG -O3 -fopenmp -o driver_spmv_input driver_spmv_input.cpp -ltbb -lboost_thread
Running method 9
Time to set up datastructures: 14720.1ms
341.602, 341.953, 341.701, 341.978, 341.596, 341.663, 341.664, 341.835, 341.711, 341.628, 341.703, 341.714, 342.985, 341.587, 342.09, 342.043, 341.886, 341.439, 341.536, 342.115, 341.602, 341.771, 341.536, 341.706, 341.712, 341.629, 341.906, 341.848, 341.77, 341.472, 341.788, 341.426, 341.549, 341.974, 341.766, 342.038, 342.248, 341.915, 342.086, 342.003, 341.568, 341.719, 341.929, 342.069, 341.44, 341.726, 341.878, 341.883, 341.813, 341.847, 341.976, 341.86, 341.753, 341.488, 342.092, 341.937, 341.77, 341.697, 341.418, 341.916, 341.589, 341.745, 341.668, 341.627, 341.696, 341.733, 341.762, 341.834, 341.606, 341.665, 341.673, 342.098, 341.823, 341.795, 341.75, 341.868, 341.709, 341.716, 341.708, 341.859, 341.748, 341.422, 341.774, 342.165, 341.696, 341.861, 341.63, 341.756, 341.792, 341.745, 341.752, 341.657, 341.897, 341.757, 342.132, 341.637, 341.86, 341.46, 341.941, 341.849, 
Time to set up datastructures: 13960.4ms
257.97, 257.397, 257.698, 257.641, 257.68, 258.413, 257.722, 257.674, 257.639, 257.759, 257.665, 257.576, 257.899, 258.591, 257.611, 258.187, 258.015, 258.104, 257.673, 257.544, 257.887, 258.539, 257.707, 257.619, 257.479, 257.686, 257.412, 257.565, 258.449, 257.832, 257.858, 257.788, 257.726, 257.885, 257.469, 257.42, 258.538, 257.583, 257.897, 257.724, 257.662, 257.554, 257.652, 257.656, 257.828, 257.746, 257.696, 257.839, 257.806, 257.696, 258.037, 258.155, 259.467, 257.522, 258.139, 257.819, 257.788, 257.843, 257.775, 257.595, 258.049, 257.804, 257.796, 257.76, 257.764, 257.86, 257.911, 258.688, 257.963, 257.633, 257.802, 258.033, 257.871, 257.615, 257.608, 257.89, 257.737, 258.105, 257.736, 257.755, 257.575, 257.489, 257.908, 258.499, 257.478, 257.847, 258.037, 257.619, 257.64, 257.535, 257.968, 258.113, 257.603, 257.846, 257.649, 257.705, 257.469, 258.154, 258.386, 257.784, 
Time to set up datastructures: 16468.8ms
218.32, 217.71, 218.403, 218.537, 218.362, 218.366, 218.615, 218.4, 218.419, 217.838, 218.496, 218.429, 218.326, 218.541, 218.19, 218.531, 217.584, 218.474, 217.746, 218.358, 218.554, 218.596, 218.409, 218.162, 218.656, 218.41, 218.484, 218.557, 218.391, 218.363, 218.504, 218.464, 218.431, 219.634, 218.429, 218.541, 218.5, 218.471, 218.565, 217.654, 218.542, 218.256, 218.554, 218.74, 218.525, 218.555, 218.199, 218.607, 218.395, 218.284, 217.716, 218.235, 218.734, 218.409, 218.719, 218.411, 218.393, 218.611, 218.652, 218.621, 218.365, 218.67, 218.476, 218.477, 218.591, 218.436, 218.404, 218.561, 218.311, 218.324, 218.529, 218.398, 218.38, 218.465, 217.608, 218.382, 218.556, 218.337, 218.296, 218.514, 218.514, 218.404, 218.681, 218.501, 218.496, 218.773, 218.714, 218.641, 218.437, 218.588, 218.522, 218.453, 218.394, 218.398, 218.416, 218.457, 218.396, 218.187, 218.414, 218.487, 
Time to set up datastructures: 17343.3ms
195.971, 195.9, 195.998, 195.742, 195.77, 195.909, 195.783, 195.711, 195.844, 195.88, 195.925, 195.701, 195.708, 195.989, 195.808, 195.847, 195.916, 196.116, 195.89, 196.049, 195.909, 195.668, 196.014, 196.067, 195.884, 195.967, 195.897, 195.851, 195.972, 195.906, 195.971, 195.828, 195.851, 196.002, 195.796, 195.873, 195.899, 195.945, 195.881, 195.736, 196.076, 196.062, 195.95, 195.834, 195.83, 195.869, 201.38, 195.436, 195.583, 195.619, 195.452, 195.621, 195.622, 195.683, 195.598, 195.55, 195.716, 195.693, 195.529, 195.644, 195.882, 195.714, 195.58, 195.6, 195.596, 195.662, 200.18, 195.512, 195.47, 195.47, 195.661, 195.8, 195.478, 195.537, 195.588, 195.579, 195.572, 195.57, 195.69, 195.638, 195.598, 195.519, 195.576, 195.596, 195.637, 195.708, 195.482, 195.609, 195.535, 195.604, 195.657, 195.629, 195.745, 195.881, 195.689, 195.612, 195.602, 195.566, 195.666, 195.634, 
Time to set up datastructures: 18324.8ms
183.421, 183.365, 183.258, 183.273, 183.397, 183.283, 183.313, 183.574, 183.219, 183.387, 183.337, 183.375, 183.25, 183.37, 183.26, 183.451, 183.235, 183.36, 183.397, 183.36, 183.347, 183.351, 183.35, 183.564, 183.394, 183.348, 183.487, 183.364, 183.379, 183.368, 183.341, 183.331, 183.284, 183.534, 183.409, 183.282, 183.439, 183.325, 183.323, 183.564, 184.38, 183.33, 183.422, 183.322, 183.39, 183.377, 183.3, 183.516, 183.318, 183.462, 183.281, 183.287, 183.315, 183.441, 183.395, 183.403, 183.235, 183.333, 183.398, 183.339, 183.449, 183.369, 183.365, 183.271, 183.358, 183.258, 183.296, 183.299, 183.398, 183.382, 183.289, 183.279, 183.469, 183.312, 183.216, 183.381, 183.314, 183.385, 183.292, 183.278, 183.374, 183.417, 183.368, 183.491, 183.428, 183.385, 183.387, 183.474, 183.487, 183.369, 183.355, 183.457, 183.294, 183.402, 183.323, 183.236, 183.299, 183.449, 183.486, 183.326, 
Time to set up datastructures: 18700.3ms
174.077, 174.133, 174.067, 174.39, 174.001, 174.046, 174.035, 174.099, 173.995, 174.016, 174.05, 174.06, 174.073, 173.946, 174.032, 174.122, 174.118, 174.025, 174.151, 174.064, 174.091, 174.006, 174.063, 173.979, 174.179, 174.047, 174.007, 173.907, 173.991, 174.003, 173.973, 174.038, 173.972, 174.065, 174.103, 173.976, 174.074, 174.005, 174.107, 174.156, 174.143, 174.08, 173.95, 174.036, 174.051, 174.05, 174.146, 174.176, 174.062, 174.14, 174.008, 174.212, 174.137, 174.075, 174.02, 174.073, 174.105, 174.068, 174.026, 174.042, 174.057, 174.014, 174.213, 174.04, 173.985, 174.056, 174.07, 174.128, 174.146, 174.262, 174.179, 174.052, 174.109, 174.067, 174.114, 174.041, 174.003, 174.033, 174.004, 174.193, 174.079, 174.044, 174.05, 173.929, 174.025, 174.155, 174.074, 174.028, 174.023, 174.038, 174.075, 174.032, 174.059, 174.113, 174.057, 174.113, 174.08, 174.154, 174.171, 174.053, 
Time to set up datastructures: 19141.8ms
167.132, 167.12, 167.286, 167.168, 167.102, 167.104, 167.139, 167.092, 167.111, 167.226, 167.198, 167.121, 167.114, 167.21, 167.15, 167.163, 167.211, 166.698, 166.702, 166.692, 166.698, 166.773, 166.8, 166.68, 166.779, 166.731, 166.831, 166.902, 166.791, 166.731, 166.813, 166.815, 166.812, 167.006, 167.145, 167.123, 167.065, 167.097, 167.125, 167.011, 167.109, 167.049, 167.124, 167.092, 167.127, 167.051, 167.103, 167.115, 167.032, 167.173, 167.183, 167.108, 167.071, 167.062, 167.067, 167.121, 167.14, 167.098, 167.159, 167.02, 167.031, 167.103, 167.184, 167.114, 167.146, 167.031, 167.084, 167.03, 167.066, 166.984, 166.715, 166.577, 166.654, 166.732, 166.802, 166.769, 166.787, 166.842, 166.71, 166.757, 166.726, 166.851, 166.813, 166.733, 166.701, 166.913, 166.736, 166.793, 166.766, 166.649, 166.677, 166.714, 166.762, 166.767, 166.733, 166.842, 166.726, 166.733, 166.799, 166.757, 
Time to set up datastructures: 19351.4ms
162.406, 162.399, 162.478, 162.515, 162.549, 162.5, 162.457, 162.444, 162.427, 162.637, 162.583, 163.023, 162.523, 162.455, 162.487, 162.607, 163.074, 162.575, 162.408, 162.476, 162.397, 162.441, 162.548, 162.592, 162.497, 162.52, 162.62, 162.479, 162.558, 162.534, 162.475, 162.479, 162.484, 162.537, 162.543, 162.64, 162.904, 162.485, 162.491, 162.443, 162.512, 162.532, 162.479, 162.463, 162.524, 162.562, 162.532, 162.561, 162.765, 162.583, 162.83, 162.734, 162.459, 162.434, 162.471, 162.445, 162.448, 162.396, 162.452, 162.471, 162.504, 162.5, 162.536, 162.543, 162.571, 162.584, 162.576, 162.413, 162.433, 162.491, 162.397, 162.534, 162.547, 164.064, 162.433, 162.478, 162.424, 162.634, 162.518, 162.479, 162.453, 162.732, 162.44, 162.554, 162.506, 162.512, 162.514, 162.516, 162.534, 162.449, 162.446, 162.465, 162.42, 162.727, 162.507, 162.436, 162.543, 162.598, 162.419, 162.45, 
Time to set up datastructures: 19013.4ms
159.603, 159.621, 159.614, 159.621, 159.702, 159.732, 159.529, 159.59, 159.678, 159.571, 159.63, 159.588, 159.567, 159.595, 159.594, 159.627, 159.693, 159.737, 159.707, 159.62, 159.702, 159.621, 159.662, 159.654, 159.575, 159.577, 159.586, 159.623, 159.755, 159.613, 159.645, 159.797, 159.569, 159.657, 159.724, 160.248, 159.705, 159.617, 159.641, 159.585, 159.658, 159.621, 159.758, 159.727, 159.672, 159.608, 159.691, 159.62, 159.685, 159.59, 159.654, 159.628, 159.61, 159.906, 159.818, 159.866, 159.875, 159.625, 159.715, 159.606, 159.617, 159.597, 159.579, 159.577, 159.592, 159.598, 159.648, 159.774, 159.631, 159.659, 159.579, 159.667, 159.722, 159.712, 159.649, 159.655, 159.693, 159.576, 159.67, 159.604, 159.646, 159.931, 159.609, 159.722, 159.604, 159.627, 159.798, 159.558, 159.635, 159.542, 159.611, 159.606, 159.805, 159.559, 159.669, 159.594, 159.782, 159.631, 159.709, 159.622, 
Time to set up datastructures: 18726.7ms
156.209, 156.128, 156.026, 156.096, 156.112, 156.226, 156.23, 156.177, 156.096, 156.07, 156.117, 156.093, 156.092, 156.228, 156.483, 156.049, 156.078, 156.159, 156.138, 156.215, 156.089, 156.074, 156.05, 156.051, 156.216, 156.487, 156.082, 156.226, 156.098, 156.04, 156.208, 156.15, 156.213, 156.167, 156.098, 156.058, 156.113, 156.12, 157.038, 156.276, 156.314, 156.082, 156.06, 156.158, 156.144, 156.498, 156.717, 156.079, 156.086, 156.068, 155.994, 156.221, 156.093, 156.066, 156.055, 156.044, 156.154, 156.39, 156.286, 156.316, 156.05, 156.061, 156.052, 156.024, 156.267, 156.608, 156.119, 156.267, 156.163, 156.228, 155.984, 156.468, 156.49, 156.089, 156.082, 156.081, 156.074, 156.272, 156.058, 156.08, 156.243, 156.098, 156.212, 156.131, 156.386, 156.05, 156.085, 156.051, 156.073, 156.099, 156.244, 156.468, 156.073, 156.164, 156.172, 156.13, 156.136, 156.377, 156.123, 156.095, 
Time to set up datastructures: 18801.9ms
154.519, 154.543, 154.472, 154.531, 154.534, 154.383, 154.56, 155.064, 154.52, 154.548, 154.545, 154.485, 154.554, 154.624, 154.481, 154.489, 154.475, 154.609, 154.409, 154.564, 154.623, 154.488, 154.595, 154.542, 154.513, 154.591, 154.611, 154.444, 154.519, 154.564, 154.561, 154.355, 154.601, 154.512, 154.504, 154.539, 154.534, 154.633, 154.575, 154.639, 154.487, 154.459, 154.547, 154.539, 154.353, 154.603, 154.559, 154.48, 154.527, 154.493, 154.626, 154.571, 154.584, 154.459, 154.493, 154.64, 154.533, 154.313, 154.604, 154.575, 154.46, 154.519, 154.565, 154.566, 154.603, 154.611, 154.491, 154.508, 154.471, 154.528, 154.394, 154.555, 154.584, 154.591, 154.536, 154.536, 154.536, 155.93, 154.652, 154.498, 154.516, 154.551, 154.583, 154.403, 154.676, 154.589, 154.47, 154.579, 154.586, 154.538, 154.652, 154.548, 154.499, 154.504, 154.523, 154.52, 154.412, 154.66, 154.543, 154.451, 
Time to set up datastructures: 19190.5ms
152.094, 152.067, 152.073, 152.059, 152.085, 152.022, 152.039, 152.053, 152.057, 152.056, 152.278, 152.094, 151.984, 152.025, 152.07, 152.006, 152.046, 152.121, 152.047, 152.023, 152.071, 151.989, 152.064, 152.061, 152.086, 152.026, 151.995, 152.103, 152.115, 152.144, 152.12, 152.028, 152.017, 152.034, 152.052, 152.042, 152.148, 152.138, 151.983, 152.031, 152.083, 152.109, 152.023, 152.153, 152.043, 152.038, 152.042, 151.96, 152.133, 152.045, 152.069, 152.003, 152.028, 152.036, 152.009, 152.051, 152.189, 152.082, 151.991, 151.996, 152.021, 152.165, 152.304, 151.756, 151.719, 151.66, 151.829, 151.692, 151.753, 151.813, 151.802, 151.695, 151.789, 151.797, 151.772, 151.774, 151.827, 151.771, 151.878, 151.91, 151.932, 151.982, 151.963, 152.005, 151.871, 151.874, 151.967, 151.932, 151.936, 151.971, 151.965, 151.981, 151.992, 151.992, 152.058, 152.022, 152.066, 151.993, 152.038, 152.052, 
Time to set up datastructures: 19225ms
149.684, 149.599, 149.689, 149.679, 149.53, 149.606, 149.553, 149.618, 149.598, 149.653, 149.495, 149.497, 149.483, 149.552, 149.575, 149.627, 149.603, 149.619, 149.526, 149.544, 149.565, 149.703, 150.223, 149.528, 149.48, 149.483, 149.547, 149.474, 149.553, 149.58, 149.515, 149.559, 149.612, 149.629, 149.616, 150.762, 155.011, 149.726, 149.65, 149.681, 149.74, 149.712, 149.684, 149.709, 149.657, 149.682, 149.731, 149.711, 149.738, 149.71, 149.696, 149.731, 149.78, 149.734, 149.869, 149.763, 149.814, 149.741, 149.747, 149.729, 149.779, 149.735, 152.049, 150.591, 149.552, 149.536, 149.562, 149.741, 149.569, 149.61, 149.51, 150.41, 149.569, 149.478, 149.6, 149.576, 149.554, 149.534, 149.508, 149.551, 149.599, 149.557, 149.584, 149.572, 149.956, 149.571, 149.579, 149.625, 149.666, 149.795, 149.531, 149.494, 149.557, 149.57, 149.557, 149.54, 149.643, 149.516, 149.548, 149.78, 
