dpcpp -Wall -DNDEBUG -O3 -fopenmp -o driver_spmv_input driver_spmv_input.cpp -ltbb -lboost_thread
Running method 9
Time to set up datastructures: 8525.51ms
122.125, 122.038, 122.107, 122.093, 122.138, 122.053, 122.171, 121.97, 121.916, 121.986, 121.809, 121.97, 121.961, 122.114, 122.431, 122.09, 121.889, 121.975, 121.9, 122.141, 121.923, 122.186, 122.107, 122.241, 121.892, 122.076, 121.782, 122.008, 122.059, 122.031, 121.945, 121.837, 122.116, 122.142, 122.11, 122.164, 122.209, 121.86, 121.873, 122.324, 122.02, 121.955, 122.075, 121.846, 122.275, 120.742, 121.892, 122.54, 120.692, 122.036, 122.112, 121.907, 122.151, 121.901, 121.9, 121.995, 121.987, 122.102, 121.92, 121.969, 121.885, 122.089, 122, 122.21, 122.102, 121.879, 121.809, 121.971, 122.081, 122.086, 122.002, 121.947, 122.149, 122.008, 122.174, 122.074, 121.987, 121.984, 121.891, 122.25, 122.177, 122.003, 122.056, 121.983, 122.071, 122.113, 122.028, 122.118, 122.037, 122.192, 121.942, 121.977, 121.815, 122.016, 121.925, 121.897, 122.119, 121.815, 121.981, 121.86, 
Time to set up datastructures: 8941.28ms
98.351, 98.3069, 98.139, 98.1529, 98.4142, 98.1729, 98.278, 98.46, 98.2442, 98.465, 97.8119, 98.218, 97.718, 98.5701, 98.707, 98.2461, 98.012, 97.518, 97.976, 97.9271, 98.6459, 98.3291, 98.325, 97.8479, 98.5019, 98.227, 98.1121, 98.3109, 98.1369, 97.692, 98.0978, 98.0201, 98.3591, 98.5529, 98.4259, 98.371, 98.2132, 97.95, 98.3009, 98.2912, 97.991, 98.079, 98.1779, 97.703, 98.2411, 98.866, 98.2351, 98.1419, 97.9152, 98.331, 97.683, 98.4509, 98.562, 98.0799, 98.9599, 98.0451, 98.382, 97.851, 98.3961, 97.883, 98.1181, 98.1379, 98.0241, 98.1591, 98.4168, 98.1331, 98.2659, 98.0771, 98.1541, 98.1321, 98.377, 98.192, 98.1719, 98.768, 98.6691, 98.7859, 98.6791, 98.1112, 97.8739, 97.9481, 98.5038, 97.9671, 98.2549, 98.2521, 98.191, 97.997, 98.51, 98.238, 97.878, 98.027, 98.3551, 97.935, 98.3131, 98.3739, 97.8122, 98.4819, 97.9829, 98.3801, 98.002, 98.2399, 
Time to set up datastructures: 10112.5ms
85.444, 85.963, 85.4552, 85.6459, 85.7942, 86.1318, 85.712, 85.9349, 85.9821, 86.0381, 86.1928, 85.9721, 85.711, 85.8581, 85.762, 85.5939, 85.954, 86.0641, 85.7151, 85.536, 85.82, 85.5899, 85.6531, 85.65, 86.015, 86.184, 85.6271, 86.03, 85.6171, 85.3689, 85.8521, 85.602, 85.773, 86.1309, 85.6352, 85.7298, 85.912, 85.7282, 85.542, 85.7379, 86.0281, 85.7999, 85.758, 85.186, 85.969, 85.9332, 86.1599, 86.1309, 85.9451, 85.9509, 85.675, 86.1852, 85.68, 85.52, 85.8059, 85.7022, 86.122, 86.03, 86.122, 85.5839, 85.989, 85.8951, 86.164, 86.107, 85.8879, 85.8638, 85.849, 85.6171, 85.979, 85.953, 85.7491, 85.4309, 85.855, 85.8622, 86.0448, 85.6371, 85.6929, 85.9141, 85.814, 85.7611, 85.453, 86.144, 85.9489, 85.906, 86.1039, 85.8829, 85.9208, 86.0782, 85.881, 85.8929, 85.824, 86.0381, 86.071, 85.896, 86.102, 85.2749, 85.6881, 85.6929, 85.7861, 85.5529, 
Time to set up datastructures: 10560.8ms
75.7911, 75.6829, 76.117, 76.443, 76.3941, 75.521, 76.345, 75.8111, 76.0748, 75.7499, 76.124, 75.933, 75.727, 76.154, 75.5041, 75.5548, 75.984, 75.933, 75.68, 75.743, 76.3879, 75.947, 75.5801, 76.2479, 76.4689, 75.9881, 76.18, 76.1521, 75.6691, 76.1659, 76.299, 76.442, 76.1859, 76.4401, 75.6249, 75.7, 76.026, 76.565, 75.541, 75.8629, 75.51, 75.6152, 75.9201, 75.8729, 75.5441, 76.138, 75.8569, 75.5911, 76.4198, 75.948, 76.0901, 76.6051, 76.3419, 75.8078, 75.984, 76.1838, 75.5591, 75.5219, 76.236, 75.4371, 75.4981, 75.681, 75.6531, 75.8009, 76.1781, 75.4771, 75.7041, 75.5079, 76.278, 75.9811, 75.932, 75.9389, 76.1039, 75.4809, 76.035, 75.9709, 75.6218, 75.4361, 75.742, 75.5861, 75.7489, 75.649, 76.1781, 75.551, 75.3899, 76.407, 75.912, 75.6772, 76.2839, 76.1361, 75.572, 76.5331, 75.8908, 75.6831, 75.9969, 76.3161, 76.0441, 75.562, 75.99, 75.4981, 
Time to set up datastructures: 11644.2ms
72.9449, 74.6419, 73.256, 73.2608, 72.9361, 74.1551, 73.2231, 73.2539, 74.1551, 73.2138, 74.0161, 72.993, 74.5881, 74.862, 72.865, 74.8451, 73.0319, 73.1862, 73.113, 73.5259, 73.2651, 73.082, 73.1661, 72.9699, 74.1971, 73.0829, 73.1721, 73.035, 73.231, 73.386, 73.5998, 73.0541, 73.0259, 73.0131, 73.2949, 73.5519, 73.1251, 73.081, 73.1759, 73.719, 73.7309, 72.957, 73.107, 74.789, 73.02, 73.0121, 73.0009, 73.3562, 73.0031, 74.5211, 73.149, 72.9799, 73.4529, 74.2118, 73.05, 73.2782, 73.576, 74.584, 74.2979, 73.0388, 73.0181, 73.1471, 73.07, 74.2409, 72.844, 73.1511, 73.091, 73.071, 73.0579, 73.0391, 73.0441, 73.3058, 74.3129, 73.209, 73.1571, 74.5358, 73.1649, 73.9751, 73.0081, 73.0269, 73.2021, 73.144, 73.7209, 73.673, 73.663, 73.1099, 73.1251, 72.973, 73.1769, 73.1041, 72.948, 72.9489, 74.666, 73.091, 73.0259, 73.045, 73.065, 73.108, 73.5922, 74.939, 
Time to set up datastructures: 11778.3ms
66.982, 67.075, 67.1208, 66.9351, 67.0211, 66.9768, 67.0502, 67.2438, 67.0891, 67.018, 66.8719, 67.0791, 67.0221, 66.889, 67.0798, 67.0671, 66.946, 67.0729, 67.0221, 67.029, 67.018, 66.9651, 67.095, 67.1089, 67.035, 67.0452, 67.1148, 67.116, 67.0249, 67.0881, 67.0211, 67.065, 67.106, 67.066, 67.035, 67.0402, 66.9889, 67.0471, 71.2268, 67.2991, 66.982, 66.92, 67.163, 66.9858, 66.9761, 67.0671, 67.013, 67.035, 67.05, 67.0021, 66.9348, 66.9711, 66.9751, 67.0369, 67.0152, 67.03, 67.024, 66.998, 67.014, 66.962, 67.0481, 67.0359, 67.035, 67.0321, 66.993, 66.9219, 67.0412, 66.958, 67.0531, 66.992, 67.121, 66.988, 67.018, 66.9689, 67.023, 67.183, 67.0989, 67.0111, 67.0631, 66.7758, 67.0898, 66.982, 67.0552, 66.9508, 67.028, 67.1351, 67.0109, 67.0631, 67.0919, 66.9971, 66.9601, 67.034, 67.0781, 67.0249, 66.9639, 66.978, 66.9138, 67.0531, 67.1461, 67.0271, 
Time to set up datastructures: 11665.8ms
64.8899, 64.8069, 64.8751, 64.975, 64.8801, 64.934, 64.8999, 64.7709, 64.851, 64.893, 64.877, 64.923, 64.868, 64.9221, 64.9569, 64.9321, 64.832, 64.939, 65.001, 64.9009, 64.925, 64.909, 64.863, 64.8689, 64.8532, 64.9309, 65.0342, 65.002, 64.8129, 64.8141, 64.9199, 64.8842, 64.9529, 64.8892, 64.8718, 64.822, 64.9049, 64.8651, 64.8248, 64.826, 64.8558, 65.0039, 64.97, 64.8739, 64.8782, 64.8189, 64.8921, 64.8479, 64.8301, 64.9071, 64.846, 64.883, 64.8711, 64.9049, 64.9021, 64.846, 64.934, 64.9168, 64.831, 64.975, 64.842, 64.8789, 64.954, 64.929, 64.8801, 64.9769, 64.8699, 64.8952, 64.8651, 64.8749, 64.8961, 64.852, 64.9121, 64.8689, 64.9199, 64.8549, 64.9669, 64.9021, 64.8642, 64.889, 64.8799, 64.8599, 64.945, 64.8911, 64.8689, 64.8861, 64.899, 65.032, 64.9199, 65.0041, 64.9099, 64.9028, 64.8801, 64.878, 64.878, 64.8012, 64.7829, 64.919, 64.8968, 64.8921, 
Time to set up datastructures: 11649.5ms
64.111, 64.249, 64.465, 64.2178, 64.2388, 64.2121, 64.199, 64.2111, 64.316, 64.1749, 64.0571, 64.08, 64.332, 64.4829, 64.3749, 64.1959, 64.0342, 64.265, 64.3759, 64.2421, 64.2879, 64.3871, 64.301, 64.94, 64.0152, 64.24, 64.322, 64.1079, 64.1, 64.187, 64.204, 64.0161, 64.311, 64.424, 64.188, 64.158, 64.4131, 64.079, 64.1861, 64.0929, 64.2669, 64.383, 64.419, 64.352, 64.209, 64.187, 64.2691, 64.291, 64.3091, 64.286, 64.2638, 64.3182, 64.3079, 64.188, 64.3401, 64.352, 63.8881, 64.1818, 64.26, 64.168, 64.218, 64.2879, 64.1229, 64.2471, 64.2939, 64.2691, 64.25, 64.1851, 64.2219, 64.3961, 64.2989, 64.1632, 64.209, 64.2009, 64.285, 64.147, 64.306, 64.2271, 64.2719, 64.3179, 64.1911, 64.2931, 64.3778, 64.3969, 64.2712, 64.7628, 64.3661, 64.168, 64.316, 63.9961, 64.256, 64.3079, 64.2221, 64.256, 64.0919, 64.2591, 64.1291, 64.2629, 64.0531, 64.3752, 
Time to set up datastructures: 11646ms
62.2649, 62.325, 62.2299, 62.109, 62.191, 62.1381, 62.1431, 62.2489, 62.2241, 62.114, 62.1178, 62.2211, 62.16, 62.1231, 62.1359, 62.149, 62.0942, 62.2599, 62.176, 62.0799, 62.1009, 62.207, 62.2041, 62.2358, 62.3519, 62.186, 62.058, 62.119, 62.0811, 62.278, 62.1879, 62.0639, 62.036, 62.1278, 62.1822, 62.2299, 62.135, 62.0761, 62.218, 62.1982, 62.1209, 62.185, 62.166, 62.125, 62.0861, 62.1679, 62.1212, 62.0849, 62.0971, 62.1569, 62.16, 62.453, 62.062, 62.166, 62.037, 62.1741, 62.1161, 62.1829, 62.115, 62.1121, 62.2451, 62.2158, 62.196, 62.1321, 62.145, 62.0921, 61.99, 62.1729, 61.986, 62.1231, 62.2301, 62.151, 62.125, 62.18, 62.1719, 62.1512, 62.125, 62.124, 62.0949, 62.1681, 62.068, 61.9829, 62.17, 62.1281, 62.1929, 62.191, 62.0332, 62.067, 62.1798, 62.2029, 61.9879, 62.2132, 62.1018, 62.1331, 62.1319, 61.9462, 62.0909, 62.1521, 62.1741, 62.1259, 
Time to set up datastructures: 11583ms
61.1041, 61.131, 61.1401, 61.136, 61.1229, 61.0631, 61.1949, 61.0962, 61.414, 61.2149, 61.11, 61.075, 61.1551, 61.121, 61.157, 61.363, 61.172, 61.1451, 61.0549, 61.1951, 61.2469, 61.1391, 61.1589, 61.2631, 61.1889, 61.08, 61.131, 61.2102, 61.2159, 61.203, 61.2981, 61.271, 61.0909, 61.136, 61.28, 61.115, 61.1811, 61.1589, 61.0752, 61.208, 61.198, 61.2409, 61.1939, 61.208, 61.2018, 61.146, 61.1498, 61.1782, 61.3739, 61.187, 61.048, 61.13, 61.203, 61.24, 61.188, 61.1691, 61.142, 61.1329, 61.142, 61.162, 61.183, 61.2121, 61.1918, 61.1808, 61.1269, 61.1229, 61.1141, 61.1811, 61.0988, 61.177, 61.064, 61.363, 61.1422, 61.2049, 61.537, 61.2121, 61.172, 61.2569, 61.1451, 61.131, 61.1989, 61.4481, 61.1451, 61.0709, 61.2481, 61.1489, 61.1961, 61.1739, 61.13, 61.146, 61.1191, 61.146, 61.0878, 61.1339, 61.3101, 61.2259, 61.317, 61.136, 61.0659, 61.1281, 
Time to set up datastructures: 11752.2ms
58.9898, 58.8841, 58.7959, 58.8522, 58.851, 58.7399, 58.6631, 58.867, 58.778, 58.805, 58.7909, 58.8551, 58.7521, 58.866, 58.789, 58.8009, 58.7192, 58.9309, 58.8491, 58.7149, 58.8171, 58.8238, 58.7862, 58.877, 58.7461, 58.888, 58.9819, 58.917, 58.718, 58.821, 58.8329, 58.9011, 58.7709, 58.687, 58.8791, 58.826, 58.814, 58.7959, 58.83, 58.764, 58.5601, 58.7709, 58.8751, 58.8529, 58.847, 58.6941, 58.8119, 58.836, 58.7921, 58.789, 58.773, 58.7959, 58.8639, 58.8121, 58.8739, 58.8262, 58.748, 58.7978, 58.8062, 58.8489, 58.9142, 58.892, 58.7809, 59.0422, 58.7459, 58.8112, 58.697, 58.8369, 58.857, 58.8331, 58.728, 58.965, 58.7931, 58.8009, 58.6281, 58.8191, 58.8188, 58.821, 58.8889, 58.9192, 58.902, 58.8191, 58.769, 58.738, 58.7878, 58.8579, 58.9311, 59.0038, 58.897, 58.8491, 58.769, 58.7862, 58.795, 58.81, 58.8078, 58.7871, 58.805, 58.7571, 58.9011, 58.8999, 
Time to set up datastructures: 11741.8ms
59.0591, 58.9199, 58.9671, 59.1009, 59.056, 58.9991, 59.1011, 59.202, 59.067, 59.068, 59.1719, 59.0701, 58.9991, 59.058, 58.984, 59.0949, 58.9569, 59.063, 59.0329, 59.063, 59.099, 59.0768, 59.0212, 59.1218, 59.0711, 59.062, 59.0701, 59.0088, 59.036, 59.01, 59.0901, 59.032, 59.1049, 59.1581, 59.082, 59.0301, 59.1459, 59.1311, 59.027, 59.0379, 59.052, 58.9981, 58.965, 59.031, 58.9831, 59.098, 59.0289, 59.0391, 59.078, 59.1791, 59.16, 59.093, 58.9941, 59.0799, 59.1071, 59.1559, 58.9931, 59.0661, 59.0611, 59.103, 59.402, 59.098, 59.1049, 59.0239, 59.0532, 59.0639, 59.0172, 59.0448, 59.4091, 59.063, 59.0751, 59.1359, 59.052, 59.0541, 59.0749, 59.273, 59.021, 59.0742, 59.0849, 59.0792, 59.1469, 59.0351, 59.02, 59.0901, 59.1149, 59.056, 59.13, 59.077, 59.0611, 59.134, 59.0229, 59.0589, 59.123, 59.1779, 59.0968, 59.1931, 59.18, 59.1199, 58.9921, 59.021, 
Time to set up datastructures: 11790.3ms
57.0521, 57.0209, 57.096, 57.07, 57.1361, 57.0471, 57.024, 57.0018, 57.0772, 57.04, 57.0228, 57.1232, 57.0929, 57.1091, 57.076, 57.0679, 57.08, 57.055, 57.0951, 57.091, 57.2522, 57.164, 57.0629, 57.163, 57.0822, 57.0669, 57.188, 57.117, 57.0941, 57.0691, 57.1079, 57.0819, 57.081, 57.1358, 57.1301, 57.2269, 57.0788, 57.173, 57.066, 57.111, 57.1041, 57.076, 57.034, 57.106, 57.081, 57.0621, 57.0488, 57.1189, 57.029, 57.1461, 57.1239, 57.0881, 57.0869, 57.08, 57.0819, 57.0462, 57.0879, 57.0881, 57.035, 57.0891, 57.1039, 57.1721, 57.0881, 57.1179, 57.0822, 57.122, 57.133, 57.08, 57.1239, 57.1711, 57.066, 57.3049, 57.1041, 57.0531, 57.0209, 57.0431, 57.065, 57.091, 57.096, 57.097, 57.096, 57.0691, 57.0979, 57.097, 57.0719, 57.0531, 57.097, 57.0869, 57.1101, 57.054, 57.0509, 57.1051, 57.071, 57.102, 57.1141, 57.054, 57.0619, 57.097, 57.076, 57.1289, 
