dpcpp -Wall -DNDEBUG -O3 -fopenmp -o driver_spmv_input driver_spmv_input.cpp -ltbb -lboost_thread
Running method 9
Time to set up datastructures: 14442.4ms
74.0869, 74.2981, 74.4479, 74.163, 74.0771, 74.5039, 74.8181, 74.4059, 74.1582, 74.075, 74.219, 74.1739, 73.9362, 74.2469, 74.2362, 74.1429, 73.9691, 74.2049, 74.1858, 74.261, 74.2519, 74.0249, 74.228, 74.1088, 74.064, 74.2271, 74.08, 74.228, 74.2409, 74.131, 74.2321, 74.2371, 74.224, 74.4288, 74.28, 74.024, 74.0271, 74.172, 74.172, 74.136, 74.131, 74.1649, 74.0449, 74.1291, 74.29, 74.2559, 74.1029, 74.1711, 74.1339, 74.1122, 74.0659, 74.264, 74.249, 74.0359, 74.1689, 74.358, 74.095, 74.4269, 74.23, 74.2042, 74.0988, 74.137, 74.1751, 73.987, 74.1749, 74.115, 74.059, 74.4741, 74.1079, 74.1351, 74.1951, 74.177, 74.106, 74.0979, 74.3971, 74.084, 74.1301, 74.1029, 74.352, 74.0662, 74.053, 74.0919, 74.301, 74.1241, 74.625, 74.0359, 74.26, 75.6071, 74.2421, 74.168, 74.024, 74.1701, 74.0581, 74.034, 74.096, 74.26, 74.219, 74.1041, 74.2018, 74.2421, 
Time to set up datastructures: 14207.8ms
55.8679, 56.313, 56.0532, 56.1979, 55.8841, 55.8589, 55.9821, 56.227, 55.836, 55.7721, 55.8059, 55.8052, 55.851, 55.8701, 55.9421, 55.9318, 55.9559, 55.856, 55.939, 55.8751, 55.9289, 55.7909, 55.9189, 55.835, 55.794, 55.8341, 55.886, 56.021, 56.0982, 55.8329, 55.8581, 55.8379, 56.0071, 55.9859, 55.8431, 55.759, 55.9959, 56.1581, 55.8419, 55.759, 55.793, 55.6891, 55.8801, 55.98, 55.898, 55.7492, 55.7358, 55.7342, 55.9189, 55.9011, 56.0069, 55.825, 55.969, 56.0191, 55.835, 55.7339, 55.8572, 55.8238, 55.8472, 55.8419, 55.774, 55.831, 55.9309, 55.9411, 55.9289, 55.8419, 55.9049, 55.8581, 55.855, 55.768, 55.733, 55.8789, 55.9819, 56.186, 56.2851, 56.1159, 55.84, 55.8071, 55.8209, 56.272, 55.9139, 55.795, 55.9249, 55.8732, 55.887, 55.8569, 56.33, 55.9342, 55.7859, 55.8121, 55.9239, 55.809, 55.886, 55.8891, 55.851, 55.835, 55.8898, 55.855, 55.809, 55.891, 
Time to set up datastructures: 15556.8ms
47.8079, 47.837, 47.765, 47.8301, 47.816, 47.713, 47.816, 47.756, 47.7881, 47.7989, 47.6501, 47.7819, 47.7681, 47.8339, 47.718, 47.75, 47.6902, 47.739, 47.6799, 47.8611, 47.7099, 47.8129, 47.8091, 47.7791, 47.8179, 48.1281, 47.837, 47.8919, 47.7791, 48.022, 47.811, 47.8191, 47.781, 47.8249, 47.739, 47.724, 47.7891, 47.9171, 47.72, 47.7929, 47.7512, 47.7738, 47.7011, 47.8449, 47.7531, 47.852, 47.7331, 47.811, 47.77, 47.843, 47.9031, 47.931, 47.7901, 47.642, 47.689, 47.7111, 47.791, 47.8001, 47.8089, 47.8082, 47.9209, 47.842, 47.8079, 47.8332, 47.9228, 47.817, 47.662, 47.7262, 47.735, 47.725, 47.627, 47.8542, 47.689, 47.7479, 47.879, 47.832, 47.7939, 47.847, 47.801, 47.7271, 47.8659, 47.9131, 47.873, 47.749, 47.828, 47.719, 47.8191, 47.7951, 47.8728, 47.7042, 47.863, 47.7419, 47.8351, 47.7278, 47.8561, 47.6151, 47.7581, 47.7359, 47.8389, 47.8642, 
Time to set up datastructures: 16736.8ms
43.406, 43.5081, 43.581, 43.504, 43.5481, 43.442, 43.4239, 43.4511, 44.682, 43.596, 43.4999, 43.633, 43.55, 43.504, 43.5381, 43.514, 43.509, 43.4539, 43.493, 43.4861, 43.5588, 43.4642, 43.5898, 43.611, 43.4141, 43.4709, 43.627, 43.5681, 43.575, 43.566, 43.4909, 43.55, 43.4771, 43.5081, 43.5739, 43.623, 43.4761, 43.3919, 43.505, 43.6401, 43.664, 43.5681, 43.4768, 43.4382, 43.555, 43.437, 43.3578, 43.5178, 43.3738, 43.4222, 43.5579, 43.4749, 43.5011, 43.509, 43.498, 43.4289, 43.4861, 43.4909, 43.5362, 43.4759, 43.4639, 43.442, 43.4701, 43.4721, 43.4289, 43.535, 43.4651, 43.323, 43.4849, 43.4549, 43.349, 43.54, 43.5529, 43.4451, 43.5131, 43.4899, 43.5121, 43.4229, 43.5331, 43.5669, 43.5781, 43.5059, 43.529, 43.5309, 43.6499, 43.488, 43.4229, 43.6461, 43.509, 43.4389, 43.416, 43.402, 43.4999, 43.503, 43.5989, 43.5469, 43.4208, 43.5102, 43.483, 43.4971, 
Time to set up datastructures: 17571.2ms
41.7712, 41.6451, 41.5499, 41.7349, 41.796, 41.6141, 41.59, 41.6341, 41.708, 41.9798, 41.6489, 41.677, 41.564, 41.6861, 41.6501, 41.6451, 41.594, 41.5728, 41.6672, 41.543, 41.5359, 41.687, 41.5602, 41.7778, 41.7581, 41.6579, 41.7011, 41.7421, 41.671, 41.739, 41.6229, 41.615, 41.6, 41.6491, 41.6219, 41.867, 41.6842, 41.5981, 41.6369, 41.6241, 41.6, 41.8181, 41.6679, 41.677, 41.6009, 41.672, 41.6861, 41.713, 41.4622, 41.642, 41.6331, 41.5559, 41.5399, 41.5349, 41.5909, 41.7318, 41.6441, 41.543, 41.6842, 41.5468, 41.594, 41.6641, 41.786, 41.5759, 41.5969, 41.5981, 41.5499, 41.6172, 41.641, 41.815, 41.6961, 41.6548, 41.5831, 41.5552, 41.6439, 41.6291, 41.6849, 41.6698, 41.7011, 41.6601, 41.5699, 41.6288, 41.5132, 41.5719, 41.7671, 41.7149, 41.688, 41.677, 41.9011, 41.6269, 41.6601, 41.6729, 41.779, 41.61, 41.564, 41.5571, 41.6739, 41.667, 41.7812, 41.718, 
Time to set up datastructures: 17295.9ms
40.616, 40.6139, 40.499, 40.6818, 40.6611, 40.503, 40.6251, 40.632, 40.689, 40.5281, 40.6818, 40.483, 40.5931, 40.8471, 40.5748, 40.5838, 40.648, 40.731, 40.6449, 40.6761, 40.6599, 40.5371, 40.7319, 40.715, 40.7531, 40.7979, 40.606, 40.6151, 40.5781, 40.5159, 40.509, 40.6132, 40.637, 40.6818, 40.5192, 40.6868, 40.5149, 40.6709, 40.693, 40.5359, 40.6492, 40.6029, 40.6542, 40.6439, 40.71, 40.5271, 40.6301, 40.5669, 40.5989, 40.7579, 40.622, 40.7619, 40.7238, 40.566, 40.524, 40.7379, 40.663, 40.4561, 40.591, 40.6251, 40.5459, 40.586, 40.5481, 40.6759, 40.4742, 40.555, 40.6859, 40.7012, 40.493, 40.601, 40.5929, 40.58, 40.6029, 40.6241, 40.5679, 40.637, 40.622, 40.5719, 40.75, 40.5669, 40.4651, 40.6299, 40.7059, 40.5231, 40.576, 40.6599, 40.5951, 40.771, 40.6792, 40.6239, 40.5431, 40.535, 40.6451, 40.6349, 40.555, 40.6129, 40.6752, 40.5231, 40.627, 40.5979, 
Time to set up datastructures: 18021.7ms
40.4181, 40.5769, 40.4389, 40.5381, 40.437, 40.5371, 40.467, 40.601, 40.6089, 40.488, 40.386, 40.5059, 40.4329, 40.3781, 40.509, 40.503, 40.4921, 40.3681, 40.3819, 40.58, 40.5471, 40.5729, 40.4868, 40.4201, 40.4611, 40.556, 40.5669, 40.5331, 40.391, 40.385, 40.5979, 40.5061, 40.519, 40.4961, 40.525, 40.5271, 40.451, 40.5059, 40.6539, 40.4181, 40.463, 40.4749, 40.6208, 40.5271, 40.5409, 40.4921, 40.3481, 40.4, 40.525, 40.4742, 40.586, 40.4398, 40.6301, 40.6508, 40.4811, 40.4441, 40.7219, 40.5672, 40.6089, 40.545, 40.5099, 40.3812, 40.4959, 40.5581, 40.4599, 40.5099, 40.54, 40.518, 40.5259, 40.52, 40.421, 40.494, 40.4289, 40.5321, 40.5018, 40.478, 40.447, 40.3991, 40.4699, 40.4632, 40.5948, 40.5321, 40.343, 40.488, 40.451, 40.4749, 40.483, 40.5221, 40.601, 40.4611, 40.458, 40.5169, 40.5102, 40.4859, 40.5421, 40.525, 40.5099, 40.5061, 40.545, 40.421, 
Time to set up datastructures: 17806.4ms
40.591, 40.6909, 40.5211, 40.472, 40.6179, 40.6191, 40.5428, 40.637, 40.448, 40.5641, 40.5951, 40.571, 40.653, 40.592, 40.6051, 40.6051, 40.5719, 40.545, 40.626, 40.719, 40.6139, 40.5862, 40.5409, 40.4658, 40.5262, 40.597, 40.4949, 40.5159, 40.539, 40.7069, 40.5731, 40.498, 40.6439, 40.489, 40.518, 40.626, 40.607, 40.571, 40.5622, 40.6539, 40.6511, 40.586, 40.5791, 40.5409, 40.5691, 40.6361, 40.6399, 40.643, 40.6241, 40.6129, 40.596, 40.6921, 40.6411, 40.6189, 40.581, 40.5121, 40.674, 40.606, 40.6032, 40.6249, 40.472, 40.5512, 40.647, 40.556, 40.6539, 40.6539, 40.6201, 40.5409, 40.5641, 40.6041, 40.617, 40.633, 40.5819, 40.688, 40.58, 40.554, 40.498, 40.4689, 40.5781, 40.6389, 40.612, 40.612, 40.5512, 40.5579, 40.529, 40.5619, 40.607, 40.6051, 40.5319, 40.628, 40.5111, 40.5779, 40.6511, 40.617, 40.4911, 40.585, 40.565, 40.6599, 40.503, 40.59, 
Time to set up datastructures: 17990ms
40.6849, 40.684, 40.777, 40.746, 40.731, 40.6301, 40.626, 40.678, 40.6721, 40.694, 40.7071, 40.6899, 40.6311, 40.6251, 40.5769, 40.647, 40.658, 40.7379, 40.678, 40.693, 40.622, 40.6759, 40.678, 40.5982, 40.5898, 40.6289, 40.6611, 40.6299, 40.7081, 40.6649, 40.6661, 40.612, 40.6311, 40.6649, 40.6141, 40.611, 40.7028, 40.6072, 40.71, 40.6771, 40.6349, 40.674, 40.6179, 40.657, 40.695, 40.6032, 40.607, 40.699, 40.6451, 40.7779, 40.617, 40.7441, 40.72, 40.607, 40.647, 40.633, 40.73, 40.642, 41.1668, 40.6549, 40.766, 40.657, 40.6411, 40.5889, 40.5982, 40.6289, 40.6461, 40.7031, 40.735, 40.554, 40.6559, 40.6661, 40.607, 40.7422, 40.5169, 40.7162, 40.57, 40.765, 40.6098, 40.715, 40.6501, 40.699, 40.6048, 40.6482, 40.663, 40.689, 40.663, 40.7319, 40.6611, 40.5948, 40.6761, 40.642, 40.6661, 40.6549, 40.693, 40.7231, 40.659, 40.5471, 40.6699, 40.6229, 
Time to set up datastructures: 17811.2ms
41.0089, 40.9272, 41.079, 40.9389, 41.1122, 41.0378, 41.0671, 41.0521, 41.0209, 41.08, 40.9541, 40.9679, 40.982, 40.967, 41.049, 41.0659, 41.0931, 41.034, 40.9901, 40.9548, 40.9172, 40.967, 41.059, 41.0259, 41.0581, 41.0571, 40.967, 41.0731, 41.158, 40.983, 40.9961, 41.219, 41.11, 40.9729, 41.0419, 41.0671, 41.0841, 41.0099, 41.0452, 41.0988, 41.044, 41.1479, 41.023, 41.049, 41.0211, 41.1069, 41.0368, 41.2831, 41.0459, 41.1851, 41.1148, 41.086, 41.0359, 41.0831, 41.079, 40.868, 41.0058, 40.869, 41.065, 40.998, 40.8931, 41.1389, 40.8831, 41.0101, 41.0659, 41.0829, 41.1391, 40.9889, 40.9799, 40.9911, 41.059, 41.0559, 40.9808, 41.0671, 40.9269, 41.0571, 40.961, 41.034, 40.9389, 41.0221, 40.9729, 41.096, 41.1968, 41.0352, 40.9219, 40.911, 40.9491, 40.8528, 41.0101, 41.0299, 41.039, 40.9729, 41.0781, 41.2011, 41.2338, 41.0368, 41.0991, 40.9501, 41.0049, 40.9451, 
Time to set up datastructures: 17624.2ms
41.4729, 41.4948, 41.5661, 41.7209, 41.7712, 41.6968, 41.5061, 41.3761, 41.5239, 41.8799, 41.6062, 41.589, 41.3959, 41.5521, 41.4331, 41.5428, 41.4662, 41.5568, 41.4681, 41.4238, 41.6262, 41.42, 41.4379, 41.4321, 41.537, 41.5959, 41.5959, 41.5421, 41.522, 41.369, 41.342, 41.425, 41.5471, 41.4901, 41.568, 41.5268, 41.568, 41.6281, 41.461, 41.5471, 41.434, 41.5709, 41.415, 41.518, 41.4779, 41.4, 41.626, 41.5471, 41.384, 41.6059, 41.5242, 41.44, 41.4059, 41.594, 41.496, 41.461, 41.4259, 41.6329, 41.5981, 41.7449, 41.5339, 41.471, 41.3709, 41.4321, 41.4648, 41.5461, 41.594, 41.507, 41.446, 41.513, 41.456, 41.5971, 41.4579, 41.5862, 41.6088, 41.6601, 41.4681, 41.451, 41.4839, 41.374, 41.445, 41.5349, 41.4109, 41.4109, 41.492, 41.487, 41.419, 41.539, 41.5571, 41.4791, 41.4689, 41.466, 41.466, 41.5339, 41.451, 41.537, 41.579, 41.491, 41.6131, 41.5421, 
Time to set up datastructures: 18033.9ms
41.8241, 41.7838, 41.8382, 41.795, 41.7619, 41.8081, 41.585, 41.7469, 41.7662, 41.5869, 41.8081, 41.6698, 41.754, 41.646, 41.6529, 41.7609, 41.677, 41.749, 41.702, 41.6491, 41.7519, 41.6999, 41.6119, 41.6882, 41.7819, 42.7401, 42.439, 41.9729, 41.821, 41.6791, 41.652, 41.64, 41.6529, 41.6272, 41.775, 41.6551, 41.512, 41.7089, 41.6591, 41.647, 41.832, 41.723, 41.707, 41.646, 41.738, 41.712, 41.5459, 41.6961, 41.8072, 41.7199, 41.4529, 41.832, 41.7509, 41.594, 41.6291, 41.719, 41.6541, 42.0339, 41.837, 41.8541, 41.5828, 41.6951, 41.811, 41.8799, 41.7371, 41.846, 41.6322, 41.7368, 41.5981, 41.7669, 41.6222, 41.707, 41.7628, 41.6372, 41.7449, 41.7349, 41.5771, 41.7039, 41.6961, 41.8169, 41.6169, 41.693, 41.522, 41.6861, 41.6248, 41.723, 41.832, 41.7562, 41.7531, 41.7409, 41.6939, 41.4331, 41.7521, 41.647, 41.749, 41.7609, 41.6732, 41.8558, 41.5928, 41.882, 
Time to set up datastructures: 18013.8ms
42.0349, 41.9071, 42.0179, 41.9712, 42.2628, 42.1491, 41.9402, 42.0339, 41.9059, 41.961, 42.156, 41.816, 42.1829, 42.2192, 41.923, 42.1689, 41.9431, 42.011, 42.196, 41.867, 42.042, 41.9021, 41.8689, 42.2029, 42.1071, 42.186, 41.9731, 41.997, 41.815, 42.0959, 41.795, 42.0232, 41.997, 42.089, 41.9531, 41.986, 41.8429, 41.94, 41.872, 41.985, 41.949, 41.8479, 42.0749, 41.9219, 42.031, 41.888, 41.9669, 41.9619, 41.949, 42.069, 41.976, 42.182, 42.0861, 41.955, 42.254, 41.9109, 42.048, 42.0461, 41.785, 41.949, 42.1, 41.8761, 41.9891, 41.9748, 41.9331, 41.9772, 42.1119, 41.867, 41.8768, 41.991, 41.935, 41.769, 41.8999, 41.9061, 42.073, 41.9121, 42.0189, 42.12, 42.0892, 42.0339, 42.1779, 42.0191, 41.8539, 42.1641, 41.9691, 42.0709, 41.9011, 41.8561, 42.0029, 41.8639, 41.908, 41.8079, 41.8451, 41.9121, 42.002, 41.877, 42.027, 42.047, 41.966, 42.0642, 
