Threads:
[ 2  3  4  5  6  7  8  9 10 11 12 13 14 15 16 17 18]
Algorithm: sequential
Medians:
[268.684]
Minima:
[268.26]
Variance:
[0.11237232510399983]
Algorithm: OpenMP
Medians:
[146.138, 102.6525, 82.128, 69.6969, 62.435050000000004, 57.53005, 54.5101, 52.0689, 49.685, 48.244, 47.35745, 46.0658, 44.524, 44.5361, 43.8721, 43.123, 42.6562]
Minima:
[145.847, 102.42, 81.913, 69.6089, 62.3431, 57.421, 54.4021, 51.913, 49.562, 48.0609, 47.123, 45.933, 44.3928, 44.383, 43.7529, 43.0219, 42.572]
Variance:
[0.04055216439999983, 0.036097882715999924, 0.005647467916759982, 0.006014221421190003, 0.0043672483510000075, 0.007170622256000004, 0.006674312068959999, 0.021001486851960027, 0.00976494120016, 0.03136595569904003, 0.0053135801597500145, 0.07710288719055992, 0.009399337555000008, 0.014955680630999982, 0.007311292433989996, 0.009691625925909981, 0.005818202653749995]
Algorithm: TBB
Medians:
[147.716, 103.715, 82.572, 69.5128, 62.0651, 56.74, 53.941, 51.222449999999995, 49.2759, 47.326449999999994, 46.083, 44.945, 43.941, 43.31555, 43.6051, 43.2899, 43.3152]
Minima:
[147.524, 103.458, 82.3159, 69.3181, 61.873, 56.5071, 53.709, 50.9751, 49.0379, 47.0369, 45.841, 44.7068, 43.704, 43.108, 43.401, 43.123, 43.1452]
Variance:
[0.1252281209750001, 0.03800276260399994, 0.008903907732760029, 0.006735191477240024, 0.013556703295639991, 0.010988913642840006, 0.010510931910239997, 0.009762673290560008, 0.012678239395000027, 0.019395920537109985, 0.01027032889975001, 0.009208880786239998, 0.010464698615639994, 0.021001603843840016, 0.009228716822040002, 0.007725870433750014, 0.0074869548545600005]
Algorithm: TBB_graphs_6
Medians:
[149.246, 105.781, 84.00845, 69.8509, 61.3821, 56.3581, 53.159, 51.0039, 48.7225, 47.2441, 45.7571, 44.2882, 43.577, 43.6466, 43.85255, 43.463, 44.0941]
Minima:
[148.669, 105.119, 83.317, 69.4368, 61.0201, 55.9552, 52.804, 50.6361, 48.4362, 46.921, 45.429, 44.0321, 43.258, 43.3829, 43.5941, 43.1969, 43.8738]
Variance:
[0.06735311271099999, 9.10254302, 5.83192961353831, 0.41204648435750985, 0.48912191254176013, 0.49732073651975006, 0.26579251004716004, 0.3764236418183898, 0.21103890166415995, 0.34978355159431, 0.32036509672043995, 0.26353466593484, 0.2749014627283101, 0.24187047714924, 0.25828411403583995, 0.17570359860064003, 0.16366983815036]
Algorithm: Threadpool_10
Medians:
[151.9645, 105.883, 83.36545, 70.009, 62.1109, 57.337, 53.356049999999996, 50.58395, 48.799949999999995, 48.29205, 45.9991, 45.666, 44.8365, 45.5968, 44.856449999999995, 44.576049999999995, 45.325050000000005]
Minima:
[149.553, 104.073, 82.608, 69.6931, 61.8269, 56.993, 52.999, 50.1711, 48.3859, 47.811, 45.572, 45.393, 44.3041, 45.0861, 44.3902, 44.311, 44.5511]
Variance:
[5.625808584591001, 5.124948314576001, 3.1011345428271095, 0.8071387921999601, 1.33222021217951, 1.16554776392896, 0.49900038226479015, 0.542932656339, 0.4913754126949998, 0.39104791233718994, 0.2640654116438401, 0.26168329505599996, 0.2754981984684399, 0.13801835879975, 0.15994009992918992, 0.15757183680191003, 0.2771051756929601]
Algorithm: CRSMerge
Medians:
[145.9905, 102.2525, 81.2991, 68.833, 61.5771, 55.9371, 52.798, 50.4315, 48.682100000000005, 47.629450000000006, 46.4151, 44.816, 44.04155, 44.7321, 44.6451, 44.4131, 44.596]
Minima:
[145.799, 102.024, 81.054, 68.7132, 61.4619, 55.7909, 52.6731, 50.272, 48.5349, 47.4679, 46.2809, 44.687, 43.9088, 44.5859, 44.4181, 44.2839, 44.467]
Variance:
[0.01622537435900009, 1.398936752519, 0.008216384193439973, 0.01532549891151003, 0.006854028144760009, 0.6274674253037499, 0.006177562132639999, 0.0058647413835899885, 0.01093990009974997, 0.013897548823999992, 0.008067824496959993, 0.0058537295457600285, 0.007990063658710002, 0.009229065744960002, 0.007000929137589994, 0.0053941830391599915, 11.80730096109671]
Algorithm: CSB
Medians:
[89.51095000000001, 61.928, 50.076499999999996, 45.3882, 43.144, 42.1991, 42.046549999999996, 42.1269, 41.63, 41.1489, 41.142, 40.4658, 39.9709, 39.371, 39.3319, 38.9228, 38.4631]
Minima:
[88.8331, 61.233, 49.823, 45.2621, 43.0548, 42.1121, 41.976, 42.0189, 41.5292, 41.0731, 40.8981, 40.4119, 39.9139, 39.3221, 39.254, 38.8539, 38.4111]
Variance:
[2.17525429708396, 3.2966531238103602, 0.004669888643839984, 0.0040300855560000135, 0.0030601678687600027, 0.007789741774839994, 0.018211025130239995, 0.0042751027107900035, 0.004124368583959995, 0.00956679346156001, 0.002716176163039991, 0.005934427249239998, 0.0028083855607100045, 0.008404986770790006, 0.0016025007091099981, 0.002053343663989995, 0.0027301448590399974]
Algorithm: BlockCOH
Medians:
[98.525, 71.636, 58.7239, 53.7798, 51.4259, 49.1741, 48.9969, 48.9571, 48.869, 50.9999, 52.4909, 51.1708, 50.7169, 48.8901, 47.307, 45.4669, 44.1098]
Minima:
[98.187, 71.408, 58.532, 53.5979, 51.244, 48.99, 48.7981, 48.794, 48.708, 50.8299, 52.1951, 50.9999, 50.5531, 48.7611, 47.0521, 45.3539, 43.988]
Variance:
[0.07713454261615996, 0.024228506634560013, 0.004759078931160005, 0.005502840978389983, 0.014750441987360021, 0.006062480174710001, 0.004521452314389999, 0.008264863638999994, 0.010463394393189997, 0.018744188903999984, 0.006791489563909996, 3.1226005420377505, 1.1090489350891903, 0.14057450625774998, 0.8438352927511898, 0.2771853404975899, 0.23979581879679]
