Threads:
[ 2  3  4  5  6  7  8  9 10 11 12 13 14 15 16 17 18]
Algorithm: sequential
Medians:
[296.16999999999996]
Minima:
[288.422]
Variance:
[11.828612432815996]
Algorithm: OpenMP
Medians:
[156.519, 108.933, 86.9191, 73.5369, 65.7159, 61.23555, 57.724, 53.5171, 51.7352, 50.2388, 50.08045, 48.4669, 47.9859, 48.4161, 49.119, 49.0491, 48.8479]
Minima:
[156.325, 108.766, 86.7319, 73.4272, 65.546, 61.043, 57.5511, 53.376, 51.5931, 50.123, 49.912, 48.368, 47.904, 48.342, 49.0379, 48.9771, 48.7881]
Variance:
[0.032293881696000115, 0.025877245775000033, 0.007804989699750016, 0.0068392430915900065, 0.00952488315215998, 0.007394733101560013, 0.22687561796204025, 0.01003754275083997, 0.00886234863036, 0.010279676437589985, 0.0048259698817600056, 0.016077427792960026, 0.009363113168959991, 0.012545744045909971, 0.007900956462359983, 0.3202290841209599, 0.006316261545759992]
Algorithm: TBB
Medians:
[159.4275, 111.302, 88.4099, 74.7042, 66.6339, 60.647, 58.3389, 55.187, 53.0732, 51.3701, 50.9071, 50.19, 49.679, 49.051, 48.3179, 48.0831, 48.1319]
Minima:
[159.174, 111.058, 88.176, 74.5599, 66.469, 60.468, 58.1622, 55.0568, 52.907, 51.2249, 50.801, 50.0889, 49.5892, 48.949, 48.2271, 47.976, 48.049]
Variance:
[0.023375326604000143, 0.04672699211899998, 0.006419123300389986, 0.00613010532284, 0.007618034731000013, 0.08413883037975, 2.8411918137087606, 0.12880614385190997, 4.55832764741271, 0.014461555372959964, 0.004747149929750005, 0.0033003460199600033, 0.010919040683110002, 0.16119131699975014, 0.009411753462840018, 0.006300544253910006, 0.006663075887039991]
Algorithm: TBB_graphs_6
Medians:
[159.792, 111.8595, 87.90504999999999, 73.7031, 65.547, 59.9439, 56.9489, 53.88295, 51.6381, 50.0391, 49.07955, 47.9641, 47.664550000000006, 47.2269, 47.0369, 47.611, 47.754]
Minima:
[159.513, 110.94, 87.605, 73.5199, 65.351, 59.7129, 56.7391, 53.654, 51.4431, 49.8481, 48.8911, 47.833, 47.5559, 47.1239, 46.911, 47.519, 47.626]
Variance:
[0.14978841150400016, 7.7329114759749995, 4.144576069344159, 0.18528108266974994, 0.09965493302375006, 0.1528041568697501, 0.12409944603238991, 0.16348824185750999, 0.17815123608463995, 0.11506626600471001, 0.0873044564439099, 0.05601164405375997, 0.059956354786309986, 0.04718734278438996, 0.09980128257900005, 0.04604753704159, 0.20804139077776]
Algorithm: Threadpool_10
Medians:
[160.2025, 111.6855, 89.7175, 75.39765, 66.618, 61.37655, 58.01905, 55.0721, 54.013, 51.549549999999996, 50.3106, 48.9409, 48.136, 47.995900000000006, 48.01345, 47.9319, 48.14865]
Minima:
[159.778, 111.176, 89.3719, 74.8839, 65.907, 61.0011, 57.539, 54.671, 53.4699, 50.869, 49.814, 48.558, 47.693, 47.5321, 47.4441, 47.519, 47.8749]
Variance:
[5.612043468511, 5.231832202159001, 4.853237018578841, 2.763100461324709, 0.5792213680270397, 1.60229295840336, 0.4793030186147101, 0.5900988163751101, 0.40211504764336004, 0.55699432622444, 0.35674016019500004, 0.39472538849499994, 0.21903568589918998, 0.08128155014524006, 0.15309021615899995, 0.14552264911536003, 0.22580331834678996]
Algorithm: CRSMerge
Medians:
[155.8425, 108.9165, 86.376, 73.1421, 65.1411, 59.13745, 55.779, 53.3861, 51.5301, 50.6549, 49.453, 49.207, 49.186, 49.415000000000006, 48.527, 48.3661, 48.4309]
Minima:
[155.636, 108.651, 86.158, 73.0121, 64.965, 58.9459, 55.619, 53.226, 51.3248, 50.5209, 49.3221, 49.1159, 49.1049, 49.3312, 48.4409, 48.2841, 48.347]
Variance:
[0.020178446391000044, 0.07600203587099998, 4.210483294656, 2.5995422066791596, 0.09906994617184006, 0.009096606111909999, 0.007692648004710001, 0.015452737348759989, 0.33363675675030996, 0.012445509151000013, 0.006299003334310022, 0.005862098187750005, 0.006620832718999979, 0.04316939834974999, 0.04213737001479004, 0.16241159045718997, 0.03089961769536004]
Algorithm: CSB
Medians:
[107.001, 75.413, 64.424, 56.4232, 53.7441, 50.1552, 48.923, 47.1331, 44.8761, 44.0161, 43.6981, 41.9919, 41.4231, 40.731, 41.127, 39.984, 39.427]
Minima:
[106.056, 75.1741, 64.1901, 56.3209, 53.4761, 49.988, 48.6159, 46.91, 44.6682, 43.8881, 43.4811, 41.8439, 41.2769, 40.6439, 40.8721, 39.927, 39.3651]
Variance:
[0.04378238103600003, 0.01568970848479002, 0.006568695938039988, 0.004050444812160007, 0.006892352692390014, 0.0030284303588399997, 0.005206292279840007, 0.0019970248988399955, 0.007329201973749988, 0.014868511563999992, 0.0064885396918399835, 0.0030235824349999973, 0.004144143753909999, 0.009029708814840002, 0.00564316024199, 0.0011671404871099968, 0.0007904817491899999]
Algorithm: BlockCOH
Medians:
[92.382, 69.149, 59.051, 56.267, 54.5039, 52.445049999999995, 52.8069, 53.3378, 53.07995, 54.612049999999996, 57.3521, 55.697, 54.730050000000006, 53.762100000000004, 51.51545, 48.8431, 46.17]
Minima:
[91.9981, 68.8691, 58.809, 56.087, 54.332, 52.2652, 52.6459, 53.1418, 52.9039, 54.395, 57.0669, 55.531, 54.5261, 53.555, 51.347, 48.6829, 46.0579]
Variance:
[0.06233867761774994, 0.019164766080390017, 0.0061228011589999996, 0.005743977296709991, 0.009760326772790012, 0.005686403430840006, 0.006624241115999984, 7.891171046196312, 0.11335900566304004, 0.03665219328911, 0.64308439140919, 0.08295625420230991, 0.02682151414374997, 0.18113790614638997, 0.09575298968118998, 0.11745738026400007, 0.45010279503456013]
