Threads:
[ 2  3  4  5  6  7  8  9 10 11 12 13 14 15 16 17 18]
Algorithm: sequential
Medians:
[274.862]
Minima:
[274.529]
Variance:
[0.07812173077499959]
Algorithm: OpenMP
Medians:
[149.668, 105.414, 84.301, 71.664, 64.2629, 58.7339, 55.3465, 53.007000000000005, 51.005449999999996, 49.17, 49.1669, 48.19095, 47.071, 47.4639, 46.627, 46.175, 46.18345]
Minima:
[149.428, 105.116, 84.089, 71.5079, 64.152, 58.599, 55.212, 52.88, 50.854, 48.9912, 48.9471, 48.0669, 46.926, 47.3471, 46.5229, 46.0691, 46.087]
Variance:
[0.03056757989999994, 0.050450904038999954, 0.007112680595839995, 0.005367210310999982, 0.011708772417239968, 0.006495227322309996, 0.007242342776000003, 0.013324832587839992, 1.53090617141791, 2.1918074104959904, 1.01503886994639, 0.11076561366374997, 3.4711053536278396, 0.01717282429664, 0.006698133717749995, 0.002693723359000004, 0.0024504951039999944]
Algorithm: TBB
Medians:
[154.057, 107.863, 86.2939, 73.21895, 65.2745, 59.84845, 56.8514, 53.483, 50.8251, 49.18445, 48.83155, 47.586, 47.0409, 46.2101, 45.854, 45.8751, 46.005]
Minima:
[153.816, 107.553, 86.0381, 73.036, 65.0911, 59.607, 56.617, 53.206, 50.5579, 48.8641, 48.5721, 47.3752, 46.7699, 45.9299, 45.5942, 45.6829, 45.81]
Variance:
[0.021828012278999925, 0.03803457009599999, 0.013299357485990006, 0.007403703939909954, 0.007306878658999977, 0.009829532436000002, 0.010248959416959995, 0.013177780777749958, 0.01354676511900001, 0.019848593755589995, 0.013077904010999996, 0.008847692614709995, 0.02567869605183999, 0.017561689723749992, 0.006863283449439989, 0.005852016872959993, 0.006834453516]
Algorithm: TBB_graphs_6
Medians:
[154.401, 108.546, 86.6239, 73.6625, 65.8619, 60.9992, 57.090500000000006, 54.3201, 52.0492, 50.4661, 49.2351, 47.4641, 46.914950000000005, 46.6678, 46.567, 45.701, 45.6951]
Minima:
[154.006, 108.074, 86.2732, 73.3988, 65.5899, 60.7319, 56.8032, 53.9911, 51.8119, 50.1251, 48.9531, 47.2441, 46.685, 46.4399, 46.207, 45.506, 45.5291]
Variance:
[0.07332816111900012, 4.534036050016001, 0.9067718950590402, 0.3910590556428399, 0.7200793859749998, 0.18495836902975976, 0.07030716683110996, 0.10593051424839006, 0.14942437625470995, 0.3003892182774399, 0.08121098051935999, 0.23076426606236008, 0.14395541689723998, 0.17262377181839006, 0.12841526569884, 0.1355852560677499, 0.16013925040079005]
Algorithm: Threadpool_10
Medians:
[155.849, 108.9985, 86.612, 73.249, 65.69, 59.947, 56.54455, 53.4792, 51.573, 50.453050000000005, 48.81755, 47.5008, 46.6208, 46.299, 47.037949999999995, 46.854, 46.8299]
Minima:
[154.549, 108.481, 86.309, 73.0531, 65.182, 59.6521, 56.2892, 53.1909, 51.09, 49.9849, 48.4018, 47.226, 46.2511, 45.81, 46.6731, 46.4311, 46.303]
Variance:
[5.440800025499999, 4.147147141974999, 2.52147970025199, 1.1971602386406404, 1.0176562379439102, 3.2674365581929594, 2.6372155423255896, 0.5983861018199103, 4.310181667979111, 0.24427907951974998, 0.28124809945470997, 0.24201964759536, 0.3578613388950002, 0.10484404517355997, 0.11185869343836002, 0.19082683696319003, 0.28817568257003995]
Algorithm: CRSMerge
Medians:
[151.331, 106.8675, 85.3195, 72.221, 64.5964, 59.4308, 55.96745, 53.6718, 51.2161, 49.736, 48.7411, 47.9009, 46.814, 46.700500000000005, 46.699, 46.8361, 46.8369]
Minima:
[151.135, 106.612, 85.067, 72.1102, 64.4491, 59.325, 55.8209, 53.5071, 51.08, 49.5958, 48.4729, 47.7538, 46.6888, 46.567, 46.4249, 46.7169, 46.7081]
Variance:
[0.024721069343999987, 0.0350508641439999, 0.005922436936709986, 0.025082619895999934, 0.00682250611983997, 0.006577243222390003, 0.007842294053759998, 0.012000183493560003, 0.009192779763510005, 0.017772404134789994, 0.04113279827563999, 0.037629475032790065, 0.004941932216790023, 0.007066158803959997, 0.0040659048389999905, 0.004467597232790004, 0.004999844538999995]
Algorithm: CSB
Medians:
[91.324, 62.33755, 51.009550000000004, 44.9059, 43.1499, 42.006, 42.5301, 42.085049999999995, 41.784, 41.4531, 41.6749, 40.8659, 40.2861, 40.015, 40.2679, 39.178, 38.8551]
Minima:
[90.5869, 61.017, 50.7469, 44.7829, 43.0501, 41.923, 42.424, 42.007, 41.6982, 41.3821, 41.5242, 40.8111, 40.2329, 39.963, 40.164, 39.12, 38.8]
Variance:
[0.08905279343263998, 1.9374923570035099, 0.15429590247775002, 0.00525372802155999, 0.02449195577100003, 0.0030111929360000004, 0.004930253698240001, 0.0036858280286399896, 0.008769096279000008, 0.009974232853590007, 0.0036954633289599994, 0.0011923349091899937, 0.0014223527795099971, 0.003815610803989994, 0.002108872895590001, 0.0013398080857600042, 0.001196798278359998]
Algorithm: BlockCOH
Medians:
[79.5488, 60.86505, 53.4298, 52.91589999999999, 53.144099999999995, 52.1231, 52.789, 52.974, 53.1979, 54.8445, 58.241, 56.92545, 55.5151, 53.9055, 52.260549999999995, 50.1301, 47.828]
Minima:
[79.252, 60.621, 53.1809, 52.6788, 52.9239, 51.95, 52.593, 52.788, 53.0391, 54.6041, 58.0451, 56.74, 55.3639, 53.74, 52.084, 49.993, 47.7049]
Variance:
[0.021886338361510008, 0.028324551563160015, 0.005890759332710004, 1.1367615075670403, 0.007867687550709991, 0.028369753021589998, 1.0948560185399596, 0.48095946556495994, 0.11687766664775011, 2.7798634962783906, 0.007715223299639994, 0.008674401582310007, 0.08791177056639, 0.02588435614716, 0.04118796754143999, 0.00940151217100001, 0.6928139237910401]
