Threads:
[ 2  3  4  5  6  7  8  9 10 11 12 13 14 15 16 17 18]
Algorithm: sequential
Medians:
[341.16]
Minima:
[340.686]
Variance:
[0.2427156325510003]
Algorithm: OpenMP
Medians:
[197.247, 153.9155, 137.171, 129.145, 125.327, 123.216, 122.026, 120.973, 120.973, 120.939, 122.201, 122.60849999999999, 123.426, 124.104, 125.7875, 125.108, 125.387]
Minima:
[196.996, 153.64, 136.911, 129.043, 125.218, 123.121, 121.931, 120.88, 120.881, 120.813, 121.949, 122.529, 123.328, 124.002, 125.666, 125.034, 125.312]
Variance:
[0.024472108736000003, 0.04934908615900029, 0.007170451899999982, 0.9675213258559997, 0.01346865635099991, 0.0062239691959999595, 0.005480270470999997, 0.048004765856000046, 0.009537364031000058, 0.12046317255600007, 0.008967841470999938, 0.008333230039000054, 0.01608907462399991, 0.021497575391000025, 0.005521405583999983, 0.005698817231000059, 0.007454611375000028]
Algorithm: TBB
Medians:
[215.039, 164.425, 143.5695, 132.281, 126.9795, 124.02000000000001, 122.1545, 120.57249999999999, 119.519, 119.22800000000001, 120.078, 119.5805, 120.06899999999999, 120.8265, 121.8105, 121.43950000000001, 122.0215]
Minima:
[214.814, 163.132, 140.403, 128.153, 122.234, 119.596, 117.712, 115.359, 114.991, 114.07, 114.861, 113.168, 113.767, 113.732, 115.417, 115.194, 115.753]
Variance:
[0.03287399966400001, 4.1543532235509995, 4.273590424079001, 1.387486152, 1.4578399561510005, 1.417968390956, 1.669310684684, 1.5362212792790007, 1.588809025031, 1.675001588439, 1.8187417667159997, 1.838721583839, 2.045736715919, 2.185777876715999, 2.187005648384001, 2.2188429087159998, 2.3599469450240003]
Algorithm: TBB_graphs_6
Medians:
[217.6205, 167.35500000000002, 146.3675, 135.33499999999998, 130.24450000000002, 127.4425, 125.5445, 124.11, 123.144, 122.74799999999999, 123.66300000000001, 123.1395, 123.888, 124.27799999999999, 125.5275, 125.413, 125.66650000000001]
Minima:
[212.172, 162.13, 142.211, 131.395, 126.774, 124.163, 122.363, 120.774, 120.587, 119.958, 121.209, 120.873, 121.174, 121.385, 122.932, 123.112, 123.453]
Variance:
[5.480065890336002, 6.252656145831001, 2.6038672888759997, 2.3617365776639994, 1.9272629297240005, 1.436393146031, 1.2614096273440005, 1.059610169959, 3.063487069824, 2.794895619564, 4.573677449584, 0.560679117084, 0.6446578149239997, 0.48888835662399976, 0.599174882144, 0.5037008111509997, 0.42710418679600004]
Algorithm: Threadpool_10
Medians:
[211.215, 159.097, 134.91, 122.843, 116.659, 113.074, 110.38, 108.566, 106.939, 106.583, 106.6495, 105.758, 105.912, 106.275, 106.3895, 105.787, 105.446]
Minima:
[210.592, 157.991, 134.319, 122.323, 116.172, 112.664, 110.072, 108.187, 106.583, 105.957, 106.221, 105.409, 105.591, 105.616, 106.068, 105.537, 105.225]
Variance:
[0.803113458796, 1.0958326807749998, 0.5154930531909999, 0.14203736187099986, 0.16727106227099992, 0.02154201857599998, 0.014251557616000006, 0.11987916409599984, 0.039741954000000024, 0.08365752209600007, 0.01765967115099996, 0.01767487052399997, 0.03695889879599997, 0.09617653179100003, 0.02026023797500005, 0.08461198150000007, 0.17196411723100002]
Algorithm: CRSMerge
Medians:
[195.381, 154.191, 138.462, 131.083, 126.39, 124.155, 122.599, 122.319, 122.882, 122.617, 123.809, 124.173, 124.9985, 125.8175, 127.713, 127.0005, 127.145]
Minima:
[195.093, 153.935, 138.153, 130.953, 126.271, 124.049, 122.499, 122.2, 122.784, 122.465, 123.589, 124.077, 124.908, 125.698, 127.575, 126.902, 127.049]
Variance:
[0.03419330043899981, 4.064429964544001, 3.2351970978839995, 0.026184518399999926, 0.08805030879899994, 0.006952370550999991, 0.012299416783999968, 0.009723847118999979, 0.01200349131100005, 0.027093579899999973, 0.08748239579900023, 0.07965716389999994, 0.03473313183600015, 0.014223439630999948, 0.014909306430999891, 0.009336884364000004, 0.0054278039510000375]
Algorithm: CSB
Medians:
[148.8105, 115.809, 101.6945, 93.36545, 88.4571, 86.00855, 83.53555, 82.485, 81.346, 80.9212, 81.0258, 80.57605000000001, 80.2031, 80.2569, 80.4169, 80.20245, 80.1301]
Minima:
[148.582, 115.051, 101.244, 92.922, 88.218, 85.5119, 83.36, 82.202, 81.176, 80.786, 80.7509, 80.4181, 80.097, 80.076, 80.168, 80.003, 79.987]
Variance:
[0.02858571627899991, 0.06408390107099998, 0.048452155855999934, 0.014388584786359985, 0.007394503944309998, 0.027430435593189976, 0.006340545727040002, 0.01618771366838999, 0.009587119348390044, 0.016656472579999984, 0.02096608562635999, 1.33126295913196, 1.1118418664715104, 2.66462038244204, 0.008620205716709992, 0.012562567073589973, 0.026872624115000018]
Algorithm: BlockCOH
Medians:
[197.462, 169.555, 164.558, 161.063, 155.092, 156.447, 158.268, 159.225, 160.356, 161.3775, 164.026, 163.36950000000002, 164.889, 166.713, 169.212, 168.257, 168.588]
Minima:
[197.192, 169.257, 164.194, 160.863, 154.854, 156.16, 158.002, 159.012, 160.124, 161.004, 163.681, 163.12, 164.673, 166.521, 168.962, 168.083, 168.419]
Variance:
[0.02176347983099995, 0.05582593977499991, 0.013431612315999967, 0.10012668471099997, 0.011111737055999913, 0.013879578864000031, 0.01368985727100004, 0.07429288797500011, 0.037926813099999845, 0.09172465297499995, 0.017478358956000178, 0.0166611896389999, 0.019745976398999956, 0.03249700825600009, 0.01094131031599997, 0.3900437504710003, 6.300018287855999]
