Threads:
[ 2  3  4  5  6  7  8  9 10 11 12 13 14 15 16 17 18]
Algorithm: sequential
Medians:
[614.019]
Minima:
[613.377]
Variance:
[14.017203609350998]
Algorithm: OpenMP
Medians:
[351.199, 276.4285, 254.831, 242.7865, 235.1655, 230.168, 227.946, 226.752, 225.906, 225.149, 225.734, 223.349, 222.51049999999998, 221.87849999999997, 222.6, 220.109, 219.225]
Minima:
[350.948, 276.081, 254.557, 242.655, 235.028, 230.04, 227.752, 226.585, 225.777, 224.935, 225.538, 223.188, 222.36, 221.616, 222.362, 220.01, 219.096]
Variance:
[16.274646067030996, 0.26273675646399924, 0.04436838255600031, 0.05281385539099999, 19.800757551975003, 0.08170982495600007, 0.0553311573440002, 0.09394248407599971, 0.2674638697749994, 0.1456310310790002, 0.022958585100000116, 0.06684740439100031, 0.08743617303599997, 0.17248956143599975, 6.676803066959001, 0.08236616479900022, 3.8112941703999983]
Algorithm: TBB
Medians:
[365.8535, 284.84950000000003, 259.26, 246.118, 238.386, 232.5765, 229.114, 227.337, 226.224, 225.405, 225.992, 223.6015, 222.751, 221.988, 222.6565, 220.391, 219.50650000000002]
Minima:
[365.098, 284.551, 258.964, 245.896, 238.189, 232.229, 228.611, 226.994, 225.803, 224.867, 225.606, 223.153, 221.99, 221.357, 222.252, 219.918, 219.007]
Variance:
[1666.564487680279, 0.08680341683900011, 20.847530438679005, 0.05568484311099988, 0.07976749211099989, 6.279868129551, 22.001015158284, 0.051575643375000035, 24.025035308, 1.008206242071, 4.992654216191002, 17.388418486718994, 0.6353148162309996, 0.3929651034790002, 0.08197878955100005, 0.06910933079599997, 0.11040755718399987]
Algorithm: TBB_graphs_6
Medians:
[366.9095, 284.915, 259.421, 246.1, 238.261, 232.40949999999998, 229.023, 227.3365, 226.329, 225.55, 226.031, 223.609, 222.7765, 222.013, 222.638, 220.414, 219.722]
Minima:
[366.25, 284.004, 258.939, 245.649, 237.916, 232.003, 228.679, 226.97, 225.948, 225.098, 225.572, 223.275, 222.45, 221.661, 222.094, 220.099, 219.363]
Variance:
[0.15130090979899966, 29.386716544304008, 0.31110411960000023, 0.08559492787900037, 0.41688645737500046, 0.7225113917189997, 9.304794363550998, 7.883245568079001, 0.5082556961510001, 0.37259492655599946, 23.42701162159999, 0.35764226371900015, 0.5372640599590002, 0.3917051507749993, 0.382813854144, 0.8080687135910012, 0.7306722683749999]
Algorithm: Threadpool_10
Medians:
[367.293, 285.8115, 260.174, 246.641, 238.842, 233.067, 229.557, 227.871, 226.8425, 226.355, 226.536, 224.0435, 223.429, 222.87650000000002, 223.2425, 220.903, 220.343]
Minima:
[366.809, 284.89, 259.239, 246.053, 238.413, 232.663, 229.23, 227.652, 226.521, 225.646, 225.711, 223.838, 223.114, 222.297, 222.819, 220.677, 219.883]
Variance:
[19.523737575376003, 8.168384219899997, 1.1556920980000014, 34.134454380336, 0.2178414580390001, 0.33009481601600027, 23.397282901071, 0.08886073491900015, 0.09796673012400006, 0.092235442044, 22.990420059070996, 0.16525122671600007, 0.26406880560000023, 0.2144783901239996, 1.5210138047750006, 0.3298511180160004, 0.5370880916439996]
Algorithm: CRSMerge
Medians:
[350.766, 276.0615, 254.7295, 242.727, 235.125, 230.168, 228.061, 226.8, 226.005, 225.2, 225.759, 223.331, 222.567, 221.8145, 222.483, 220.211, 219.50650000000002]
Minima:
[350.481, 275.716, 254.426, 242.592, 234.976, 230.042, 227.91, 226.675, 225.843, 225.0, 225.478, 223.175, 222.452, 221.641, 222.305, 220.097, 219.394]
Variance:
[9.077104561078999, 0.25660803660400017, 0.04628346009599996, 0.03948729897500003, 0.0527108538310001, 21.908094640844002, 0.027681388550999952, 23.639903370471004, 0.27852905223599966, 0.0782438993110002, 0.042634445135999996, 24.256776813600002, 0.056943050439000234, 1.043570598759001, 5.577671038030999, 0.02113946759100003, 0.22504082929599983]
Algorithm: CSB
Medians:
[315.62199999999996, 238.371, 207.92450000000002, 187.7745, 179.091, 171.218, 166.383, 166.27, 165.524, 162.706, 164.305, 161.278, 161.822, 160.487, 160.034, 157.802, 156.5845]
Minima:
[314.649, 235.7, 205.644, 187.511, 178.872, 170.973, 166.208, 166.047, 165.378, 162.49, 164.015, 161.165, 161.694, 160.319, 159.759, 157.644, 156.441]
Variance:
[0.14203909439999987, 0.42218029918400024, 0.3703275649750002, 0.22882209303899964, 0.03113424011099999, 0.08517173623100004, 0.17353469111600026, 0.022601071100000047, 24.525883670958997, 0.07366945587100025, 0.029763029751000113, 17.526044672879003, 0.5741480543960001, 6.1357462490840025, 3.5748960233559997, 17.8100716999, 0.2144028701760003]
Algorithm: BlockCOH
Medians:
[303.4145, 248.7305, 231.13549999999998, 218.96949999999998, 220.229, 214.39, 210.684, 211.66, 214.699, 220.6155, 223.77, 221.37, 221.481, 221.785, 222.438, 221.6995, 223.211]
Minima:
[302.98, 248.346, 230.683, 218.729, 219.993, 214.156, 210.446, 211.404, 214.452, 220.24, 223.382, 221.09, 221.23, 221.37, 222.207, 221.289, 222.659]
Variance:
[0.10509925671100014, 0.23623022108400019, 0.10066816372400018, 0.07967997497500023, 0.1283182196789998, 25.308582009323995, 0.016663606704000113, 0.08552176846400027, 0.026424545878999943, 28.336442547424003, 1.9441766941509995, 11.146572594236, 0.5365937075999998, 1.810191928638999, 0.09364027049599988, 8.994218496063997, 5.011228615083998]
