Threads:
[ 2  3  4  5  6  7  8  9 10 11 12 13 14 15 16 17 18]
Algorithm: sequential
Medians:
[607.5195]
Minima:
[606.89]
Variance:
[44.22988686865598]
Algorithm: OpenMP
Medians:
[348.80150000000003, 274.719, 253.154, 241.053, 233.656, 228.759, 226.365, 224.917, 224.059, 223.191, 223.704, 221.397, 220.6045, 219.85, 220.7955, 218.4255, 217.502]
Minima:
[348.45, 274.138, 252.727, 240.642, 233.236, 228.313, 225.91, 224.562, 223.542, 222.632, 223.239, 220.916, 220.025, 219.212, 220.037, 217.677, 216.859]
Variance:
[0.21971528868399992, 0.19676620935600053, 0.06530997183099994, 0.055821310311000016, 20.468070602736, 0.07451892497599996, 0.25143074732399984, 0.036172795195999884, 0.14759133397500027, 0.1260144039750003, 0.09170785729600028, 0.11806228687099977, 8.727207397751, 2.5156538154390002, 0.2355357790999999, 0.13068964987900009, 0.12940566127900008]
Algorithm: TBB
Medians:
[363.2095, 282.7025, 257.7125, 244.504, 236.872, 231.2865, 227.8825, 225.937, 225.001, 224.204, 224.689, 222.255, 221.35250000000002, 220.678, 221.4105, 219.0765, 218.309]
Minima:
[362.829, 281.936, 256.72, 243.886, 236.313, 230.611, 227.145, 225.334, 224.101, 223.361, 223.879, 221.447, 220.381, 219.852, 220.488, 218.256, 217.487]
Variance:
[0.15494363563899988, 0.18915770977500007, 0.12018332543599984, 0.19882389313600007, 0.1072514560710003, 0.06897170404400015, 21.609793027724002, 0.0879179039840003, 11.487552562078998, 8.680175267884001, 0.3144586060440001, 24.03958059631601, 0.09475899417600027, 0.1448939455999997, 20.768094185551, 0.18459996615899993, 0.139432501975]
Algorithm: TBB_graphs_6
Medians:
[364.15700000000004, 283.881, 265.91200000000003, 256.7685, 251.543, 246.288, 242.9635, 241.474, 239.8185, 238.19799999999998, 237.5035, 235.25799999999998, 233.44650000000001, 233.0645, 232.78, 231.4105, 230.003]
Minima:
[363.231, 281.123, 256.925, 243.942, 238.599, 230.865, 227.469, 227.536, 226.272, 224.96, 224.973, 223.324, 222.862, 222.155, 223.072, 221.267, 220.987]
Variance:
[235.139685696431, 360.889638566604, 288.094419845664, 271.1824400959749, 213.13568141777603, 161.341927204191, 134.66061404374403, 107.68509113097501, 81.23719503587101, 69.836475707519, 61.101615827324, 51.366942118016, 44.468257143590996, 39.85105472281601, 32.805099793591, 29.017538784110993, 27.249946028391]
Algorithm: Threadpool_10
Medians:
[401.673, 321.242, 289.94, 271.7265, 260.24, 251.97250000000003, 246.233, 242.472, 240.131, 238.066, 237.0285, 234.422, 233.2405, 232.2625, 231.816, 229.348, 228.57850000000002]
Minima:
[399.088, 319.067, 287.943, 270.073, 259.026, 251.064, 245.445, 241.821, 239.207, 237.128, 236.363, 233.859, 232.465, 231.269, 230.927, 228.659, 227.648]
Variance:
[55.57883923789999, 15.4162946195, 3.1728288582840003, 1.0867345697749993, 0.38664893830400043, 0.4783975823509999, 0.4153519569750002, 0.2836971767750002, 24.906528526630986, 0.3186541612639999, 0.26771591564399955, 0.3136490354360001, 0.3746551570359998, 7.313777121311, 7.612888579774999, 0.5224146969559997, 0.48373647593599967]
Algorithm: CRSMerge
Medians:
[345.973, 274.479, 252.984, 241.46, 234.038, 229.394, 227.74, 226.669, 225.796, 225.00650000000002, 225.3145, 223.049, 222.2375, 221.415, 222.052, 219.688, 218.819]
Minima:
[345.711, 274.094, 252.671, 241.295, 233.907, 229.237, 227.606, 226.522, 225.645, 224.819, 225.044, 222.942, 222.075, 221.211, 221.899, 219.571, 218.68]
Variance:
[0.09546057887099973, 0.14211276921599902, 0.04321335651100004, 0.06980486513600026, 0.05394902628400009, 0.2273489736000003, 21.847952399423995, 0.047325523104000095, 0.09405733390000003, 0.17737836755900013, 29.243764908704, 5.365146217776002, 0.25033609956399994, 0.10454356360000003, 0.6208349776000003, 0.10212146360000018, 32.1301216664]
Algorithm: CSB
Medians:
[308.33, 234.3075, 205.79649999999998, 191.75, 182.638, 178.905, 177.15949999999998, 177.218, 178.467, 179.778, 180.852, 180.727, 181.7415, 183.97250000000003, 185.7935, 183.094, 183.724]
Minima:
[307.674, 233.519, 205.134, 191.421, 182.219, 178.531, 176.682, 176.732, 177.667, 178.967, 180.276, 180.131, 181.067, 183.242, 184.893, 182.019, 182.357]
Variance:
[0.07076958783599997, 0.07732542407900012, 2.9305080810559994, 0.05946227196399983, 0.12729107840000015, 0.060511057584000015, 21.875143159823995, 0.17386886534400006, 10.083861849995998, 7.731749233104001, 0.5070633299639996, 0.04297263825599994, 0.091371582524, 0.16964922879900005, 0.14379831107099975, 0.3225170251000005, 0.4031693984960002]
Algorithm: BlockCOH
Medians:
[324.5985, 258.07550000000003, 245.41, 228.519, 226.146, 221.61, 220.9435, 219.154, 214.4185, 217.185, 217.715, 220.16, 222.1, 221.16250000000002, 222.91, 221.554, 220.7625]
Minima:
[324.283, 257.665, 245.007, 228.249, 225.854, 221.349, 220.685, 218.915, 214.144, 216.784, 217.367, 219.87, 221.796, 220.82, 222.619, 221.017, 220.286]
Variance:
[0.07390119191099966, 0.3274256370790007, 0.04407420759999988, 0.05537050966399994, 0.0742685406709998, 0.0798651929560002, 12.651601801351001, 26.08045199172399, 0.08382768503600023, 0.17091084647099994, 23.467037308156, 0.03139279455100015, 0.4980084481239998, 0.31059034131100005, 0.10592339310000005, 2.4581015054560003, 3.7463110403590023]
