Threads:
[ 2  3  4  5  6  7  8  9 10 11 12 13 14 15 16 17 18]
Algorithm: sequential
Medians:
[632.842]
Minima:
[632.27]
Variance:
[0.4355075693750001]
Algorithm: OpenMP
Medians:
[357.422, 285.5315, 266.312, 254.852, 247.022, 242.608, 241.251, 240.55349999999999, 239.701, 238.827, 239.381, 236.791, 235.798, 234.839, 235.438, 232.9065, 231.989]
Minima:
[357.198, 285.213, 266.037, 254.751, 246.869, 242.464, 241.098, 240.429, 239.563, 238.641, 239.195, 236.624, 235.634, 234.667, 235.325, 232.782, 231.878]
Variance:
[0.18706973063899954, 0.16545704211100024, 0.09166201204399946, 0.12561958996400033, 9.261858598416003, 7.150004815974997, 0.2515876117440006, 0.06120248859100006, 26.868007723963995, 0.11522739797500049, 0.07502744105599994, 0.1727965541510001, 0.08039264607599986, 0.1280986607749999, 22.320010174071, 0.020464140390999874, 0.19594070240000008]
Algorithm: TBB
Medians:
[373.085, 294.7455, 272.92650000000003, 260.719, 252.668, 246.116, 242.598, 241.152, 240.173, 239.33249999999998, 239.849, 237.14, 236.136, 235.1905, 235.769, 233.221, 232.3105]
Minima:
[372.821, 294.149, 272.543, 260.402, 252.344, 245.716, 242.206, 240.792, 239.854, 238.865, 239.404, 236.756, 235.38, 234.638, 235.278, 232.747, 231.939]
Variance:
[8.631252622775001, 11.113586620479, 0.18077160790000008, 24.222624486876, 22.564538137775, 0.08590756780399991, 0.0793999823839998, 0.1361288310239997, 0.26047914254399973, 27.527020638400007, 0.07050640655899994, 4.385357281504, 26.860389456476003, 7.467907671164, 4.386613721343999, 0.2449198309989998, 0.1262865343749999]
Algorithm: TBB_graphs_6
Medians:
[371.392, 293.394, 271.7285, 259.556, 251.491, 245.135, 242.07, 240.804, 239.908, 239.076, 239.527, 236.86149999999998, 235.79250000000002, 234.88850000000002, 235.469, 232.926, 232.24]
Minima:
[370.966, 292.781, 271.137, 259.072, 251.118, 244.783, 241.754, 240.549, 239.591, 238.671, 239.079, 236.593, 235.467, 234.618, 235.141, 232.669, 231.946]
Variance:
[0.12554229539100054, 1.0899984592310006, 0.7151601290789993, 0.14126892197500016, 0.370102871356001, 0.2527119280640007, 0.1392005028760003, 0.09198633260399981, 0.31919097617600006, 10.570015629435998, 30.60431189787901, 0.353726819644, 0.24199247431600018, 23.479480172671007, 0.18235390077499972, 0.2822259689749998, 0.6191748312160004]
Algorithm: Threadpool_10
Medians:
[372.125, 294.7785, 272.1195, 259.919, 251.908, 245.584, 242.5405, 241.317, 240.575, 239.95850000000002, 240.005, 237.373, 236.4315, 235.6375, 235.962, 233.477, 232.808]
Minima:
[371.722, 293.605, 271.625, 259.711, 251.646, 245.356, 242.298, 241.065, 240.244, 239.419, 239.412, 237.127, 236.142, 235.152, 234.788, 233.276, 232.423]
Variance:
[0.23891421115100026, 3.684798162374999, 2.6485527575, 0.1458864474240003, 0.10015555313599966, 33.414984210176, 8.287069174358995, 0.2966159718360006, 27.01220850899101, 0.21745958225599968, 0.1438372132760001, 0.13930506711100013, 1.6335080435000002, 0.24775920475099986, 0.3332311089240003, 0.16653214945600017, 0.6448628906559999]
Algorithm: CRSMerge
Medians:
[357.496, 285.702, 266.258, 254.62, 246.7935, 242.508, 241.194, 240.3955, 239.559, 238.718, 239.26350000000002, 236.664, 235.6695, 234.719, 235.333, 232.796, 232.061]
Minima:
[357.155, 285.153, 265.951, 254.469, 246.599, 242.333, 241.066, 240.229, 239.391, 238.512, 238.963, 236.482, 235.49, 234.539, 235.081, 232.659, 231.902]
Variance:
[0.08045183459900031, 13.316868300395996, 7.833458139100002, 0.1746586665440006, 24.665368447975002, 0.14604009619100025, 0.05504125783600021, 26.93351144884401, 0.03571295031600001, 0.13534282677499998, 0.11362607292400029, 0.20743134774399968, 0.1145661859110001, 0.14285071857600007, 0.5236120073750005, 7.067446689590999, 1.2574721934559996]
Algorithm: CSB
Medians:
[341.743, 256.672, 217.769, 196.0435, 183.1855, 173.3345, 166.359, 161.973, 158.953, 155.843, 154.406, 151.857, 149.279, 146.84, 145.231, 142.468, 140.436]
Minima:
[340.932, 255.38, 217.462, 195.777, 182.793, 172.88, 165.918, 161.779, 158.797, 155.5, 154.129, 151.447, 149.149, 146.693, 144.972, 142.328, 140.286]
Variance:
[17.477033604871, 1.758331301198997, 0.09182804287899995, 0.06042151547900018, 0.15778455193599994, 0.06954165491900002, 0.12961101201600006, 0.4213395031359996, 0.06752421729600012, 0.11095219590000018, 0.07563816915099993, 0.08089563292399998, 0.0819392239, 0.08585779443900016, 2.1571363151589993, 4.343321940976001, 0.1860674861759997]
Algorithm: BlockCOH
Medians:
[360.613, 315.283, 302.5775, 284.638, 294.642, 288.58, 286.085, 284.0185, 286.518, 297.108, 307.3345, 304.392, 304.003, 304.5215, 304.92, 303.223, 304.3155]
Minima:
[360.209, 314.825, 302.08, 284.315, 294.358, 288.259, 285.751, 283.666, 286.219, 296.589, 306.913, 303.982, 303.711, 304.131, 304.329, 302.36, 303.564]
Variance:
[0.25509084478400024, 26.774650142095993, 0.09211204161600048, 0.10045030267899985, 0.11958098652399964, 30.401088234375006, 0.17776564589999957, 0.08369215561599987, 28.314737312684006, 12.046200635436007, 6.162612053271001, 0.730691179936001, 28.348192375356, 0.6075505331040009, 1.1785299783159995, 47.71093833735901, 2.042973761871]
