Threads:
[ 2  3  4  5  6  7  8  9 10 11 12 13 14 15 16 17 18]
Algorithm: sequential
Medians:
[200.154]
Minima:
[199.808]
Variance:
[0.1355093127750002]
Algorithm: OpenMP
Medians:
[104.8785, 73.427, 58.4259, 49.3531, 43.488, 40.0975, 37.488, 36.03305, 34.9181, 34.25205, 34.0641, 33.7, 33.7281, 33.8809, 34.2128, 34.1511, 34.3149]
Minima:
[104.55, 73.2431, 58.0652, 49.082, 43.3421, 39.9659, 37.364, 35.9471, 34.8349, 34.152, 33.936, 33.6239, 33.6459, 33.8011, 33.9639, 34.0872, 34.2529]
Variance:
[0.11484751789999986, 0.047534908127360054, 0.04275903631670994, 0.03080000076238998, 0.032660264375999955, 0.06864016545263997, 0.058731588799189965, 0.0024227949640000103, 0.002746395914839991, 0.03915606423184, 0.008873893607750013, 0.030129320198040023, 0.05169736157950998, 0.04403252070679002, 0.024118623703999996, 0.11733812293323999, 0.004808190720640003]
Algorithm: TBB
Medians:
[107.351, 74.73349999999999, 59.285399999999996, 49.6728, 43.9022, 40.09255, 37.636, 36.01445, 34.8651, 34.0538, 33.88955, 33.3791, 33.3779, 33.474, 33.856049999999996, 33.855, 33.9401]
Minima:
[107.107, 74.264, 58.8729, 49.3309, 43.602, 39.854, 37.4291, 35.8391, 34.687, 33.89, 33.6719, 33.231, 33.2291, 33.349, 33.7191, 33.7229, 33.8199]
Variance:
[0.1108807375, 0.12699281213436003, 0.02678520148918997, 0.03752455948284002, 0.02926747087911002, 0.00794254414399, 0.007016562163840011, 0.03417559693679, 0.007392766625589991, 0.005613111539999977, 0.0055811509860400075, 0.006457013949190004, 0.007163146813239989, 0.040858023614360015, 0.00406853818639, 0.028260132107640005, 0.006802308781910011]
Algorithm: TBB_graphs_6
Medians:
[110.3375, 78.7361, 62.9286, 53.641999999999996, 48.10355, 44.0184, 41.600300000000004, 39.8891, 38.239000000000004, 37.36795, 36.935, 36.464, 36.3315, 36.36065, 36.438, 36.5976, 36.80145]
Minima:
[105.976, 74.2671, 58.8348, 49.8681, 44.632, 40.8101, 38.7111, 36.9229, 35.4919, 35.0041, 34.6689, 34.2319, 34.1799, 34.179, 34.5528, 34.4911, 34.6661]
Variance:
[15.070518384774998, 12.05283140163775, 11.40181657980839, 6.34661091501724, 8.35943256402124, 6.8106226696870396, 5.90610233489584, 6.24964077471436, 5.07274273889759, 4.08116165481231, 3.738255805879, 3.4404162028177603, 3.13678968979631, 2.54153232889436, 2.201516699239, 2.1616722524199896, 1.995441393751]
Algorithm: Threadpool_10
Medians:
[108.912, 77.10900000000001, 61.469449999999995, 51.473, 45.4412, 41.680350000000004, 39.1251, 37.2212, 36.1431, 35.30145, 34.971, 34.2259, 34.2531, 34.353, 34.497, 34.42845, 34.617549999999994]
Minima:
[106.399, 75.985, 60.6759, 50.808, 44.986, 41.2791, 38.6672, 36.876, 35.7831, 34.9581, 34.6699, 34.0021, 33.9439, 34.0631, 34.2331, 34.2581, 34.452]
Variance:
[1.3675347890240004, 2.0046093199719603, 0.3520004635431101, 0.33987006806076, 0.14808938130400007, 0.05535203240774999, 0.03863911805374999, 8.08906857008375, 0.021122652943909994, 0.030638547088160047, 0.046605904038360006, 0.040513424769990015, 0.06621931659744, 0.018633495626790002, 0.015284812335639983, 0.06148285329799003, 0.04122531218555999]
Algorithm: CRSMerge
Medians:
[108.188, 75.80005, 60.183, 50.674099999999996, 45.0859, 41.213, 38.383, 36.8099, 35.496, 34.6739, 34.4191, 33.952, 33.762100000000004, 33.803, 34.23, 34.0779, 34.2429]
Minima:
[107.939, 75.619, 59.9852, 50.5071, 44.9381, 41.0578, 38.269, 36.6809, 35.347, 34.559, 34.2071, 33.8359, 33.673, 33.6962, 34.127, 33.998, 34.1611]
Variance:
[0.030829753056000053, 0.028952437141589953, 8.03867606425639, 0.005464817222240014, 0.003805617751000009, 0.004883917534840001, 0.007970033505590017, 0.00608706847515999, 0.007702692423999988, 0.006573171620000009, 0.0028320229899099904, 0.09364702128398997, 0.03246323677591005, 0.07766412970599, 0.03613599940375004, 0.002426302982789987, 0.04402235411911]
Algorithm: CSB
Medians:
[74.76105000000001, 55.8159, 48.0061, 43.4761, 41.7979, 40.602, 40.683, 40.6389, 40.792, 41.0171, 41.4619, 41.94555, 42.07445, 42.5155, 42.9139, 43.148, 43.566]
Minima:
[74.5459, 55.608, 47.7469, 43.294, 41.554, 40.3719, 40.4811, 40.4351, 40.6189, 40.7879, 41.255, 41.677, 41.775, 42.13, 42.5768, 42.7022, 43.16]
Variance:
[0.04417320404918995, 0.013944700091590006, 0.006723394683510005, 0.019050135617750007, 0.007939207417190019, 0.0062437635199899776, 0.004579669113509982, 0.005077677886309996, 0.42252164320944, 0.009978494465909999, 0.03775378425798997, 0.02461314940511001, 0.47565595052956006, 0.6980236132800003, 0.09063406342043999, 0.99841649242816, 0.01375341487035999]
Algorithm: BlockCOH
Medians:
[111.012, 82.72745, 67.24, 60.298550000000006, 59.614999999999995, 57.707449999999994, 55.501, 54.5549, 53.687, 52.8121, 51.8166, 50.9045, 49.767, 49.78145, 49.2799, 48.86745, 48.4829]
Minima:
[110.51, 82.3309, 67.0178, 59.7939, 59.0942, 57.435, 55.253, 54.291, 53.4139, 52.346, 51.4641, 50.4479, 49.5231, 49.5291, 49.01, 48.7039, 48.173]
Variance:
[0.02957931397500001, 5.29093853100256, 0.01066975345835997, 0.02965559897710998, 0.03653386422951, 0.03432961628191001, 0.02406361735239, 0.022900541364439975, 0.07319256277550999, 0.053615761399039986, 0.017121032957909985, 0.10283699406078994, 0.011566578549190009, 0.010215809023589989, 0.035763378191040016, 6.9594821809879095, 0.07065905322384003]
