2 3 4 5 6 7 8 9 10 11 12 13 14
Running sequential algorithm
Time to set up datastructures: 6009.78ms
295.353, 295.654, 295.489, 295.698, 295.802, 295.748, 295.54, 295.683, 295.823, 295.46, 296.321, 295.42, 295.719, 295.627, 295.701, 295.568, 295.55, 295.452, 295.653, 295.901, 295.455, 295.7, 295.52, 295.954, 296.122, 295.642, 296.117, 295.58, 295.75, 295.599, 295.469, 295.414, 295.474, 295.818, 295.49, 295.593, 295.688, 296.22, 295.556, 295.595, 295.447, 295.33, 295.671, 295.558, 295.489, 295.583, 295.961, 295.464, 295.541, 295.351, 295.594, 295.87, 295.437, 295.889, 295.464, 295.787, 295.329, 296.693, 295.77, 295.549, 296.707, 295.352, 295.605, 295.64, 296.31, 295.305, 295.465, 295.634, 295.637, 295.528, 295.587, 295.65, 295.467, 295.627, 295.647, 295.51, 295.506, 295.664, 296.007, 295.532, 295.704, 296.476, 295.594, 295.362, 295.551, 295.501, 295.518, 296.061, 295.439, 295.649, 295.466, 297.926, 295.662, 295.976, 295.768, 295.391, 296.597, 295.401, 295.566, 295.312, 
Running OpenMP implementation
Time to set up datastructures: 8972.48ms
155.333, 155.413, 155.389, 155.333, 155.433, 155.471, 155.448, 155.343, 155.422, 155.395, 155.306, 155.434, 155.524, 155.272, 155.489, 155.332, 155.516, 155.284, 155.636, 155.646, 155.552, 155.453, 155.622, 155.303, 155.419, 155.436, 155.337, 155.672, 155.345, 155.345, 155.318, 155.404, 155.304, 155.428, 155.402, 155.364, 155.428, 155.667, 155.466, 155.297, 155.388, 155.289, 155.402, 155.346, 155.717, 155.32, 155.215, 155.38, 155.4, 155.313, 155.498, 155.443, 155.474, 155.388, 155.355, 155.314, 155.439, 155.388, 155.268, 155.339, 155.575, 155.36, 155.519, 155.421, 155.568, 155.267, 155.394, 155.255, 155.364, 155.377, 155.648, 155.323, 155.337, 155.416, 155.478, 155.277, 155.549, 155.579, 155.463, 155.362, 155.453, 155.459, 155.328, 155.429, 155.328, 155.432, 155.469, 155.449, 155.317, 155.552, 155.417, 155.415, 155.354, 155.27, 155.476, 155.534, 155.581, 155.447, 155.399, 155.348, 
Time to set up datastructures: 7208.3ms
108.442, 108.241, 108.138, 108.325, 108.243, 108.211, 108.208, 108.181, 108.363, 108.377, 108.378, 108.454, 108.199, 108.134, 108.213, 108.112, 108.348, 108.117, 108.142, 108.693, 108.062, 108.413, 108.331, 108.102, 108.14, 108.081, 108.354, 108.742, 108.085, 108.118, 108.158, 108.153, 108.178, 108.643, 108.316, 108.2, 108.223, 108.155, 108.767, 108.049, 108.443, 108.161, 108.143, 108.221, 108.144, 109.112, 108.312, 108.17, 108.143, 108.181, 108.265, 108.165, 108.195, 108.118, 108.075, 108.111, 108.395, 108.387, 108.439, 108.224, 108.195, 108.189, 109.064, 108.537, 108.743, 108.175, 108.181, 108.143, 108.154, 108.508, 108.063, 108.191, 108.135, 108.18, 108.112, 108.738, 108.467, 108.495, 108.084, 108.109, 108.129, 108.154, 108.164, 108.128, 108.147, 108.357, 108.171, 108.23, 108.233, 108.191, 108.06, 108.127, 108.362, 108.306, 108.583, 108.496, 108.325, 108.242, 108.173, 108.095, 
Time to set up datastructures: 11352.2ms
86.8039, 86.761, 86.777, 86.7271, 86.7779, 86.9491, 86.8509, 86.755, 86.8299, 86.8411, 86.8311, 86.7949, 86.7212, 87.044, 86.8139, 86.807, 86.7579, 86.791, 86.746, 86.8428, 86.8571, 86.7851, 86.7651, 86.776, 86.8249, 86.699, 86.782, 86.781, 86.8859, 86.725, 86.822, 86.766, 86.7782, 86.7729, 86.746, 86.6899, 86.6802, 86.8359, 86.7372, 86.798, 86.724, 86.808, 86.787, 86.8812, 86.8139, 86.8671, 86.7529, 86.7381, 86.715, 86.9861, 86.8759, 86.762, 86.813, 86.735, 86.731, 86.8111, 86.7848, 86.7791, 86.735, 86.6339, 86.889, 86.73, 86.7469, 86.705, 86.7698, 86.796, 86.7822, 86.7929, 86.8421, 86.76, 86.7798, 86.7071, 86.7391, 86.8349, 86.7939, 86.7891, 86.7829, 86.6981, 86.7851, 86.7419, 86.8042, 86.762, 86.688, 86.9548, 86.719, 86.7591, 86.714, 86.7898, 86.776, 86.8709, 86.8709, 86.8251, 86.7701, 86.7779, 86.724, 86.761, 86.791, 86.7329, 86.7929, 86.8042, 
Time to set up datastructures: 10879.6ms
73.8871, 73.761, 74.12, 73.7219, 73.7331, 73.7021, 73.678, 73.7109, 73.766, 73.6592, 73.766, 73.8809, 73.869, 73.729, 73.7259, 74.007, 73.6439, 73.6978, 73.7691, 73.786, 73.6871, 73.8111, 73.7209, 73.704, 73.673, 73.7, 73.699, 73.7619, 73.7669, 73.812, 73.7321, 73.684, 73.72, 73.9031, 73.688, 73.772, 73.746, 73.6601, 73.8139, 73.6921, 73.7638, 73.7321, 73.801, 73.7939, 73.7481, 73.7629, 73.915, 73.7171, 73.7209, 73.7491, 73.71, 73.72, 73.714, 73.7779, 73.7679, 73.725, 73.7281, 73.7159, 73.6952, 73.8678, 73.735, 73.6902, 73.7259, 73.7062, 73.6709, 73.7929, 73.7491, 73.812, 73.7782, 73.797, 73.7069, 73.786, 73.6911, 73.7169, 73.8201, 73.765, 73.787, 73.7062, 73.7669, 73.7469, 73.7, 73.7441, 73.6921, 73.7221, 73.709, 73.689, 73.828, 73.684, 73.6949, 73.7081, 73.704, 73.6899, 73.8111, 73.8142, 73.7488, 73.7028, 73.699, 73.688, 73.674, 73.7331, 
Time to set up datastructures: 11718ms
65.8019, 65.7909, 65.9361, 65.8889, 65.7771, 65.8541, 65.841, 65.8469, 65.8371, 65.8181, 65.8169, 65.86, 65.8371, 65.7768, 65.8429, 66.025, 65.81, 65.8162, 65.922, 65.7969, 65.798, 65.8491, 65.794, 65.8879, 65.8081, 65.8469, 65.7911, 65.8929, 65.829, 65.8391, 65.8231, 65.7911, 65.8598, 65.8982, 65.8379, 65.8321, 65.918, 65.86, 65.7818, 65.8109, 65.8171, 65.7959, 65.7761, 65.7818, 65.834, 65.9602, 65.841, 65.8109, 65.8648, 65.8481, 65.9621, 65.917, 65.819, 65.7899, 65.9471, 65.8779, 65.8419, 65.834, 65.8031, 65.8522, 65.8259, 65.8729, 65.8109, 65.902, 65.789, 65.7811, 65.793, 65.954, 65.943, 65.7902, 65.8338, 65.8031, 65.841, 65.856, 65.798, 65.8331, 65.8948, 65.824, 65.8579, 65.9311, 65.8941, 65.8569, 65.8669, 65.7909, 65.8321, 65.819, 65.865, 65.861, 65.8309, 65.7542, 65.8879, 65.7692, 65.9258, 65.908, 65.804, 65.8569, 65.829, 65.7721, 65.7458, 65.8672, 
Time to set up datastructures: 11763.3ms
61.403, 61.471, 61.3382, 61.4948, 61.4481, 61.425, 61.425, 62.712, 61.852, 61.465, 61.413, 61.4169, 61.3868, 61.404, 61.4731, 61.3871, 61.367, 61.3611, 61.7049, 61.44, 61.4631, 61.3809, 61.415, 61.455, 61.353, 61.3561, 61.465, 61.377, 61.408, 61.3749, 61.739, 61.4409, 61.486, 61.3561, 61.404, 61.5261, 61.487, 61.4882, 61.425, 61.4219, 61.4262, 61.9259, 61.4882, 61.372, 61.4791, 61.4729, 61.476, 61.4421, 61.3689, 61.393, 61.4541, 61.3649, 61.5821, 61.3401, 61.384, 61.4789, 61.3658, 61.377, 61.409, 61.389, 61.3961, 61.404, 61.3959, 61.3809, 61.456, 61.506, 61.3282, 61.372, 61.3909, 61.487, 61.44, 61.4161, 61.506, 61.4929, 61.5652, 61.4638, 61.4171, 61.403, 61.362, 61.4789, 61.3682, 61.5098, 61.466, 61.4679, 61.3801, 61.4479, 61.322, 61.3182, 61.5509, 61.3651, 61.332, 61.4159, 61.4181, 61.377, 61.413, 61.332, 61.3811, 61.4109, 61.4431, 61.3999, 
Time to set up datastructures: 11703.8ms
58.5752, 58.5229, 58.4691, 58.569, 58.481, 58.5151, 58.485, 58.5721, 58.4841, 58.4979, 58.4941, 58.46, 58.3839, 58.43, 58.527, 58.4271, 58.476, 58.48, 58.454, 58.563, 58.5439, 58.5401, 58.4919, 58.4791, 58.5799, 58.4741, 58.449, 58.533, 58.558, 58.4719, 58.5289, 58.5632, 58.5549, 58.605, 58.594, 58.4791, 58.5489, 58.5861, 58.502, 58.5151, 58.548, 58.5091, 58.542, 58.4509, 58.671, 58.439, 58.4869, 58.4869, 58.4192, 58.4128, 58.5201, 58.5611, 58.512, 58.532, 58.5401, 58.4879, 58.4929, 58.5051, 58.5341, 58.5408, 58.5151, 58.49, 58.4819, 58.5399, 58.5151, 58.511, 58.6081, 58.4679, 58.542, 58.4211, 58.423, 58.569, 58.5251, 58.563, 58.5189, 58.5032, 58.6889, 58.542, 58.5289, 58.47, 58.4562, 58.517, 58.4838, 58.495, 58.454, 58.6791, 58.476, 58.4731, 58.466, 58.471, 58.4919, 58.583, 58.5339, 58.614, 58.466, 58.49, 58.506, 58.6212, 58.583, 58.4588, 
Time to set up datastructures: 11678ms
56.3362, 56.3369, 56.308, 56.253, 56.365, 56.3481, 56.2301, 56.3838, 56.38, 56.392, 56.3068, 56.2642, 56.3059, 56.3669, 56.3111, 56.3581, 56.3338, 56.2692, 56.299, 56.2911, 56.211, 56.411, 56.3669, 56.3641, 56.417, 56.3729, 56.3471, 56.272, 56.2711, 56.2689, 56.272, 56.3409, 56.4752, 56.462, 56.3049, 56.335, 56.2952, 56.3262, 56.3638, 56.268, 56.3509, 56.3209, 56.2961, 56.3121, 56.4969, 56.324, 56.2892, 56.3209, 56.3331, 56.334, 56.289, 56.294, 56.3722, 56.304, 56.2899, 56.3521, 56.4771, 56.4129, 56.3209, 56.299, 56.381, 56.3972, 56.3838, 56.2959, 56.313, 56.4041, 56.355, 56.4311, 56.3788, 56.356, 56.3869, 56.361, 56.263, 56.2801, 56.3109, 56.288, 56.2928, 56.4342, 56.525, 56.7269, 56.3531, 56.324, 56.3231, 56.3021, 56.263, 56.2761, 56.313, 56.273, 56.334, 56.3428, 56.303, 56.2248, 56.9012, 56.597, 56.3309, 56.35, 56.4001, 56.344, 56.2861, 56.3638, 
Time to set up datastructures: 11467.9ms
53.8199, 53.9389, 53.901, 53.9231, 53.8778, 53.8719, 53.817, 53.828, 53.817, 53.899, 53.9, 53.8862, 53.8609, 53.8621, 53.8931, 53.7419, 53.8599, 53.808, 53.7951, 53.802, 53.8509, 53.839, 53.8208, 53.8511, 53.8869, 53.8392, 53.7498, 53.869, 53.946, 53.8251, 53.854, 53.869, 53.838, 53.88, 53.8139, 53.8499, 53.8809, 53.9441, 53.793, 53.8831, 53.9069, 53.7941, 53.91, 53.8368, 53.8611, 53.8568, 53.9131, 53.8371, 53.8778, 53.838, 53.8528, 53.879, 53.8721, 53.838, 54.559, 53.982, 53.8809, 53.8061, 53.849, 53.8969, 53.787, 53.813, 53.793, 53.782, 53.833, 53.968, 53.899, 53.834, 53.833, 53.869, 53.813, 53.8321, 53.808, 53.772, 53.8831, 53.7791, 53.874, 53.8039, 53.9069, 53.926, 53.833, 53.8962, 53.89, 53.9138, 53.8251, 54.0121, 54.4679, 53.9761, 53.92, 53.992, 53.8759, 54.0659, 53.8862, 53.827, 53.7889, 53.864, 53.8461, 53.844, 53.8101, 53.7789, 
Time to set up datastructures: 11249.1ms
51.723, 51.8389, 51.775, 51.8181, 51.806, 52.0802, 51.8739, 51.8069, 52.1281, 52.0229, 51.815, 51.851, 51.9691, 52.352, 52.088, 51.7738, 51.8539, 51.7771, 51.8229, 51.842, 51.9731, 51.899, 52.2151, 51.8429, 51.852, 51.887, 52.0461, 51.8248, 51.8909, 51.774, 51.739, 51.8091, 51.8839, 52.1061, 51.79, 51.7418, 51.7728, 51.7921, 51.7919, 51.8892, 51.7709, 51.8091, 51.93, 51.934, 52.0082, 51.815, 51.832, 51.8811, 51.9071, 51.8508, 51.8422, 51.734, 51.8548, 51.8832, 51.8718, 51.908, 51.8391, 51.8, 51.873, 51.9481, 52.139, 51.8129, 51.832, 51.82, 51.868, 51.801, 51.863, 51.815, 51.8861, 51.821, 51.7669, 51.785, 51.832, 51.7311, 51.77, 51.7709, 51.826, 51.7828, 51.805, 51.7621, 51.8188, 51.7938, 52.0182, 51.759, 51.837, 51.8019, 51.914, 52.3529, 51.7759, 51.9562, 52.418, 52.4299, 51.815, 51.8911, 51.9149, 51.76, 51.8122, 51.8811, 51.868, 51.9218, 
Time to set up datastructures: 11574.4ms
51.2459, 51.342, 51.2869, 51.2021, 51.2431, 51.2259, 51.209, 51.1851, 51.244, 51.259, 51.2249, 51.2381, 51.441, 51.3949, 51.2609, 51.2059, 51.23, 51.2888, 51.2052, 51.2218, 51.244, 51.302, 51.2362, 51.2691, 51.198, 51.2631, 51.2488, 51.2671, 51.2209, 51.2862, 51.2478, 51.285, 51.29, 51.275, 51.254, 51.2741, 51.398, 51.2259, 51.4469, 51.281, 51.312, 51.24, 51.338, 51.2671, 51.27, 51.23, 51.264, 51.2319, 51.234, 51.2528, 51.2271, 51.266, 51.266, 51.3141, 51.2791, 51.2378, 51.311, 51.2111, 51.2779, 51.2421, 51.245, 51.264, 51.244, 51.286, 51.306, 51.424, 51.2259, 51.229, 51.403, 51.2381, 51.2421, 51.2409, 51.3098, 51.209, 51.2891, 51.255, 51.3151, 51.2149, 51.291, 51.2481, 51.296, 51.244, 51.2769, 51.2371, 51.213, 51.2969, 51.234, 51.229, 51.4569, 51.2922, 51.2309, 51.2171, 51.228, 51.2161, 51.2378, 51.3229, 51.276, 51.307, 51.265, 51.3101, 
Time to set up datastructures: 11608.5ms
49.839, 49.7379, 49.684, 49.777, 49.696, 49.7479, 49.7332, 49.8149, 49.7179, 49.7541, 49.768, 49.772, 49.8331, 49.7789, 49.7479, 49.8002, 49.7439, 49.7191, 49.7129, 49.7191, 49.8879, 49.742, 49.7899, 49.7291, 49.7189, 49.7248, 49.7129, 49.737, 49.691, 49.767, 49.7172, 49.762, 49.716, 49.742, 49.8109, 49.7651, 49.753, 49.7491, 49.83, 49.814, 49.8409, 49.741, 49.7098, 49.783, 49.7172, 49.731, 49.7379, 49.772, 49.7429, 49.727, 49.7282, 49.758, 49.804, 49.7291, 49.7608, 49.953, 49.7952, 49.711, 49.763, 49.8071, 49.6781, 49.7458, 49.7532, 49.8309, 49.7601, 49.7398, 49.716, 49.736, 49.716, 49.7139, 49.7139, 49.8102, 49.788, 49.736, 49.798, 49.752, 49.7711, 49.727, 49.7439, 49.8328, 50.4591, 49.7971, 49.736, 49.7279, 49.788, 49.7761, 49.7401, 49.9389, 49.8619, 49.7639, 49.787, 49.7229, 50.0751, 49.9911, 49.8319, 49.8309, 49.7971, 49.731, 49.7491, 49.7339, 
Time to set up datastructures: 11452.4ms
49.325, 49.3312, 49.3078, 49.3259, 49.3441, 49.366, 49.3369, 49.351, 49.34, 49.3541, 49.474, 49.3891, 49.3579, 49.4061, 49.4161, 49.397, 49.3879, 49.3681, 49.401, 49.437, 49.3588, 49.366, 49.3448, 49.3922, 49.3929, 49.345, 49.34, 49.381, 49.3381, 49.366, 49.3979, 49.3481, 49.372, 49.3691, 49.4561, 49.449, 49.387, 49.3219, 49.3112, 49.3679, 49.36, 49.3999, 49.3462, 49.3701, 49.3579, 49.372, 49.3569, 49.726, 49.3979, 49.3379, 49.3588, 49.464, 49.3641, 49.397, 49.3391, 49.3848, 49.3622, 49.4049, 49.3641, 49.3839, 49.3388, 49.377, 49.3751, 49.3569, 49.3588, 49.371, 49.3379, 49.3441, 49.341, 49.3681, 49.4189, 49.3491, 49.392, 49.3698, 49.3562, 49.418, 49.4299, 49.35, 49.3701, 49.356, 49.3491, 49.402, 49.351, 49.3782, 49.361, 49.387, 49.3619, 49.3481, 49.3889, 49.3679, 49.3839, 49.3772, 49.3879, 49.3419, 49.3982, 49.5229, 49.459, 49.3462, 49.345, 49.403, 
Running TBB implementation
Time to set up datastructures: 9068.02ms
160.362, 160.045, 160.005, 160.01, 159.925, 160.191, 159.897, 160.454, 159.916, 159.977, 160.057, 160.28, 160.092, 160.144, 159.977, 159.927, 159.941, 160.186, 159.917, 160.119, 159.963, 160.008, 160.271, 160.247, 159.938, 160.074, 160.563, 160.085, 159.992, 159.865, 160.076, 159.996, 160.275, 159.915, 160.243, 160.127, 159.985, 160.078, 160.171, 159.915, 159.923, 159.981, 159.954, 159.912, 160.269, 159.946, 159.964, 159.999, 160.05, 160.01, 160.118, 160.399, 159.874, 159.979, 160.211, 160.12, 159.939, 160.343, 160.135, 160.01, 160.051, 159.968, 159.997, 160.162, 159.998, 160.039, 160.199, 160.066, 159.982, 159.899, 160.004, 159.994, 160.006, 160.21, 160.158, 159.947, 160.369, 159.887, 159.935, 159.982, 160.156, 160.049, 160.267, 159.922, 160.009, 160.024, 159.878, 160.086, 160.023, 160.049, 160.078, 159.959, 160.499, 159.997, 159.923, 159.905, 159.984, 160.012, 160.007, 160.003, 
Time to set up datastructures: 7176.12ms
111.17, 111.2, 111.243, 111.217, 111.321, 111.523, 111.546, 111.852, 111.418, 111.218, 111.132, 111.207, 111.324, 111.231, 111.163, 111.299, 111.211, 111.641, 111.113, 111.147, 111.206, 111.191, 111.407, 111.139, 111.357, 111.22, 111.271, 111.347, 111.463, 111.281, 111.245, 111.224, 111.146, 111.188, 111.134, 111.764, 111.545, 111.171, 111.157, 111.237, 111.421, 111.446, 111.721, 111.661, 111.151, 111.221, 111.194, 111.313, 111.206, 111.097, 111.653, 111.176, 111.261, 111.621, 111.2, 111.527, 111.186, 111.058, 111.505, 111.901, 111.261, 112.108, 111.492, 111.157, 111.23, 111.28, 111.662, 111.623, 111.336, 111.526, 111.204, 111.347, 111.176, 111.113, 111.233, 111.27, 111.41, 111.229, 111.671, 111.918, 111.24, 111.38, 111.321, 111.362, 111.367, 111.526, 111.202, 111.478, 111.133, 111.472, 111.273, 111.188, 111.173, 111.263, 111.311, 111.251, 111.223, 111.228, 111.319, 111.194, 
Time to set up datastructures: 11446.6ms
88.6731, 88.773, 88.711, 88.7389, 88.762, 88.629, 88.814, 88.7082, 88.7618, 88.7101, 88.8271, 88.7198, 88.7651, 88.8319, 88.8572, 88.7649, 88.7191, 88.763, 88.7971, 88.7969, 88.8722, 88.753, 88.835, 88.768, 88.7229, 88.7401, 88.7051, 88.7659, 88.701, 88.7382, 88.8391, 88.7549, 88.7949, 88.7711, 88.7151, 88.7039, 88.685, 88.7229, 88.7411, 88.8259, 88.7551, 88.712, 88.7952, 88.8288, 89.0081, 88.9871, 88.8469, 88.8829, 88.7911, 88.707, 88.7918, 88.6562, 88.728, 88.8751, 88.7849, 88.8059, 88.7852, 88.697, 89.021, 88.877, 88.6471, 88.6929, 88.7852, 88.7668, 88.7911, 88.8159, 88.7501, 88.7198, 88.7501, 88.774, 88.891, 88.716, 88.7339, 88.6011, 88.8929, 88.773, 88.8569, 88.721, 88.7859, 88.824, 88.727, 88.7539, 88.799, 88.8321, 88.7549, 88.7802, 88.763, 88.738, 88.789, 88.721, 88.7859, 88.7911, 88.7299, 88.6891, 88.7361, 88.7959, 88.6281, 88.7489, 88.7959, 88.7339, 
Time to set up datastructures: 10917.1ms
75.0189, 74.9791, 75.115, 75.007, 74.9991, 74.9531, 75.0909, 75.047, 74.9981, 74.9319, 74.9052, 74.909, 74.9569, 74.923, 74.9609, 74.9862, 75.1178, 74.976, 75.027, 74.9841, 74.995, 74.867, 74.9199, 74.9021, 74.98, 74.8851, 75.0778, 75.1331, 74.945, 74.9769, 74.9681, 74.9738, 75.0661, 74.9681, 74.9679, 74.995, 74.9011, 74.8661, 75.017, 74.944, 74.9409, 74.955, 74.913, 75.1281, 74.93, 74.9311, 74.8971, 74.94, 74.8999, 75.0172, 74.9769, 75.011, 74.9869, 74.99, 74.98, 74.9071, 74.904, 75.098, 74.893, 74.9261, 74.96, 75.1221, 75.0489, 75.0771, 74.899, 74.9369, 74.8391, 74.935, 75.0191, 75.068, 74.9369, 74.99, 74.924, 74.9929, 75.001, 74.939, 74.8649, 74.888, 74.9471, 74.904, 74.9431, 74.9528, 74.9419, 75.0129, 75.0172, 74.945, 74.8801, 74.9199, 74.9619, 74.9421, 74.94, 74.9691, 74.9638, 74.9881, 74.9769, 74.9221, 74.9791, 74.9559, 75.0201, 75.0248, 
Time to set up datastructures: 11471.2ms
66.7419, 66.704, 66.6311, 66.5669, 66.6401, 66.6699, 66.7479, 66.7162, 66.644, 66.673, 66.6108, 66.6492, 66.7028, 66.7689, 66.7131, 66.617, 66.6571, 66.633, 66.725, 66.6299, 66.6459, 66.7729, 66.7431, 66.607, 66.797, 66.6509, 66.6668, 66.673, 66.6521, 66.731, 66.7431, 66.7129, 66.5901, 66.7169, 66.6502, 66.5729, 66.751, 66.7112, 66.7329, 66.644, 66.6978, 66.618, 67.224, 66.7229, 66.644, 66.674, 66.7388, 66.6308, 66.704, 66.6921, 66.648, 66.7138, 66.8819, 66.678, 66.581, 66.6451, 66.6089, 66.6621, 66.684, 66.5958, 66.6051, 67.0831, 66.6969, 66.591, 66.572, 66.6671, 66.7429, 66.7222, 66.8669, 66.6671, 66.622, 66.68, 66.6502, 66.7999, 66.5522, 66.5789, 66.582, 66.6978, 66.6142, 66.6499, 66.7551, 66.6571, 66.7729, 66.654, 66.7391, 66.6859, 66.6301, 66.6931, 66.628, 66.6869, 66.7369, 66.7882, 66.6258, 66.7241, 66.7291, 66.6859, 66.628, 66.761, 66.7861, 66.7479, 
Time to set up datastructures: 11692.7ms
60.926, 60.849, 60.802, 60.8959, 60.9062, 60.9119, 60.8909, 60.8871, 60.8449, 60.9682, 60.7939, 60.8411, 60.894, 60.8881, 60.8871, 60.7979, 60.7939, 60.847, 60.9031, 60.847, 60.7569, 60.879, 60.8542, 60.9748, 61.0201, 60.9241, 60.8571, 60.8258, 60.8859, 61.0409, 60.8361, 60.925, 60.7541, 60.874, 60.8749, 60.889, 60.787, 60.7741, 60.8521, 60.771, 60.8699, 60.9221, 60.8981, 60.9748, 60.8912, 60.8459, 60.847, 60.76, 60.77, 60.8399, 60.8401, 60.8189, 60.9181, 60.8001, 60.843, 60.8439, 60.76, 61.0552, 60.9238, 60.7731, 60.817, 60.8549, 60.864, 60.745, 60.946, 60.8242, 60.8878, 60.9212, 60.8039, 60.7541, 60.7939, 60.8652, 61.183, 60.956, 60.894, 60.7898, 60.7972, 60.8418, 60.8401, 60.854, 60.837, 60.827, 60.8349, 60.8492, 60.869, 60.8459, 60.843, 60.8571, 60.8749, 60.8342, 61.017, 60.895, 60.8799, 61.126, 60.8799, 60.921, 60.9419, 60.868, 60.812, 60.8699, 
Time to set up datastructures: 11742.9ms
57.137, 56.8638, 56.921, 56.9949, 57.08, 57.092, 56.9611, 57.102, 56.8781, 56.963, 57.03, 56.8881, 56.952, 56.9758, 56.932, 57.0409, 56.989, 57.0159, 57.045, 56.9382, 57.117, 57.1029, 56.8922, 57.0118, 57.054, 57.0061, 57.1129, 56.957, 56.982, 57.03, 56.9749, 57.0741, 57.065, 56.983, 56.9551, 57.6029, 56.9592, 56.9, 57.261, 56.951, 56.9849, 57.008, 56.993, 56.982, 56.886, 56.994, 56.9601, 56.9139, 56.9439, 56.9799, 56.9701, 56.829, 56.9241, 57.1001, 57.0388, 57.0431, 57.0931, 57.1361, 56.9868, 57.0352, 56.958, 56.85, 56.9401, 56.978, 57.004, 56.915, 56.987, 56.9398, 57.086, 56.9561, 57.0161, 56.994, 57.029, 56.8969, 57.0221, 56.9971, 56.9708, 57.0061, 56.9301, 57.0228, 57.1308, 57.0369, 56.916, 57.1971, 57.045, 56.973, 57.044, 57.0409, 57.1239, 56.8452, 57.0018, 57.1151, 57.013, 56.958, 56.9341, 57.055, 56.9289, 57.0071, 56.8871, 56.9839, 
Time to set up datastructures: 11722.2ms
54.563, 54.492, 54.5869, 54.6, 54.58, 54.553, 54.518, 54.538, 54.6389, 54.5821, 54.534, 54.4641, 54.647, 54.5139, 54.4381, 54.5881, 54.5928, 54.7931, 54.6288, 54.4379, 54.6019, 54.528, 54.723, 54.559, 54.5058, 54.5912, 54.543, 54.553, 54.503, 54.5719, 54.5342, 54.5909, 54.507, 54.6191, 54.5819, 54.5239, 54.5361, 54.5731, 54.4689, 54.4891, 54.6079, 54.4701, 54.5821, 54.5728, 54.5802, 54.59, 54.5909, 54.5731, 54.5681, 54.6119, 54.6031, 54.635, 54.5609, 54.548, 54.7271, 54.5409, 54.5211, 54.4679, 54.4629, 54.5671, 54.6248, 54.508, 54.4679, 54.5921, 54.6041, 54.4658, 54.4922, 54.5599, 54.569, 54.6088, 54.6138, 54.4631, 54.4338, 54.529, 54.523, 54.5211, 54.5859, 54.6401, 54.5549, 54.5359, 54.544, 54.4541, 54.496, 54.558, 54.5599, 54.5559, 54.8232, 54.6041, 54.5349, 54.5661, 54.6548, 54.6532, 54.4729, 54.564, 54.5549, 54.637, 54.4701, 54.45, 54.533, 54.6091, 
Time to set up datastructures: 11714.7ms
53.1838, 53.0789, 52.9189, 52.9621, 53.025, 53.076, 52.9909, 52.9702, 52.937, 52.9389, 52.9091, 52.8979, 52.8889, 52.8982, 53.4749, 52.9552, 52.9909, 52.999, 52.9699, 52.9921, 52.954, 52.8901, 53.1259, 52.948, 52.9318, 53.0002, 52.9089, 52.9249, 52.896, 53.0362, 52.9768, 52.938, 52.9461, 52.9749, 52.9101, 53.0059, 52.9971, 52.861, 53.0639, 52.9158, 52.901, 52.9001, 53.0541, 52.9149, 53.0422, 52.9799, 52.973, 53.0238, 52.9971, 52.8891, 52.927, 52.9258, 52.947, 52.9952, 53.021, 52.9869, 52.9511, 53.02, 52.875, 53.1368, 52.9692, 52.99, 52.9439, 52.9721, 52.989, 52.9659, 52.9401, 53.03, 52.9599, 52.8932, 52.907, 52.8891, 53.0288, 52.9182, 52.865, 52.983, 52.99, 52.9709, 52.9411, 52.8879, 52.9561, 52.901, 52.954, 53.1039, 52.9139, 52.8929, 53.3772, 52.9089, 52.9461, 52.954, 52.9802, 52.8409, 52.978, 52.902, 52.8939, 52.9749, 53.0212, 53.0188, 52.9711, 52.933, 
Time to set up datastructures: 11595.4ms
51.2979, 51.2741, 51.369, 51.5649, 51.5652, 51.2998, 51.2941, 51.3999, 51.3461, 51.2791, 51.374, 51.2249, 51.4791, 51.2941, 51.2559, 51.276, 51.316, 51.2929, 51.3461, 51.2481, 51.321, 51.2419, 51.291, 51.3711, 51.235, 51.2769, 51.3582, 51.2769, 51.223, 51.271, 51.3399, 51.2211, 51.3411, 51.2869, 51.2371, 51.3549, 51.4381, 51.4069, 51.219, 51.228, 51.2309, 51.2891, 51.3539, 51.3351, 51.2698, 51.198, 51.4681, 51.2149, 51.2412, 51.9199, 51.4779, 51.363, 51.2612, 51.2679, 51.348, 51.3179, 51.2581, 51.3589, 51.2691, 51.3489, 51.245, 51.2202, 51.24, 51.2469, 51.2981, 51.2869, 51.2741, 51.255, 51.1949, 51.4619, 51.9512, 51.5029, 51.2869, 51.1751, 51.2569, 51.2681, 51.3461, 51.2481, 51.2788, 51.2571, 51.3549, 51.2772, 51.4879, 51.441, 51.2781, 51.475, 51.2629, 51.291, 51.2359, 51.2869, 51.317, 51.512, 51.574, 51.3229, 51.27, 51.477, 51.8341, 51.5289, 51.3251, 51.2559, 
Time to set up datastructures: 11281.4ms
50.7922, 50.844, 50.7178, 50.7572, 50.746, 50.7979, 50.772, 50.8168, 50.8142, 50.92, 50.781, 50.849, 50.818, 50.8142, 50.782, 50.8699, 50.8661, 50.8809, 50.838, 50.818, 50.7929, 50.7569, 50.7908, 50.7731, 50.7939, 50.899, 50.863, 50.9269, 50.822, 50.8399, 50.8919, 50.7672, 50.8158, 50.7612, 50.7629, 50.7979, 50.8158, 50.88, 50.827, 50.7059, 50.729, 50.74, 50.7569, 50.791, 50.776, 50.823, 50.7441, 50.7941, 50.8108, 50.765, 50.817, 50.7622, 50.8869, 50.8201, 50.751, 50.781, 50.772, 50.7591, 50.8199, 50.8471, 50.74, 50.7441, 50.7638, 50.7932, 50.77, 50.8649, 50.9219, 50.7431, 50.8339, 50.7879, 50.801, 50.9551, 50.8571, 50.8199, 50.7591, 50.772, 50.8611, 50.7839, 50.8771, 50.8521, 50.771, 50.704, 50.8308, 50.808, 50.7631, 50.7798, 50.77, 50.72, 50.8091, 50.802, 50.981, 50.889, 50.8358, 50.7481, 50.802, 50.894, 50.8089, 50.7162, 50.787, 50.7989, 
Time to set up datastructures: 11351.7ms
49.53, 49.4528, 49.5429, 49.6039, 49.5682, 49.4919, 49.6089, 49.684, 49.5682, 49.6418, 49.5811, 49.5651, 49.588, 49.578, 49.5059, 49.536, 49.5698, 49.5541, 49.578, 49.576, 49.5851, 49.5789, 49.5119, 49.5791, 49.556, 49.542, 49.5281, 49.5908, 49.5551, 49.557, 49.578, 49.5942, 49.6268, 49.665, 49.6509, 49.5231, 49.541, 49.5749, 49.5212, 49.551, 49.6159, 49.5901, 49.545, 49.5629, 49.536, 49.525, 49.5951, 49.587, 49.6988, 49.5889, 49.583, 49.577, 49.5331, 49.5739, 49.562, 49.5801, 49.556, 49.5291, 49.5739, 49.5679, 49.5522, 49.5379, 49.5591, 49.5658, 49.5498, 49.5372, 49.5698, 49.546, 49.592, 49.531, 49.5379, 49.593, 49.5729, 49.5791, 49.711, 49.5601, 49.6509, 49.6719, 49.6089, 49.53, 49.5369, 49.5601, 49.5329, 49.6292, 49.556, 49.5369, 49.643, 49.577, 49.5729, 49.5911, 49.597, 49.5489, 49.5551, 49.603, 49.639, 50.2961, 49.706, 49.587, 49.577, 49.6001, 
Time to set up datastructures: 11578ms
48.9528, 48.9931, 49.042, 48.938, 48.9609, 48.938, 48.949, 48.9531, 48.945, 49.036, 48.923, 49.0181, 48.943, 48.9619, 48.9142, 48.9309, 48.981, 48.9511, 48.98, 48.9471, 48.9779, 49.01, 48.9459, 48.9862, 48.938, 49.0148, 48.9681, 49.14, 49, 49.0081, 48.97, 48.9759, 48.892, 48.9609, 48.9631, 48.933, 48.9521, 49.022, 49.0038, 48.9562, 48.939, 48.944, 48.9368, 48.9771, 48.9919, 48.98, 48.9602, 48.9538, 49.031, 48.9762, 49.026, 48.9819, 48.965, 49.1891, 49.068, 49.057, 48.9221, 48.9321, 48.914, 48.9721, 48.9628, 48.965, 48.9731, 48.9221, 48.99, 48.955, 49.021, 48.9361, 48.9218, 49.051, 49.0072, 49.016, 48.9678, 48.9531, 48.99, 49.068, 48.919, 48.923, 49, 48.9469, 48.9321, 48.985, 48.918, 48.914, 49.3441, 49.0561, 48.9888, 48.9299, 48.9469, 48.9721, 48.9869, 49.0251, 49.015, 48.969, 49.036, 48.9771, 49.0489, 48.9881, 48.9779, 48.949, 
Running TBB_graphs implementation with double the amount of partitions than threads
Time to set up datastructures: 6028.2ms
159.74, 159.596, 159.438, 159.707, 159.702, 159.759, 159.827, 159.709, 159.606, 159.604, 159.65, 159.641, 159.662, 159.721, 159.665, 159.76, 159.785, 159.805, 160.352, 159.619, 159.602, 159.531, 160.02, 159.707, 159.927, 159.479, 159.738, 159.504, 159.664, 159.693, 159.766, 160.025, 159.788, 159.766, 159.668, 160.225, 159.935, 159.847, 159.759, 159.612, 159.665, 159.781, 159.712, 159.896, 159.609, 159.587, 159.473, 159.913, 159.734, 159.955, 159.562, 159.517, 159.427, 159.693, 159.983, 159.862, 159.729, 159.919, 159.661, 159.736, 159.462, 159.603, 160.183, 160.287, 159.744, 159.558, 159.708, 159.703, 159.671, 159.749, 159.731, 159.56, 159.835, 159.705, 159.763, 159.813, 159.61, 159.689, 159.866, 159.936, 159.717, 159.764, 159.868, 159.754, 159.725, 159.564, 159.681, 159.906, 159.774, 159.637, 159.582, 159.919, 159.563, 159.666, 159.998, 159.643, 159.998, 159.954, 159.69, 159.762, 
Time to set up datastructures: 6010.29ms
111.439, 118.477, 118.807, 111.655, 111.247, 111.742, 112.357, 112.175, 120.909, 112.13, 111.373, 111.573, 111.95, 112.111, 111.888, 112.006, 112.377, 112.038, 111.947, 112.05, 111.857, 111.887, 111.753, 112.198, 112.48, 112.388, 111.289, 111.232, 113.116, 111.835, 111.924, 111.666, 128.231, 112.633, 122.008, 112.083, 111.739, 112.151, 111.415, 111.403, 111.455, 111.352, 112.36, 111.388, 111.578, 111.459, 111.782, 124.156, 117.548, 111.908, 126.788, 112.842, 111.591, 111.656, 119.502, 119.095, 113.702, 111.854, 111.467, 111.496, 112.018, 111.439, 111.279, 111.286, 111.891, 124.247, 119.78, 112.85, 111.387, 111.723, 111.711, 127.98, 112.585, 111.432, 120.082, 112.152, 111.456, 111.936, 111.628, 111.86, 111.811, 111.867, 112.094, 112.289, 112.134, 111.862, 111.661, 112.271, 111.796, 111.981, 111.8, 112.386, 111.904, 111.824, 112.129, 112.488, 111.679, 112.032, 111.642, 111.974, 
Time to set up datastructures: 6013.62ms
88.578, 96.405, 92.274, 88.7191, 88.614, 88.696, 88.5739, 88.4612, 89.3018, 88.69, 88.6021, 88.603, 88.6269, 89.5941, 88.577, 88.5949, 88.6002, 88.5239, 88.3861, 88.598, 88.943, 88.557, 88.5642, 88.6538, 88.546, 89.3202, 95.9589, 88.8669, 88.4771, 88.4209, 88.5761, 88.537, 88.5861, 88.6059, 88.5861, 88.613, 88.4659, 88.644, 88.4399, 89.3831, 88.7649, 88.3791, 88.5038, 88.598, 88.4509, 88.511, 95.9301, 91.0769, 89.421, 88.835, 88.5952, 88.51, 88.6788, 88.4261, 88.516, 88.4869, 88.7089, 88.6471, 88.562, 88.7029, 88.5911, 89.112, 88.5088, 88.4459, 88.515, 88.593, 88.573, 88.4612, 88.5999, 88.86, 88.5839, 88.536, 88.6161, 88.6049, 88.5792, 88.5589, 88.5069, 88.6798, 88.572, 88.6638, 88.82, 88.5561, 88.562, 88.4509, 88.5682, 88.536, 88.3009, 88.551, 88.573, 88.516, 88.7191, 88.532, 88.5379, 88.696, 88.6931, 88.732, 88.6719, 88.541, 88.536, 88.5131, 
Time to set up datastructures: 6020.88ms
74.955, 74.836, 74.7671, 74.8029, 74.8391, 74.9199, 74.827, 74.8959, 74.8971, 74.9481, 74.94, 74.923, 74.734, 74.8191, 74.733, 74.9009, 74.806, 74.9319, 75.0101, 74.856, 74.7519, 74.8198, 74.8041, 74.909, 74.8281, 74.8658, 74.8711, 74.882, 74.852, 74.8901, 74.8789, 74.8951, 74.9989, 74.9531, 74.8661, 74.858, 74.8799, 74.882, 74.7921, 74.8599, 74.8122, 74.7621, 74.8718, 74.9021, 74.959, 74.975, 74.8332, 74.8289, 74.883, 74.852, 74.9621, 75.0511, 74.811, 74.868, 74.8949, 74.8079, 74.784, 74.7969, 74.7988, 74.878, 74.852, 74.8112, 74.9669, 75.0101, 74.8398, 74.841, 74.836, 74.9071, 74.7759, 74.826, 74.97, 74.8391, 74.8439, 74.816, 74.9891, 74.8851, 74.9109, 74.8329, 74.805, 74.8138, 74.8661, 74.832, 74.8551, 74.9068, 74.7831, 74.9362, 74.831, 74.8329, 74.8889, 75.232, 74.966, 74.8372, 74.8389, 74.795, 74.862, 74.759, 74.9612, 74.9049, 74.8351, 74.877, 
Time to set up datastructures: 6003.46ms
66.7579, 66.797, 66.6721, 66.7489, 66.8452, 66.6909, 66.766, 66.721, 66.6392, 66.69, 66.643, 66.628, 66.7279, 66.6292, 66.6311, 66.8418, 66.7012, 66.731, 66.6649, 66.684, 66.6831, 66.8571, 66.7269, 66.771, 66.6511, 66.674, 66.762, 66.7329, 66.7672, 66.668, 66.7109, 66.648, 66.668, 66.6568, 66.6468, 66.714, 66.8721, 66.8089, 66.6659, 66.6301, 66.644, 66.7701, 66.762, 66.7119, 66.627, 66.8151, 66.7439, 66.6521, 66.7081, 66.751, 66.7861, 66.6928, 66.8161, 66.736, 66.7551, 66.694, 66.7851, 66.72, 66.74, 66.772, 66.679, 66.7281, 66.7729, 66.6492, 66.6149, 66.7069, 66.7989, 66.8552, 66.8509, 66.6711, 66.72, 66.644, 66.5989, 66.6521, 66.601, 66.6261, 66.7369, 66.776, 66.668, 66.8571, 66.669, 66.648, 66.6358, 66.715, 66.6971, 66.659, 66.6471, 66.7, 66.7491, 66.653, 66.5929, 66.6759, 66.715, 66.6571, 66.848, 66.735, 66.807, 66.7999, 66.6101, 66.7779, 
Time to set up datastructures: 6006.16ms
61.4679, 61.0991, 60.986, 61.075, 61.1761, 61.162, 61.202, 61.0719, 61.017, 61.044, 61.1231, 61.0321, 61.0318, 61.0218, 61.033, 61.1019, 61.0991, 61.2099, 61.233, 61.1482, 61.2569, 78.2392, 65.8159, 61.9249, 61.0981, 61.0909, 61.058, 61.09, 60.9488, 61.141, 61.2319, 61.162, 61.233, 61.0909, 61.018, 61.0571, 61.0871, 60.997, 61.08, 61.0571, 61.1429, 61.1751, 61.1119, 61.0509, 60.9589, 61.0611, 61.0139, 61.1792, 61.1129, 61.0831, 61.7559, 60.9729, 61.115, 61.0769, 60.9992, 60.967, 61.09, 61.0631, 61.0609, 61.1711, 61.2049, 61.1911, 61.053, 61.1939, 61.1541, 61.1398, 61.1241, 60.9961, 61.033, 60.9889, 61.0218, 61.1129, 61.2311, 64.635, 61.6119, 61.167, 61.0762, 61.0569, 61.0731, 61.049, 60.9951, 61.1999, 61.2702, 61.1789, 61.1119, 61.0459, 61.0609, 61.1341, 61.0261, 61.0988, 61.0662, 65.1779, 65.3059, 61.4712, 61.147, 61.1169, 61.0571, 61.002, 61.0981, 61.085, 
Time to set up datastructures: 6008.23ms
57.4241, 57.436, 57.286, 57.534, 58.2728, 58.373, 57.5399, 57.447, 57.3711, 57.4191, 57.3528, 57.3471, 57.4851, 57.4441, 57.478, 57.5521, 57.5459, 57.5919, 57.4651, 57.436, 57.513, 57.3862, 57.5259, 57.5731, 57.4229, 57.3461, 57.3769, 57.5192, 57.8709, 57.483, 57.3621, 57.5149, 57.559, 57.457, 57.513, 57.3812, 57.471, 57.4701, 57.3878, 57.374, 57.3852, 57.452, 57.3809, 57.4021, 57.317, 57.524, 57.3809, 57.3771, 57.1899, 57.44, 57.584, 57.445, 57.5049, 57.3659, 57.4331, 67.5359, 61.2042, 60.921, 57.91, 57.3351, 57.3499, 57.4031, 57.4708, 57.466, 57.4942, 57.3559, 57.4641, 57.41, 57.4379, 57.3421, 57.3089, 57.4481, 57.4219, 57.5531, 57.575, 57.5039, 57.451, 57.4961, 57.3931, 57.426, 57.4861, 57.4701, 57.436, 57.3559, 57.4811, 57.4589, 57.503, 57.4369, 57.456, 57.3599, 57.431, 57.399, 57.4281, 57.416, 57.4059, 57.4579, 57.4532, 57.445, 57.445, 57.3528, 
Time to set up datastructures: 6001.65ms
54.9579, 54.9598, 55.0101, 54.95, 66.823, 57.9221, 55.9499, 57.6341, 57.858, 56.2789, 55.2011, 54.939, 55.0439, 55.0389, 55.0921, 55.2771, 54.9488, 55.0082, 55.038, 54.8689, 55.0342, 54.9541, 54.8348, 54.9591, 55.012, 55.0671, 54.8601, 55.0969, 54.9891, 55.207, 55.0408, 54.9209, 55.0029, 55.0861, 54.981, 54.9099, 54.9209, 55.0301, 54.9848, 54.8792, 54.95, 55.037, 54.949, 54.9939, 54.934, 54.9932, 55.0699, 55.042, 54.898, 54.929, 54.976, 55.0771, 54.888, 54.9729, 54.894, 54.9521, 54.9431, 54.971, 55.0199, 54.9052, 54.9901, 55.0179, 54.9281, 54.853, 54.9569, 54.9741, 54.987, 54.9221, 55.0239, 55.0799, 55.1012, 55.1329, 55.058, 54.929, 54.847, 54.9021, 54.9099, 54.966, 54.9948, 54.965, 54.924, 55.243, 54.9872, 55.0308, 54.925, 54.904, 54.8909, 55.0661, 55.0439, 54.9979, 55.1231, 54.9421, 54.934, 55.042, 54.955, 54.9529, 54.934, 54.9028, 54.975, 55.053, 
Time to set up datastructures: 6018.32ms
53.247, 52.979, 52.9628, 53.0469, 53.067, 55.0451, 53.4739, 53.0789, 53.035, 52.973, 52.9561, 52.9881, 53.097, 53.041, 53.046, 52.9699, 52.985, 52.9261, 52.9919, 52.9311, 52.983, 52.9499, 53.0529, 53.0772, 53.1209, 52.9799, 53.0701, 52.973, 53.1049, 53.2072, 52.989, 52.9821, 52.9518, 52.913, 53.0019, 53.0071, 53.021, 53.0341, 55.378, 53.3931, 53.093, 53.1249, 53.0982, 53.1559, 53.0319, 53.185, 53.169, 52.9668, 52.947, 52.9692, 53.2389, 52.8941, 52.912, 53.0491, 53.0579, 52.99, 53.005, 53.093, 53.0322, 52.9659, 52.9521, 53.0031, 52.9809, 53.009, 53.0231, 52.9249, 53.1502, 53.0529, 53.1421, 53.134, 53.278, 53.0272, 53.0059, 53.1371, 53.0469, 53.0102, 53.0069, 53.0181, 52.9358, 52.9902, 53.0679, 53.0701, 53.02, 53.0169, 53.092, 52.9871, 52.979, 53.21, 53.2169, 52.995, 52.9699, 53.031, 53.1011, 53.036, 53.0441, 53.0269, 52.9971, 52.9211, 53.025, 53.0608, 
Time to set up datastructures: 6013.91ms
52.0029, 51.806, 51.5301, 51.5461, 51.6338, 51.614, 51.6331, 51.687, 51.657, 51.652, 53.247, 52.0568, 51.5232, 51.5668, 51.5962, 51.5769, 51.6479, 51.6109, 51.563, 51.594, 51.749, 51.6081, 51.6009, 51.4731, 51.543, 51.6839, 51.6069, 51.5819, 51.712, 51.549, 51.8591, 51.945, 51.805, 51.7149, 51.8711, 51.8482, 52.0508, 51.621, 51.6372, 51.6019, 51.7721, 53.8731, 52.3598, 51.964, 51.5912, 51.5468, 51.8022, 51.692, 51.713, 52.0179, 51.5661, 51.682, 51.6131, 51.5559, 51.559, 51.594, 51.6682, 51.5759, 51.621, 51.7092, 51.6589, 51.666, 51.5859, 51.5711, 51.614, 51.5239, 51.563, 51.615, 51.5959, 51.6171, 51.692, 51.965, 51.898, 51.8539, 51.527, 51.5301, 51.563, 51.584, 51.559, 51.6, 51.615, 51.6632, 51.6899, 51.6372, 51.703, 51.909, 51.9381, 51.8718, 51.6281, 51.5921, 51.6748, 51.6109, 51.6369, 51.6131, 51.5308, 51.5501, 51.6469, 51.5411, 51.841, 51.698, 
Time to set up datastructures: 6024.27ms
50.6282, 50.7269, 50.5691, 50.703, 50.6999, 50.581, 50.6051, 50.5459, 50.6151, 51.043, 50.7979, 50.7531, 50.626, 50.704, 50.684, 50.678, 50.6859, 50.5791, 50.633, 50.6759, 50.669, 50.703, 50.6639, 50.6802, 50.689, 50.5791, 50.7119, 50.6301, 50.694, 50.6589, 60.035, 54.6792, 51.5389, 50.6091, 50.616, 50.601, 50.5641, 51.24, 52.6628, 52.5031, 51.578, 50.8099, 50.756, 50.7071, 50.698, 50.5741, 50.6539, 50.6411, 50.643, 50.674, 50.873, 50.7071, 50.7028, 50.6499, 50.781, 50.693, 50.606, 52.4421, 51.2638, 50.6821, 50.6492, 50.616, 50.633, 50.5879, 50.6411, 50.663, 50.606, 50.6492, 50.75, 50.6649, 50.602, 50.647, 50.935, 50.626, 50.6351, 50.8029, 50.6489, 50.895, 50.807, 50.6029, 50.6201, 50.5531, 50.5948, 50.616, 50.6392, 50.621, 50.6639, 50.6179, 50.565, 50.6561, 50.667, 50.6759, 50.8599, 50.7421, 50.7619, 50.642, 50.7619, 50.5929, 50.626, 50.638, 
Time to set up datastructures: 6001.23ms
49.5489, 49.5861, 49.511, 49.5501, 49.566, 55.8741, 50.246, 49.6659, 49.603, 49.5231, 49.4978, 49.4831, 49.485, 49.5162, 49.5369, 49.4969, 49.52, 49.557, 49.7611, 49.4959, 49.608, 49.545, 49.6159, 49.4971, 49.5639, 49.5791, 49.4609, 49.5009, 49.546, 49.613, 49.588, 49.5739, 50.0331, 49.793, 49.6171, 49.5601, 49.6008, 49.5079, 49.4931, 49.5369, 49.5751, 49.613, 49.5341, 49.438, 49.624, 49.6421, 49.68, 50.9839, 49.9191, 49.6478, 49.54, 51.2691, 50.01, 49.5591, 49.5551, 49.526, 49.5629, 49.5551, 49.578, 49.5441, 49.505, 49.623, 49.453, 49.566, 49.562, 49.6299, 49.5791, 49.572, 49.4919, 49.638, 49.5691, 49.5019, 49.5532, 49.5999, 49.664, 49.7952, 49.67, 49.6371, 49.484, 49.6249, 49.4561, 49.5579, 49.5389, 49.5262, 49.5298, 49.6042, 49.6979, 49.634, 49.552, 49.5002, 49.5868, 49.71, 49.592, 49.5272, 49.4771, 49.5658, 49.4862, 49.6249, 49.51, 49.5169, 
Time to set up datastructures: 6031.88ms
49.2258, 49.242, 49.206, 49.3162, 49.2871, 49.2239, 49.228, 49.252, 49.4449, 49.2792, 49.227, 49.2048, 49.5222, 49.396, 49.3369, 49.2671, 49.2511, 49.196, 49.2239, 49.2439, 49.2311, 49.227, 50.4429, 49.51, 49.278, 49.3112, 49.1929, 49.2301, 49.2249, 49.237, 49.264, 49.2511, 49.237, 49.403, 49.293, 49.2141, 49.228, 49.1979, 49.3321, 49.382, 49.3009, 49.1412, 49.3388, 50.6301, 49.566, 49.2389, 49.222, 49.2299, 49.3371, 49.305, 49.2561, 49.2558, 49.289, 49.2921, 49.3009, 49.3102, 49.2148, 49.2091, 49.196, 49.2129, 49.212, 49.2401, 49.19, 49.1979, 49.283, 49.233, 49.2291, 49.258, 49.2311, 49.2449, 49.294, 49.309, 49.217, 49.283, 49.3221, 49.2821, 49.2179, 49.1951, 49.2308, 49.1331, 49.2952, 49.217, 49.228, 49.268, 49.201, 49.2141, 49.1769, 49.227, 49.1979, 49.2911, 49.257, 49.2108, 49.309, 50.7512, 52.866, 51.224, 49.6681, 49.3088, 49.3109, 49.2661, 
Running Threadpool implementation with double the amount of partitions than threads
Time to set up datastructures: 6130.83ms
161.872, 161.061, 162.299, 178.215, 172.711, 161.875, 169.732, 161.977, 161.105, 160.682, 167.029, 160.846, 162.17, 161.226, 160.622, 162.254, 161.172, 160.719, 162.012, 161.144, 160.669, 162.251, 161.042, 160.984, 162.176, 160.996, 160.775, 161.938, 161.27, 160.745, 162.049, 170.834, 161.727, 160.783, 161.835, 166.77, 170.193, 161.114, 160.606, 162.264, 162.483, 161.78, 161.129, 162.429, 161.221, 160.752, 162.003, 170.096, 162.505, 161.054, 162.235, 169.718, 162.318, 161.194, 160.887, 171.077, 170.159, 161.658, 160.807, 162.301, 164.029, 161.113, 160.673, 162.196, 161.356, 162.373, 161.475, 160.776, 161.991, 161.245, 160.598, 161.971, 161.366, 160.746, 162.172, 170.296, 162.124, 161.019, 162.431, 168.475, 170.904, 161.456, 160.675, 160.666, 163.293, 162.647, 161.277, 162.391, 161.298, 160.812, 162.268, 161.29, 160.665, 161.952, 161.227, 169.895, 162.446, 162.739, 161.068, 160.59, 
Time to set up datastructures: 6128.85ms
112.23, 112.453, 118.881, 112.207, 121.588, 114.071, 116.242, 112.273, 112.538, 111.839, 112.019, 111.732, 111.983, 111.916, 112.076, 117.686, 120.923, 113.718, 114.87, 118.656, 113.43, 112.292, 119.126, 113.84, 121.018, 120.252, 114.084, 111.701, 111.976, 112.143, 112.235, 112.065, 111.968, 113.226, 112.112, 113.39, 113.064, 126.839, 121.306, 112.742, 112.017, 112.026, 111.745, 111.978, 111.817, 112.009, 112.59, 111.768, 111.85, 111.986, 111.957, 112.064, 111.965, 112.026, 111.908, 112.21, 111.739, 112.053, 111.789, 112.179, 111.821, 112.138, 112.001, 111.924, 112.106, 111.767, 112.19, 112.128, 111.851, 112.075, 112.033, 112.298, 112.157, 111.963, 111.799, 111.938, 112.011, 112.052, 111.745, 112.046, 112.439, 111.741, 111.803, 111.975, 111.987, 111.87, 112, 112.17, 111.909, 111.843, 112.088, 111.992, 111.89, 112.021, 120.489, 119.324, 119.591, 119.338, 113.39, 111.928, 
Time to set up datastructures: 6139.01ms
89.2599, 88.686, 88.4628, 89.571, 96.0271, 94.0509, 88.6641, 89.5591, 89.119, 88.6168, 88.361, 89.664, 89.2351, 88.6931, 88.419, 89.5569, 89.2272, 88.624, 88.5708, 89.746, 89.2022, 88.5339, 88.4759, 89.608, 89.1631, 88.8121, 88.3179, 89.669, 89.196, 88.7229, 88.4099, 89.73, 89.0441, 88.6641, 88.522, 89.6571, 89.2229, 88.798, 88.4759, 89.669, 89.237, 88.6531, 88.4449, 89.6511, 89.1218, 88.6481, 88.4581, 94.3601, 92.4418, 88.9239, 88.434, 89.777, 89.0758, 88.624, 88.4311, 88.258, 89.973, 89, 88.5282, 88.3129, 89.6132, 89.077, 88.7229, 88.7179, 96.7851, 91.989, 91.924, 90.3361, 88.3939, 88.4039, 90.1651, 88.872, 88.68, 90.0149, 92.1509, 90.529, 91.5179, 91.11, 91.423, 95.556, 89.2332, 88.5899, 89.7961, 89.1211, 88.5558, 88.654, 89.6142, 89.3748, 88.6109, 88.4461, 89.6118, 89.169, 88.861, 94.353, 90.3001, 88.711, 89.3478, 88.8669, 88.5799, 91.3591, 
Time to set up datastructures: 6130.95ms
75.8369, 75.9292, 76.076, 75.979, 76.066, 75.846, 75.8929, 75.953, 76.1271, 76.113, 76.122, 75.9561, 75.8739, 76.0472, 75.892, 76.0028, 75.9931, 76.005, 75.995, 86.3879, 80.8411, 75.1851, 74.924, 75.659, 75.763, 75.7089, 75.8328, 75.8991, 75.891, 75.8929, 75.8541, 76.1111, 76.0109, 76.117, 76.071, 75.896, 75.999, 76.0069, 75.938, 76.0422, 75.9358, 76.0062, 75.9878, 76.031, 81.9209, 81.7862, 76.4949, 79.891, 79.036, 76.916, 83.3399, 78.1929, 74.9881, 74.656, 74.8169, 75.206, 75.6569, 75.695, 75.8991, 75.901, 75.923, 79.7441, 79.0079, 78.3751, 80.3089, 75.139, 74.945, 75.8932, 76.108, 76.0131, 74.8429, 75.1112, 75.2389, 75.6521, 75.717, 75.906, 76.0109, 75.902, 75.815, 76.015, 75.9058, 82.0291, 79.9129, 74.996, 74.9452, 75.99, 76.1089, 76.0379, 75.9611, 76.0338, 76.0701, 75.958, 76.0231, 75.99, 75.942, 76.081, 75.973, 75.871, 76.0369, 76.1881, 
Time to set up datastructures: 6138.77ms
70.622, 71.285, 70.931, 76.6881, 67.4431, 66.6239, 66.9971, 66.6029, 66.86, 67.297, 67.5352, 66.5879, 66.9079, 67.1051, 67.548, 66.4761, 66.7338, 66.2882, 66.4079, 66.921, 67.25, 72.602, 66.9529, 66.3421, 66.911, 67.313, 67.657, 66.5612, 66.8678, 67.292, 67.4162, 66.6199, 66.9279, 67.0509, 67.2719, 66.617, 66.9069, 67.0979, 67.466, 66.6101, 66.777, 66.9689, 67.4748, 66.628, 66.8862, 67.0419, 67.4741, 66.69, 66.721, 66.9689, 67.441, 66.6931, 66.771, 67.0369, 66.5538, 66.6542, 67.1878, 67.3852, 66.5851, 66.8678, 67.064, 67.2491, 66.705, 66.673, 67.318, 70.996, 71.197, 70.4441, 71.2609, 66.6881, 70.533, 67.374, 67.3568, 67.6332, 66.6881, 67.0819, 68.3291, 67.1411, 67.441, 67.6041, 71.3859, 66.9682, 66.757, 67.1051, 67.44, 66.643, 66.668, 72.0301, 72.1009, 67.5139, 66.334, 71.3248, 67.426, 67.138, 67.2221, 67.656, 66.581, 66.7658, 67.3618, 67.4632, 
Time to set up datastructures: 6138.63ms
60.92, 61.713, 61.4941, 60.9682, 61.3868, 61.3792, 61.008, 61.6851, 61.0859, 61.0089, 60.755, 60.6921, 61.147, 61.084, 60.8091, 61.322, 61.285, 60.945, 60.7331, 60.6949, 60.751, 60.9841, 60.7588, 60.7822, 60.7438, 61.337, 61.0449, 60.874, 61.3589, 61.3141, 60.9, 64.8539, 61.424, 60.9398, 60.7929, 61.445, 61.3389, 61.007, 60.643, 61.343, 61.2659, 60.8041, 60.719, 61.3389, 61.2071, 60.7879, 60.663, 61.275, 61.187, 60.8871, 64.93, 65.1259, 61.5342, 60.8339, 61.563, 61.3601, 60.9241, 61.398, 61.2819, 61.012, 65.0899, 64.2691, 61.1989, 60.709, 60.5769, 60.586, 61.3661, 61.4779, 60.816, 60.6952, 61.4748, 61.311, 60.915, 62.65, 61.307, 65.0561, 61.7259, 60.926, 64.1122, 66.1268, 61.4991, 60.7281, 61.4479, 61.2671, 60.797, 61.5029, 61.2421, 60.9088, 60.7278, 60.744, 60.8621, 60.9539, 60.9851, 61.5351, 61.27, 61.074, 60.7719, 61.372, 61.202, 60.945, 
Time to set up datastructures: 6129.87ms
57.3339, 60.0071, 60.497, 57.929, 56.813, 57.4429, 57.4181, 60.2438, 58.5999, 57.4951, 56.916, 57.3349, 57.2801, 56.9429, 57.327, 57.313, 56.9551, 56.7441, 57.374, 57.3938, 56.8821, 57.373, 57.044, 56.8221, 56.7949, 60.421, 57.9, 58.9471, 60.2548, 57.6718, 57.013, 57.338, 57.3671, 56.834, 57.2731, 59.8688, 57.8341, 57.0941, 59.8888, 60.0519, 57.1589, 57.4112, 57.1659, 56.8531, 57.4069, 57.312, 56.9639, 57.6019, 57.358, 56.973, 57.5142, 57.4038, 57.0071, 57.4181, 57.385, 57.091, 56.7222, 57.287, 57.184, 56.9119, 57.421, 57.5762, 56.9899, 60.9422, 57.889, 57.014, 56.7901, 57.1179, 57.246, 56.8841, 57.328, 57.2679, 60.5512, 60.8249, 57.318, 57.323, 57.1432, 56.9689, 57.41, 57.297, 59.1691, 60.328, 60.3402, 57.3289, 57.3699, 57.3561, 56.905, 57.4141, 57.3459, 57.1311, 60.149, 58.5511, 57.3089, 57.2212, 57.2078, 57.1089, 56.881, 57.4241, 57.2751, 57.0951, 
Time to set up datastructures: 6127.62ms
55.218, 55.2671, 54.7159, 54.9922, 54.9569, 55.1119, 54.7152, 57.6859, 56.3591, 54.915, 54.8842, 55.0199, 57.3461, 57.9491, 56.792, 55.3739, 55.1369, 54.883, 54.919, 57.6091, 56.289, 55.1851, 54.7979, 55.1891, 54.692, 54.6989, 54.636, 54.6222, 54.775, 54.6539, 54.5552, 54.8401, 54.6658, 54.6298, 54.7149, 54.6341, 54.6119, 54.718, 54.6031, 54.75, 54.7049, 54.5831, 57.5161, 57.4229, 55.0931, 54.6269, 54.5011, 54.553, 54.6441, 54.5878, 54.6918, 54.6141, 54.543, 54.635, 54.734, 54.6842, 54.6088, 54.6238, 54.656, 54.6021, 54.5869, 54.5189, 54.616, 54.579, 56.3149, 59.886, 58.4068, 58.032, 54.94, 54.6498, 54.5762, 54.955, 54.5578, 54.81, 54.925, 60.5021, 55.778, 58.1191, 57.555, 57.034, 58.0521, 55.7899, 54.8961, 54.8699, 54.991, 54.589, 54.6861, 55.0539, 54.6122, 54.6429, 54.9991, 60.1749, 57.7819, 55.0361, 55.1491, 57.601, 56.2229, 55.094, 54.7361, 55.1059, 
Time to set up datastructures: 6142.79ms
52.5398, 52.314, 52.3162, 52.3918, 52.392, 52.3062, 52.4321, 52.3789, 52.46, 52.3701, 53.1681, 52.711, 52.6099, 52.6412, 52.649, 52.552, 52.583, 52.7391, 52.7329, 52.6719, 52.5451, 52.557, 52.5751, 52.6779, 52.6378, 52.6528, 52.6071, 52.5172, 52.527, 52.624, 52.772, 52.6471, 52.6848, 52.5589, 52.66, 52.5301, 52.6431, 52.6481, 52.624, 52.6381, 52.494, 52.5048, 52.531, 53.025, 52.8228, 52.6421, 52.5069, 52.6891, 52.577, 52.6011, 52.6519, 52.66, 52.5069, 52.6152, 52.578, 52.7439, 52.681, 52.7029, 52.5091, 52.4402, 54.7838, 55.4931, 53.056, 52.5141, 55.1698, 54.394, 52.9861, 52.6509, 52.6531, 53.015, 53.0009, 52.7401, 52.614, 52.9389, 52.8312, 52.7809, 52.696, 52.669, 52.649, 52.4189, 52.983, 52.8669, 54.9791, 53.1261, 52.6829, 52.6469, 52.563, 53.0081, 53.3431, 52.9449, 52.552, 52.9671, 52.9091, 52.768, 52.736, 52.438, 52.5029, 54.8601, 53.045, 53.0789, 
Time to set up datastructures: 6130.08ms
51.9919, 51.9049, 51.918, 51.9211, 51.918, 52.2101, 51.9199, 51.9221, 51.8699, 51.888, 51.9969, 51.9741, 52.0289, 51.9061, 52.1109, 52.052, 52.0139, 51.847, 52.1481, 52.146, 51.9791, 52.1801, 52.1259, 51.9221, 51.935, 51.949, 51.9528, 51.9581, 51.9171, 52.0749, 51.9271, 51.9741, 51.949, 51.9969, 51.9481, 52.1929, 51.9772, 51.918, 52.0558, 51.908, 51.9681, 52.027, 51.8451, 51.8899, 52.0091, 51.9879, 51.9218, 51.9631, 52.031, 52.0089, 51.9571, 52.0899, 51.9891, 52.007, 52.022, 52.016, 52.012, 52.0661, 52.1641, 51.9478, 51.9741, 51.897, 51.9521, 51.9459, 52.0079, 52.1312, 52.1328, 52.0382, 52.0411, 52.083, 52.007, 52.007, 51.95, 52.0349, 52.0411, 51.981, 51.9931, 51.9679, 51.852, 51.9612, 53.4668, 52.578, 51.7609, 51.7061, 51.7669, 51.77, 51.9369, 51.945, 51.868, 52.1569, 52.1162, 51.8799, 51.9121, 51.826, 51.8441, 52.0511, 52.0179, 52.017, 51.892, 51.9249, 
Time to set up datastructures: 6160.16ms
49.9661, 49.9079, 49.989, 49.931, 51.897, 50.5929, 49.8631, 50.0131, 49.8788, 50.1058, 49.871, 50.1089, 49.9401, 50.0538, 50.019, 50.0741, 49.9759, 49.9721, 49.9401, 50.0619, 49.9439, 50.0741, 49.943, 49.9711, 49.8359, 50.04, 49.9291, 50.0588, 50.0062, 49.943, 49.912, 50.081, 49.8791, 49.9909, 49.8731, 51.5211, 51.0268, 50.148, 50.087, 49.839, 50.03, 49.865, 49.9868, 49.907, 49.9332, 49.9499, 50.041, 49.8002, 49.9749, 49.897, 51.4061, 51.1048, 50.1041, 50.0009, 49.849, 50.0071, 49.9399, 50.0581, 49.9001, 49.9759, 49.8588, 50.0832, 50.1699, 49.9771, 49.7489, 49.9761, 49.9191, 50.087, 49.89, 52.393, 51.8069, 50.3399, 49.9291, 50.127, 49.9539, 49.9411, 49.9589, 50.077, 49.881, 49.947, 49.948, 50.0588, 50.0622, 50.0259, 50.035, 50.0629, 49.8831, 50.0929, 49.9001, 50.0231, 49.9001, 50.4599, 50.3211, 50.0059, 50.1871, 49.9079, 49.917, 49.9442, 49.921, 49.8879, 
Time to set up datastructures: 6122.24ms
48.1949, 48.1911, 48.239, 48.156, 48.1861, 48.1179, 48.0731, 48.1091, 48.198, 48.095, 48.1839, 48.2171, 48.167, 48.2059, 48.141, 48.11, 48.1319, 48.187, 48.2321, 50.359, 49.6371, 48.5461, 48.2268, 48.1961, 49.545, 48.912, 48.5001, 48.2659, 49.8722, 50.5319, 49.726, 48.8889, 48.2528, 48.1939, 48.105, 48.1119, 48.3611, 48.305, 48.2309, 48.172, 48.224, 48.1479, 49.6562, 49.875, 49.649, 48.6848, 48.254, 48.3019, 48.2531, 48.2819, 48.291, 48.317, 48.305, 48.218, 48.1739, 48.2631, 48.2121, 48.27, 48.2938, 48.2759, 48.3079, 48.3902, 48.394, 49.9551, 49.0799, 48.6422, 48.203, 48.4319, 50.065, 50.2741, 49.3379, 48.6491, 48.4161, 48.219, 48.203, 48.2631, 48.1429, 49.963, 50.21, 51.2881, 48.8958, 48.351, 48.4271, 48.4879, 48.3341, 48.3749, 48.3601, 48.2299, 48.1641, 48.1639, 48.166, 48.157, 48.161, 48.31, 49.495, 49.15, 48.3091, 48.2209, 48.229, 48.1732, 
Time to set up datastructures: 6144.08ms
48.1191, 47.998, 48.0139, 48.048, 47.9631, 48.0139, 47.961, 48.0471, 47.945, 47.9751, 47.9748, 47.9341, 48.0311, 47.935, 47.9951, 49.1838, 48.285, 47.9531, 47.955, 48.0149, 47.909, 47.9569, 47.899, 47.982, 47.93, 47.941, 47.9269, 47.9491, 47.863, 48.1281, 47.9569, 47.9679, 47.9698, 48.059, 47.982, 47.967, 47.9941, 47.9391, 47.9238, 48.0011, 48.033, 48.0661, 47.9519, 47.965, 48.12, 47.9569, 47.869, 47.941, 47.9729, 47.914, 47.9851, 47.9648, 47.9271, 47.9989, 48.1591, 48.142, 47.9059, 47.935, 48.032, 48.0452, 47.956, 48.003, 47.9169, 48.0592, 47.9739, 47.997, 47.9631, 48.013, 47.941, 47.9591, 47.977, 48.07, 47.96, 48.017, 47.9331, 48.0189, 47.894, 47.9839, 47.9031, 47.889, 47.8752, 47.9279, 49.2711, 48.4519, 47.9691, 47.946, 47.9469, 47.962, 48.0089, 48.0301, 48.12, 47.8799, 47.9469, 47.992, 47.966, 48.012, 47.987, 48.058, 48.316, 48.1319, 
Running CRSMerge implementation
Time to set up datastructures: 8996.83ms
155.844, 156.144, 155.689, 155.87, 155.741, 156, 155.908, 155.907, 155.586, 155.679, 155.787, 155.723, 155.675, 155.713, 155.491, 155.658, 155.989, 155.699, 155.728, 155.556, 155.848, 155.691, 155.892, 155.62, 155.622, 155.896, 155.639, 155.697, 155.663, 155.695, 155.802, 155.902, 155.711, 155.607, 155.682, 155.743, 155.639, 155.744, 155.903, 155.969, 155.609, 155.568, 155.874, 155.759, 155.652, 155.791, 155.67, 155.584, 155.769, 155.881, 155.803, 155.716, 155.733, 155.581, 155.837, 155.903, 155.879, 155.831, 155.798, 155.661, 155.932, 155.9, 155.779, 155.677, 155.829, 155.706, 155.76, 155.623, 155.9, 156.03, 155.6, 155.907, 155.574, 155.676, 155.666, 155.714, 155.756, 155.765, 156.491, 155.568, 155.689, 156.202, 156.159, 155.86, 155.88, 155.724, 155.696, 155.585, 155.765, 155.812, 155.643, 155.649, 155.671, 155.912, 155.898, 155.846, 155.702, 155.943, 155.656, 155.785, 
Time to set up datastructures: 7152.24ms
108.35, 108.346, 108.389, 108.132, 108.266, 108.405, 108.399, 108.587, 108.906, 108.213, 108.277, 108.735, 108.166, 108.189, 108.222, 108.174, 108.27, 109.042, 108.429, 108.269, 108.206, 108.114, 108.195, 108, 108.184, 108.335, 108.629, 108.201, 108.087, 108.472, 108.255, 108.32, 108.193, 108.258, 108.561, 108.252, 108.494, 108.22, 108.446, 108.225, 108.167, 108.03, 108.49, 108.274, 108.439, 110.019, 108.521, 108.285, 108.399, 108.211, 108.157, 108.583, 108.186, 108.293, 108.115, 108.128, 108.32, 108.319, 108.847, 108.088, 108.219, 108.75, 108.308, 108.429, 108.433, 108.247, 108.525, 108.174, 114.562, 112.17, 112.621, 108.471, 108.302, 108.28, 108.334, 108.232, 108.758, 108.199, 108.168, 108.172, 108.369, 108.712, 108.845, 108.406, 108.203, 108.506, 108.299, 108.104, 108.142, 108.108, 108.283, 108.149, 108.135, 108.232, 108.305, 108.168, 108.183, 108.142, 108.276, 108.461, 
Time to set up datastructures: 11348.2ms
86.4072, 86.3509, 86.4329, 86.3471, 86.406, 86.3149, 86.0641, 86.3819, 86.2441, 86.3171, 86.494, 86.369, 86.3969, 86.375, 86.3352, 86.3431, 86.3349, 86.288, 86.323, 86.4601, 86.4971, 86.1809, 86.349, 86.3719, 86.4131, 86.3519, 86.3111, 86.4379, 86.35, 86.3791, 86.376, 86.3252, 86.3519, 86.349, 86.396, 86.2632, 86.4649, 86.35, 86.314, 86.3321, 86.5741, 86.436, 86.344, 86.349, 86.3149, 86.2079, 86.2932, 86.4258, 86.338, 86.4041, 86.5111, 86.3309, 86.3321, 86.314, 86.4511, 86.437, 86.338, 86.4139, 86.375, 86.381, 86.442, 86.3121, 86.282, 86.4639, 86.303, 87.122, 91.197, 91.428, 92.4089, 91.922, 91.6591, 91.2621, 91.5229, 91.0299, 91.1999, 90.8041, 90.2381, 89.8049, 91.2399, 90.903, 91.284, 91.6171, 94.3348, 89.5851, 89.2081, 89.0598, 90.4162, 86.9708, 86.514, 86.3612, 86.2539, 86.4561, 86.5071, 86.273, 86.349, 86.3121, 86.4029, 86.314, 86.2792, 86.3628, 
Time to set up datastructures: 10791ms
73.4181, 73.3259, 73.4951, 73.375, 73.3171, 73.359, 73.323, 73.3659, 73.3001, 73.4298, 73.3581, 73.308, 73.3721, 73.324, 73.308, 73.2992, 73.3519, 73.415, 73.375, 73.374, 73.338, 73.3199, 73.3411, 73.39, 73.2839, 73.42, 73.348, 73.5021, 73.307, 73.3149, 73.2241, 73.2329, 73.272, 73.262, 73.3111, 73.384, 73.365, 73.3399, 73.3171, 73.2989, 73.2951, 74.043, 73.8192, 73.3719, 73.4179, 73.313, 73.3209, 73.3051, 73.277, 73.349, 73.442, 73.3991, 73.2331, 73.272, 73.3449, 74.3189, 73.4229, 73.3881, 73.288, 73.3209, 73.509, 73.313, 73.3609, 73.374, 73.3299, 74.5678, 77.312, 76.2908, 74.337, 73.261, 73.5638, 73.3862, 73.3728, 73.3962, 73.3149, 73.313, 73.3831, 73.4038, 73.3662, 73.359, 74.64, 76.473, 76.406, 78.439, 78.5711, 77.548, 73.499, 73.3881, 73.3259, 73.3321, 73.384, 73.3039, 73.333, 73.3309, 73.3349, 73.3452, 77.8258, 89.052, 84.2679, 80.4992, 
Time to set up datastructures: 11600ms
64.759, 64.58, 64.5912, 64.5449, 64.471, 64.5909, 64.6281, 64.5509, 64.585, 64.6939, 64.6231, 64.635, 64.6029, 64.5461, 64.594, 64.57, 64.76, 64.5652, 64.5959, 64.6319, 64.537, 64.539, 64.7199, 64.626, 65.279, 65.5789, 64.6591, 64.568, 64.605, 64.5161, 64.677, 64.6729, 64.6381, 64.5831, 64.6629, 64.58, 64.604, 64.6279, 64.527, 64.5659, 64.6319, 64.6212, 64.6548, 64.568, 64.6141, 64.9991, 64.6839, 64.6441, 64.6601, 64.621, 64.6949, 64.5471, 64.6679, 64.6682, 64.5258, 64.821, 64.6331, 64.5411, 64.6098, 64.5702, 64.657, 64.738, 64.6551, 64.636, 64.5719, 64.636, 64.5862, 64.759, 64.7449, 64.5461, 64.5809, 64.5521, 64.5969, 64.5719, 64.6169, 64.6732, 64.7099, 64.4751, 64.6021, 64.6489, 64.6739, 64.599, 64.5931, 64.7211, 64.6019, 64.604, 64.7421, 64.6589, 64.5971, 64.5559, 64.6, 64.544, 64.702, 64.626, 64.6901, 64.57, 64.604, 64.6591, 64.4801, 64.5659, 
Time to set up datastructures: 11911.2ms
58.9139, 58.8839, 58.965, 58.919, 58.9621, 58.913, 58.9979, 59.0611, 58.9781, 58.939, 58.9759, 59.001, 58.939, 58.9211, 58.975, 59.0961, 59.036, 58.99, 59.0489, 58.9881, 58.9499, 58.8582, 58.9509, 59.0601, 58.9259, 58.8949, 59.0329, 59.0501, 58.948, 58.8639, 58.979, 58.9499, 58.9199, 59.0351, 58.949, 58.9371, 58.84, 58.8899, 58.917, 58.9709, 58.9931, 58.9719, 58.9759, 59.149, 58.934, 58.9459, 58.9211, 58.923, 58.8701, 58.9769, 58.913, 58.9671, 58.8629, 59.176, 59.149, 58.9361, 58.9459, 58.9721, 58.959, 58.9671, 58.9869, 58.9769, 59.1092, 58.9359, 59.8819, 64.6231, 73.3249, 71.224, 65.8579, 68.1791, 68.135, 65.3491, 69.0289, 75.9392, 65.9389, 65.928, 69.422, 68.7931, 65.331, 61.609, 58.9809, 59.0761, 58.955, 58.9821, 58.9309, 59.006, 58.9552, 58.99, 59.0229, 58.8939, 58.9151, 58.9769, 59.1381, 58.9991, 58.934, 58.774, 58.9628, 58.9781, 58.902, 58.949, 
Time to set up datastructures: 11551.8ms
55.232, 55.3091, 55.356, 55.346, 55.3949, 55.4721, 55.3548, 55.4011, 55.2571, 55.429, 55.31, 55.285, 55.464, 55.342, 55.372, 55.3782, 55.2189, 55.356, 55.3451, 55.3229, 55.279, 55.218, 55.264, 55.3429, 55.258, 55.331, 55.3691, 55.316, 55.4039, 55.3899, 55.3131, 55.3169, 55.3391, 55.2671, 55.337, 55.361, 55.3541, 55.3269, 55.2959, 55.2721, 55.3629, 55.2959, 55.2821, 55.357, 55.2199, 55.2251, 55.346, 55.29, 55.373, 55.3901, 55.4199, 55.2809, 55.346, 55.3432, 55.3288, 55.5031, 55.4409, 55.258, 55.315, 55.3651, 55.3751, 55.2828, 55.3968, 55.31, 55.3861, 55.351, 55.3291, 55.3069, 55.4321, 55.2871, 55.2568, 55.3122, 55.316, 55.4011, 55.3601, 55.5508, 55.3861, 55.3319, 55.387, 55.3231, 55.279, 55.321, 55.3031, 55.3029, 55.5172, 55.434, 55.3529, 55.3119, 55.2862, 55.567, 55.2619, 55.331, 55.3441, 55.2289, 55.228, 55.398, 55.342, 55.3551, 55.377, 55.3179, 
Time to set up datastructures: 11533.7ms
53.386, 53.4151, 53.287, 53.3669, 53.36, 53.427, 53.488, 53.4081, 53.38, 53.5231, 53.411, 53.309, 53.4031, 53.3578, 53.345, 53.391, 53.453, 53.5562, 53.5069, 53.381, 53.4942, 53.416, 53.3819, 53.462, 53.411, 53.3521, 53.3888, 53.4492, 53.355, 53.4239, 53.3991, 53.359, 53.376, 53.302, 53.308, 53.417, 53.5309, 53.4301, 53.406, 53.535, 53.4139, 53.3352, 53.355, 53.3171, 53.375, 53.3359, 53.5431, 53.3569, 53.479, 53.3431, 53.3271, 53.4019, 53.369, 53.4019, 53.344, 53.51, 53.4072, 53.4639, 53.3791, 53.339, 53.385, 53.308, 53.4089, 53.4141, 53.453, 53.3509, 54.2541, 53.4692, 53.4699, 53.3481, 53.3791, 53.329, 53.535, 53.3509, 53.3688, 53.4508, 53.6082, 53.4549, 53.3359, 53.421, 53.4282, 53.427, 53.3969, 53.3979, 53.5262, 53.3879, 53.514, 53.5381, 53.4539, 53.431, 53.436, 53.473, 53.335, 53.4899, 53.4279, 53.5431, 53.2889, 53.3929, 53.39, 53.369, 
Time to set up datastructures: 11702.4ms
51.2259, 51.393, 51.352, 51.2941, 51.306, 51.2741, 51.208, 51.229, 51.3549, 51.2769, 51.398, 51.2898, 51.2991, 51.2409, 51.3332, 51.332, 51.645, 51.5139, 51.492, 51.414, 51.3489, 51.3, 51.368, 51.3351, 51.326, 51.2898, 51.2638, 51.362, 51.2722, 51.2469, 51.2462, 51.2879, 51.2929, 51.244, 51.3859, 52.922, 51.847, 51.4331, 51.213, 51.317, 51.2671, 51.3039, 51.2931, 51.3721, 51.2519, 51.404, 51.3721, 51.398, 51.286, 51.265, 51.3659, 51.2571, 51.3239, 51.322, 51.2931, 51.3129, 51.439, 51.414, 51.2829, 51.301, 51.2631, 51.2259, 51.3961, 51.254, 51.2841, 51.2998, 53.169, 55.7449, 51.8401, 51.331, 51.2888, 51.3752, 51.295, 51.27, 51.3709, 51.3201, 51.322, 51.362, 51.337, 51.3611, 51.2989, 51.239, 51.3451, 51.276, 51.338, 51.3358, 51.296, 51.24, 51.3449, 51.2831, 51.8, 51.285, 51.2431, 51.3, 51.3859, 51.4421, 51.409, 51.285, 51.2938, 51.2731, 
Time to set up datastructures: 11802ms
50.318, 50.199, 50.6148, 50.3011, 50.1909, 50.2861, 50.2691, 50.3099, 50.38, 50.302, 50.231, 50.2532, 50.2248, 50.3452, 50.2369, 50.267, 50.317, 50.3421, 50.281, 50.261, 50.2918, 50.2858, 50.2861, 50.4391, 50.328, 50.3509, 50.3151, 50.3199, 50.2701, 50.838, 50.6709, 50.3051, 50.2551, 50.2698, 50.3142, 50.3139, 50.3681, 50.359, 50.379, 50.7228, 50.374, 50.2851, 50.302, 50.2939, 50.2591, 50.2269, 50.2911, 50.2858, 50.4031, 50.395, 50.411, 50.2391, 50.303, 50.343, 50.2689, 50.2939, 50.344, 50.3519, 50.2791, 50.3731, 50.2958, 50.2942, 50.2651, 50.307, 50.308, 50.5071, 50.601, 50.5021, 50.2958, 50.452, 50.37, 50.3721, 50.365, 50.2992, 50.2629, 50.4041, 50.416, 50.3681, 50.3271, 50.3299, 50.245, 50.422, 50.2641, 50.293, 50.318, 50.2889, 50.271, 50.2431, 50.3259, 50.344, 50.2779, 50.3762, 50.257, 50.3509, 50.462, 50.339, 50.3161, 50.3101, 50.3268, 50.4179, 
Time to set up datastructures: 11377.2ms
50.0731, 50.0429, 50.061, 50.071, 50.01, 50.159, 50.06, 50.0841, 50.308, 50.106, 50.097, 50.0629, 50.2222, 50.0729, 50.0169, 50.1132, 50.1978, 50.1082, 50.0939, 50.071, 50.0951, 50.1289, 50.0631, 49.9921, 50.0729, 50.0259, 50.1251, 50.0319, 50.102, 49.999, 50.1411, 50.0469, 50.1051, 50.169, 50.108, 50.0371, 50.04, 50.1149, 50.0691, 50.1029, 50.1471, 50.092, 50.086, 50.344, 51.0149, 50.2698, 50.1771, 50.1039, 50.1621, 50.06, 50.0929, 50.158, 50.1471, 50.123, 50.0901, 50.1449, 50.2081, 50.144, 50.1051, 50.0388, 50.0822, 50.2748, 50.1611, 50.072, 50.045, 50.108, 50.179, 50.1201, 50.0469, 50.118, 50.1249, 50.1161, 50.0879, 50.0891, 50.0679, 50.0741, 50.122, 50.1769, 50.0779, 50.077, 50.0469, 50.0522, 50.0519, 50.1142, 50.0629, 50.2741, 50.828, 50.179, 50.122, 50.077, 50.142, 50.168, 50.2179, 50.1652, 50.0958, 50.1001, 50.0441, 50.1509, 50.1621, 50.1461, 
Time to set up datastructures: 11681.8ms
48.3479, 48.346, 48.3491, 48.3429, 48.4209, 48.404, 48.3491, 48.697, 48.455, 48.4691, 48.337, 48.4331, 48.394, 48.4679, 48.4002, 48.414, 48.4099, 48.4011, 49.021, 48.4021, 48.44, 48.4529, 48.4738, 48.3119, 48.4102, 48.394, 48.353, 48.352, 48.3871, 48.367, 48.4579, 48.49, 49.7611, 49.8519, 49.8791, 50.647, 49.824, 50.8361, 50.437, 49.9899, 50.2431, 50.1339, 50.8151, 50.936, 50.9319, 50.405, 49.593, 49.66, 49.6049, 49.9082, 50.1869, 53.4561, 48.821, 48.4991, 48.4409, 48.4281, 48.3608, 48.351, 48.408, 48.3761, 48.3479, 48.409, 48.3761, 48.42, 48.3701, 48.4219, 48.393, 48.393, 48.4161, 48.3549, 48.353, 48.5339, 48.491, 48.3589, 48.5442, 48.3999, 48.4231, 48.3549, 48.403, 48.4021, 48.3351, 48.3799, 48.3701, 48.362, 48.337, 48.377, 48.434, 48.3239, 48.4021, 48.3751, 48.3668, 48.4211, 48.346, 48.425, 48.4691, 48.3809, 48.5401, 48.5239, 48.4102, 48.3909, 
Time to set up datastructures: 11678.3ms
49.7761, 49.8068, 49.7739, 49.876, 49.8641, 49.8378, 49.803, 50.04, 49.8118, 50.0391, 49.907, 49.8731, 49.83, 49.8569, 49.9091, 49.8409, 49.8512, 49.839, 49.839, 49.8049, 49.8221, 49.834, 49.8409, 49.8381, 49.83, 49.891, 49.8791, 49.8331, 49.9198, 49.9082, 49.8528, 50.0262, 49.891, 49.876, 49.9051, 49.8068, 49.7851, 49.8991, 49.8419, 49.8381, 49.8321, 49.8688, 49.8271, 49.825, 49.8219, 49.861, 49.8052, 49.8688, 50.1292, 49.9349, 49.9151, 49.8631, 49.839, 49.845, 49.876, 49.881, 49.8781, 49.895, 50.0259, 49.9101, 49.8321, 49.844, 49.8059, 49.835, 49.8362, 49.896, 49.9108, 49.8302, 49.9239, 49.9051, 49.825, 49.89, 49.9041, 49.8278, 49.86, 49.8672, 49.9148, 49.968, 49.8321, 49.8481, 49.8998, 49.865, 49.8488, 49.8202, 49.839, 49.7808, 49.8822, 49.8979, 49.8829, 49.9241, 49.859, 49.9029, 49.8941, 49.8409, 50.1442, 49.9649, 49.876, 49.809, 49.8061, 49.865, 
Running CSB implementation
Time to set up datastructures: 11690.8ms
109.438, 109.253, 109.294, 109.314, 109.535, 109.239, 109.359, 109.401, 109.231, 109.321, 109.281, 109.46, 109.063, 109.244, 109.186, 109.161, 109.322, 109.473, 109.455, 109.327, 109.213, 109.161, 109.578, 109.537, 109.575, 109.921, 109.181, 109.234, 109.198, 109.294, 109.203, 109.345, 109.258, 109.23, 109.223, 109.576, 110.125, 109.306, 109.31, 109.212, 109.229, 109.678, 109.231, 109.657, 109.392, 109.361, 109.097, 109.242, 109.225, 109.339, 109.1, 109.365, 109.568, 109.265, 109.755, 109.141, 109.332, 109.358, 109.186, 109.483, 109.181, 109.47, 109.397, 109.259, 109.287, 109.173, 109.228, 109.254, 109.385, 109.322, 109.258, 109.255, 109.305, 109.313, 109.177, 109.211, 109.263, 109.41, 109.467, 109.24, 109.354, 109.248, 109.494, 109.196, 109.21, 109.321, 109.272, 109.33, 109.322, 109.352, 109.097, 109.538, 109.213, 109.274, 109.082, 109.158, 109.571, 109.474, 109.574, 109.259, 
Time to set up datastructures: 11429.1ms
77.6911, 78.0079, 77.7011, 77.7051, 77.8558, 77.842, 77.8539, 77.7969, 77.6122, 77.673, 77.5919, 77.657, 77.821, 77.863, 77.656, 77.7411, 77.8279, 77.6081, 77.6548, 77.585, 77.6289, 77.7121, 77.786, 77.7881, 77.852, 77.78, 77.8019, 77.657, 77.8661, 77.8141, 77.6589, 77.6868, 77.599, 77.718, 77.9271, 77.986, 77.6539, 77.6081, 77.9059, 77.5921, 77.6219, 77.683, 78.033, 77.7521, 77.6439, 77.8141, 77.625, 77.651, 77.774, 77.811, 77.8041, 77.8179, 77.7791, 77.776, 77.848, 77.9111, 77.668, 77.698, 77.791, 77.7259, 77.6019, 77.7009, 77.601, 77.7049, 77.863, 78.0461, 77.549, 77.7719, 77.693, 77.6141, 77.687, 77.7371, 77.6799, 77.673, 77.6138, 77.7481, 77.6751, 77.8239, 77.841, 77.8601, 77.6908, 77.8041, 77.759, 77.745, 77.7259, 77.975, 77.997, 77.5752, 77.7559, 77.6701, 77.826, 77.786, 77.847, 77.913, 77.6889, 77.7061, 77.7118, 77.678, 77.7061, 77.8639, 
Time to set up datastructures: 13171.4ms
65.062, 65.201, 64.9941, 65.074, 65.028, 65.0201, 65.053, 64.9889, 64.9989, 64.9722, 64.9369, 65.1062, 65.037, 65.0039, 65.032, 65.171, 64.913, 65.0079, 65.0461, 65.0592, 65.0139, 64.93, 64.9569, 65.0439, 65.1152, 64.9879, 65.0082, 65.0148, 65.032, 64.9819, 64.9838, 65.007, 65.0568, 65.0241, 64.9519, 65.1031, 65.021, 64.9769, 65.129, 65.0122, 65.0139, 65.063, 65.11, 65.1431, 65.027, 64.9641, 65.0179, 64.99, 64.975, 65.038, 65.0241, 64.9948, 64.9829, 64.9819, 65.129, 65.093, 65.0749, 64.9791, 65.0561, 65.037, 65.0361, 65.0339, 65.0451, 65.0349, 64.9569, 65.0141, 65.0229, 64.99, 65.017, 65.074, 65.0911, 65.0389, 65.021, 64.992, 65.0311, 65.032, 65.0668, 65.1002, 64.9269, 64.9831, 65.007, 65.0411, 65.0258, 64.9631, 65.0351, 65.1209, 65.063, 65.043, 65.002, 65.1112, 65.006, 64.981, 64.9879, 65.0458, 65.078, 64.98, 64.9822, 65.068, 65.0001, 64.9929, 
Time to set up datastructures: 13744.1ms
58.8899, 58.8741, 58.81, 58.882, 58.8572, 58.8799, 58.8892, 58.8338, 58.7981, 58.8191, 58.851, 58.9001, 58.8729, 58.8911, 58.8539, 58.82, 58.8362, 58.876, 58.887, 58.7699, 58.8319, 58.804, 58.8801, 58.867, 58.8069, 58.7921, 58.8288, 58.8412, 58.7809, 58.845, 58.84, 58.8179, 58.867, 58.861, 58.7902, 58.8288, 58.814, 58.836, 58.814, 58.8171, 58.908, 58.8169, 58.8222, 58.888, 58.8529, 58.9151, 58.8629, 58.8431, 58.8119, 58.8861, 58.826, 58.82, 58.9111, 58.8529, 58.8889, 58.847, 58.852, 58.872, 58.835, 58.8112, 58.7668, 58.9001, 58.8548, 58.7881, 58.8591, 58.83, 58.831, 58.8529, 58.8591, 58.9249, 58.8212, 58.888, 58.774, 58.8841, 58.8069, 58.8942, 58.8119, 58.816, 58.939, 58.887, 58.8632, 58.847, 58.934, 58.8741, 58.8238, 58.8431, 58.8191, 58.821, 58.794, 58.8319, 58.7652, 58.8889, 58.8629, 58.8121, 58.7869, 58.809, 58.861, 58.8059, 58.8832, 58.8429, 
Time to set up datastructures: 15107.6ms
55.2289, 55.172, 55.186, 55.306, 55.234, 55.2189, 55.2449, 55.2142, 55.264, 55.192, 55.2468, 55.2161, 55.207, 55.2311, 55.227, 55.222, 55.2309, 55.234, 55.2721, 55.2819, 55.2549, 55.1929, 55.2139, 55.222, 55.203, 55.2249, 55.2511, 55.1929, 55.1751, 55.268, 55.196, 55.1848, 55.275, 55.2168, 55.2599, 55.249, 55.217, 55.2371, 55.1898, 55.2502, 55.2559, 55.2301, 55.2349, 55.2499, 55.2821, 55.248, 55.2299, 55.3031, 55.259, 55.1341, 55.2521, 55.274, 55.223, 55.243, 55.0981, 55.124, 55.2011, 55.294, 55.234, 55.258, 55.0849, 55.1131, 55.078, 55.095, 55.083, 55.2361, 55.279, 55.2108, 55.1958, 55.2421, 55.248, 55.2101, 55.284, 55.2089, 55.1929, 55.2962, 55.2859, 55.2251, 55.1939, 55.1729, 55.2542, 55.2499, 55.109, 55.217, 55.203, 55.1281, 55.2299, 55.1829, 55.0752, 55.2728, 55.115, 55.2659, 55.2011, 55.0539, 55.136, 55.2111, 55.0771, 55.084, 55.1989, 55.2192, 
Time to set up datastructures: 15026.2ms
50.406, 50.468, 50.456, 50.441, 50.395, 50.406, 50.3838, 50.442, 50.384, 50.421, 50.4379, 50.4332, 50.4289, 50.493, 50.452, 50.4179, 50.3941, 50.524, 50.415, 50.39, 50.4191, 50.4808, 50.4282, 50.437, 50.5788, 50.498, 50.446, 50.4141, 50.4479, 50.37, 50.41, 50.4909, 50.4479, 50.4532, 50.4048, 50.406, 50.5018, 50.4212, 50.4138, 50.4291, 50.4968, 50.4301, 50.421, 50.4391, 50.4379, 50.4241, 50.4069, 50.384, 50.447, 50.411, 50.405, 50.406, 50.401, 50.4069, 50.432, 50.355, 50.4901, 50.4391, 50.4379, 50.4069, 50.446, 50.5571, 50.472, 50.4441, 50.452, 50.421, 50.432, 50.4301, 50.787, 50.4849, 50.467, 50.4479, 50.442, 50.39, 50.4689, 50.4382, 50.477, 50.5679, 50.436, 50.4611, 50.4701, 50.4489, 50.4441, 50.3979, 50.436, 50.4839, 50.446, 50.451, 50.493, 50.4019, 50.5049, 50.4181, 50.4498, 50.4301, 50.416, 50.4391, 50.4279, 50.42, 50.4661, 50.4091, 
Time to set up datastructures: 15590.4ms
48.3091, 48.311, 48.1629, 48.1811, 48.1889, 48.218, 48.0511, 48.0719, 48.085, 48.0182, 48.2249, 48.0421, 48.0499, 48.239, 48.1968, 48.2261, 48.171, 48.115, 48.0659, 48.2008, 48.187, 48.146, 48.038, 48.0502, 48.0518, 48.034, 48.1789, 48.152, 48.0831, 48.053, 48.1651, 48.301, 48.0869, 48.0621, 48.0611, 48.209, 48.033, 48.224, 48.0399, 48.068, 48.1751, 48.62, 47.955, 47.905, 48.135, 48.192, 48.0449, 48.1989, 48.1591, 48.0499, 48.182, 48.0611, 48.0549, 48.09, 48.049, 48.1939, 48.0831, 48.213, 48.1811, 48.1751, 48.048, 48.032, 48.0728, 48.0361, 48.1949, 48.0561, 48.152, 48.1961, 48.023, 48.0649, 48.1532, 48.0521, 48.1539, 48.2202, 48.1868, 48.0862, 48.2628, 48.0609, 48.1691, 48.2359, 48.2631, 48.228, 48.08, 48.089, 48.2149, 48.1448, 48.126, 48.2218, 48.064, 48.187, 48.178, 48.2001, 48.2399, 48.2061, 48.1751, 48.183, 48.1911, 48.183, 48.0471, 48.2321, 
Time to set up datastructures: 15266.1ms
46.279, 46.3529, 46.2971, 46.3259, 46.349, 46.3462, 46.3319, 46.3121, 46.2639, 46.2871, 46.2999, 46.3841, 46.2592, 46.294, 46.309, 46.2809, 46.2701, 46.3228, 46.314, 46.3212, 46.303, 46.3119, 46.32, 46.288, 46.314, 46.3059, 46.344, 46.3011, 46.3738, 46.2911, 46.2699, 46.237, 46.258, 46.32, 46.2818, 46.3102, 46.2909, 46.308, 46.283, 46.3331, 46.2949, 46.263, 46.6051, 46.309, 46.3731, 46.2689, 46.236, 46.289, 46.35, 46.2809, 46.283, 46.396, 46.278, 46.2718, 46.2351, 46.2639, 46.2921, 46.3221, 46.3099, 46.289, 46.267, 46.294, 46.2561, 46.2909, 46.2742, 46.3479, 46.2921, 46.252, 46.2711, 46.313, 46.325, 46.3841, 46.3629, 46.3309, 46.2942, 46.2389, 46.299, 46.289, 46.3419, 46.267, 46.2921, 46.283, 46.2959, 46.176, 46.087, 46.221, 46.258, 46.3111, 46.2739, 46.283, 46.2871, 46.329, 46.304, 46.3262, 46.3729, 46.2852, 46.2699, 46.315, 46.3071, 46.2639, 
Time to set up datastructures: 15471.3ms
44.9109, 44.8999, 44.8942, 44.899, 44.893, 44.9388, 44.9212, 44.9798, 44.9321, 44.8999, 44.9102, 44.8768, 44.8961, 44.9469, 44.9071, 44.9049, 44.8661, 44.9429, 44.883, 44.9359, 44.893, 44.848, 44.9889, 44.96, 44.9128, 44.8179, 44.8, 44.924, 44.8949, 44.935, 44.966, 44.883, 44.893, 44.909, 44.7791, 44.8771, 44.8649, 44.884, 44.7662, 44.8189, 44.9841, 44.771, 44.7891, 44.9281, 44.8709, 44.909, 44.9271, 44.8668, 44.9119, 44.836, 44.9491, 44.919, 44.909, 44.9312, 44.8639, 44.915, 44.9071, 44.878, 44.939, 44.9388, 44.9531, 44.77, 44.807, 44.8458, 44.842, 44.8439, 44.9159, 44.95, 44.8771, 44.8301, 44.908, 44.9049, 44.884, 44.8649, 44.8999, 44.904, 44.9109, 44.775, 44.796, 44.925, 44.8899, 44.8711, 44.888, 44.8949, 44.915, 44.9462, 44.888, 44.8868, 44.8632, 44.8868, 44.9312, 44.8909, 44.91, 44.8999, 44.8949, 44.889, 44.867, 44.9018, 44.92, 44.858, 
Time to set up datastructures: 14950ms
43.7391, 43.7269, 43.7329, 43.7322, 43.7388, 43.7622, 43.7419, 43.762, 43.901, 44.0271, 43.9551, 43.6559, 43.7121, 43.7539, 43.7732, 43.7539, 44.4291, 43.7169, 43.6182, 43.7069, 43.75, 43.7629, 43.756, 44.1201, 43.828, 43.6399, 43.6418, 43.715, 43.7598, 43.637, 43.6862, 44.0528, 43.8089, 43.8921, 43.6559, 43.6871, 43.7109, 43.7222, 43.7078, 43.731, 43.7059, 43.752, 43.7779, 43.7851, 43.705, 43.6101, 43.6909, 43.735, 43.709, 43.6959, 43.7031, 43.7191, 43.741, 43.756, 43.7269, 43.68, 43.726, 43.7071, 43.736, 43.6909, 43.678, 43.731, 43.803, 43.674, 43.664, 43.699, 43.7109, 43.7431, 43.6559, 43.6881, 43.6611, 43.6618, 43.695, 43.7329, 43.6511, 43.6549, 43.658, 43.643, 43.709, 43.741, 43.608, 43.6552, 43.6869, 43.7038, 43.7238, 43.695, 43.761, 43.9761, 44.0152, 43.7529, 43.7162, 43.6258, 43.6931, 43.726, 43.6659, 43.7162, 43.659, 43.7419, 43.7551, 43.71, 
Time to set up datastructures: 15294.1ms
43.047, 43.117, 42.9921, 43.0951, 43.093, 43.1099, 43.1302, 43.0129, 42.9981, 42.9571, 42.9728, 43.1139, 43.1261, 42.949, 43.1209, 43.1092, 42.9339, 43.0739, 43.1292, 43.102, 43.0908, 43.1511, 43.041, 43.0539, 43.1409, 43.2222, 43.1759, 43.1571, 42.9919, 42.9871, 43.0989, 43.1201, 42.9749, 43, 42.958, 43.0241, 42.98, 43.117, 42.9971, 43.0908, 42.9299, 43.1161, 42.9471, 43.025, 43.1421, 43.134, 42.963, 43.0708, 43.1321, 43.1859, 43.0708, 42.9602, 43.0648, 42.9749, 42.964, 43.0841, 43.113, 43.3121, 43.0629, 43.138, 42.9199, 43.1011, 43.118, 43.056, 43.082, 43.015, 42.9871, 42.9611, 43.292, 43.1888, 42.984, 42.9611, 43.123, 42.9571, 42.963, 43.036, 43.118, 42.9192, 43.124, 43.138, 43.0069, 42.9699, 43.0381, 43.0119, 42.9661, 43.0329, 42.9831, 42.9752, 42.9409, 42.938, 43.128, 43.102, 43.0591, 43.056, 43.004, 42.9749, 42.9652, 42.938, 43.0038, 43.169, 
Time to set up datastructures: 16327.3ms
41.9619, 41.9612, 41.9278, 42.0232, 41.9219, 42.0251, 41.924, 41.9421, 41.913, 41.9168, 41.9261, 41.9469, 41.934, 41.923, 41.919, 41.8949, 41.9462, 41.9328, 41.93, 41.9419, 41.949, 41.9521, 41.9219, 41.9121, 41.9281, 41.9369, 41.944, 41.9581, 41.9199, 41.935, 41.96, 42.053, 41.9638, 41.9462, 41.9559, 41.9309, 41.9362, 41.9018, 41.9321, 41.914, 41.9481, 41.9559, 41.9209, 41.899, 41.934, 41.903, 41.9791, 41.914, 41.939, 41.908, 41.985, 41.9359, 41.9002, 41.9281, 41.9159, 41.9681, 41.8749, 41.94, 41.882, 41.935, 41.913, 41.9559, 41.9271, 41.9078, 41.872, 41.9309, 41.898, 41.9478, 41.9142, 41.9328, 41.9481, 41.914, 41.9421, 41.9581, 41.9738, 41.9312, 41.9579, 41.9211, 41.9281, 41.965, 41.9118, 41.923, 41.898, 41.913, 41.925, 41.9312, 41.9369, 41.9149, 41.9259, 41.9521, 41.888, 41.8899, 41.929, 41.9152, 41.966, 41.9168, 41.9641, 41.9352, 42.0189, 41.939, 
Time to set up datastructures: 15354.9ms
41.621, 41.796, 41.687, 41.6539, 41.6961, 41.6651, 41.666, 41.642, 41.707, 41.6479, 41.7089, 41.6939, 41.631, 41.6422, 41.6648, 41.6431, 41.651, 41.661, 41.61, 41.642, 41.6811, 41.6491, 41.836, 43.005, 41.961, 41.8971, 41.7051, 41.5299, 41.6739, 41.6901, 41.6381, 41.6811, 41.6489, 41.755, 41.6701, 41.7049, 41.6088, 41.6448, 41.667, 41.621, 41.7659, 41.657, 41.6641, 41.7149, 41.661, 41.6791, 41.657, 41.678, 41.6679, 41.671, 41.6811, 41.6141, 41.688, 41.6, 41.6059, 41.6629, 41.64, 41.7099, 41.6682, 41.6279, 41.6241, 41.647, 41.667, 41.6422, 41.641, 41.616, 41.6429, 41.6651, 41.6121, 41.647, 41.6429, 41.651, 41.584, 41.604, 41.6009, 41.5771, 41.5359, 41.5652, 41.5459, 41.569, 41.5089, 41.579, 41.58, 41.611, 41.646, 41.6529, 41.6272, 41.667, 41.671, 41.6749, 41.64, 41.621, 41.651, 41.6532, 41.6369, 41.642, 41.6081, 41.6429, 41.6701, 41.6551, 
Running BlockCOH implementation
Time to set up datastructures: 17545.2ms
91.836, 91.8951, 91.814, 91.892, 92.2379, 91.85, 92.021, 91.8841, 92.1719, 91.8682, 91.949, 91.888, 92.0119, 91.97, 92.2122, 91.9089, 92.113, 92.195, 91.8791, 91.9709, 92.1631, 91.9938, 92.0441, 92.0329, 91.7819, 92.0351, 92.0241, 92.047, 91.9101, 92.036, 91.82, 92.0188, 92.2022, 92.042, 91.9709, 92.1209, 91.9781, 91.923, 91.9821, 91.9428, 91.8531, 91.9259, 92.1352, 92.0508, 91.8281, 92.072, 92.1361, 92.0029, 92.036, 92.001, 91.97, 91.9321, 92.0811, 91.8379, 91.8989, 92.1371, 91.943, 92.31, 91.8691, 91.8629, 92.0541, 92.0229, 91.8128, 92.185, 91.8941, 91.974, 92.1738, 92.3071, 92.2041, 91.881, 92.257, 92.036, 91.939, 91.717, 92.1171, 91.97, 92.2918, 91.9752, 92.1588, 91.9161, 91.7859, 91.9161, 91.9709, 92.247, 91.9919, 92.1221, 92.0141, 92.0351, 92.1388, 96.1051, 95.376, 94.3041, 92.1531, 92.1459, 92.031, 91.9659, 91.8751, 91.9201, 91.9449, 91.929, 
Time to set up datastructures: 14874.8ms
68.9602, 69.2558, 68.9731, 68.8672, 69.1209, 68.9869, 69.2911, 69.1991, 68.9321, 69.0539, 68.9631, 68.85, 69.0579, 69.1161, 68.893, 68.913, 68.753, 68.9299, 69.0179, 68.836, 68.8801, 68.8369, 69.1898, 69.1769, 69.243, 69.1481, 68.9449, 68.985, 69.0029, 68.9762, 69.056, 69.0219, 68.84, 69.447, 69.078, 68.948, 69.1979, 68.9471, 68.9411, 68.9518, 69, 68.728, 68.959, 68.9249, 68.7561, 69.1121, 68.862, 69.18, 68.8939, 69.067, 69.026, 68.975, 68.747, 68.872, 69.1481, 68.9158, 68.8179, 69.109, 69.0019, 68.9831, 69.011, 68.913, 68.907, 68.8579, 69.1891, 69.175, 68.7659, 69.1502, 69.1328, 68.934, 68.8, 68.8751, 68.8879, 68.8701, 68.929, 68.8429, 68.758, 69.0041, 69.128, 69.0341, 69.14, 69.335, 69.263, 69.351, 68.9192, 68.9089, 68.871, 68.892, 68.831, 68.954, 68.841, 68.8879, 68.9421, 68.9201, 69.2689, 68.8992, 68.8999, 69.0131, 69.0269, 68.8729, 
Time to set up datastructures: 14561ms
59.17, 59.2039, 59.1409, 59.0451, 59.0999, 59.1409, 59.1772, 59.0048, 59.1021, 59.3081, 59.2852, 59.036, 59.0401, 59.1428, 59.1531, 59.1991, 59.139, 59.1469, 59.1352, 59.134, 59.068, 58.9669, 59.1021, 59.2151, 59.18, 59.062, 59.011, 58.975, 59.144, 58.9418, 58.975, 59.052, 59.17, 59.226, 59.159, 59.17, 59.1609, 58.9199, 59.1071, 58.9931, 59.1791, 59.1469, 59.063, 59.1061, 59.144, 59.0689, 58.9461, 59.449, 59.2389, 59.0711, 59.1531, 59.0699, 59.1321, 59.073, 59.0131, 59.1869, 59.2291, 59.258, 59.1738, 59.088, 59.0379, 59.1071, 59.1581, 58.9409, 59.0062, 59.0849, 59.139, 59.1531, 59.0508, 59.041, 59.0658, 59.082, 59.1779, 59.032, 59.2048, 59.082, 59.0482, 59.1569, 59.118, 59.078, 59.0582, 59.1879, 59.1099, 59.1052, 59.082, 59.073, 59.2201, 59.0189, 59.2031, 59.031, 59.0239, 59.1519, 59.067, 59.1221, 59.1328, 59.129, 59.0851, 59.0999, 59.0701, 59.1631, 
Time to set up datastructures: 14742.8ms
56.4392, 56.519, 56.3719, 56.356, 56.4871, 56.5329, 56.4849, 56.499, 56.4179, 56.4802, 56.4089, 56.4351, 56.4411, 56.4599, 56.376, 56.4301, 56.4251, 56.412, 56.5279, 56.402, 56.4511, 56.5698, 56.437, 56.5341, 56.396, 56.3071, 56.509, 56.3529, 56.4282, 56.4928, 56.4561, 56.3931, 56.4108, 56.3848, 56.488, 56.432, 56.5782, 56.4048, 56.5062, 56.4358, 56.4721, 56.4501, 56.3951, 56.422, 56.5109, 56.385, 56.4048, 56.4408, 56.5288, 56.3772, 56.3929, 56.4289, 56.3939, 56.4961, 56.4618, 56.4511, 56.4449, 56.4132, 56.4358, 56.3931, 56.397, 56.4849, 56.443, 56.3681, 56.426, 56.5128, 56.4542, 56.4768, 56.3431, 56.473, 56.4921, 56.376, 56.457, 56.4909, 56.494, 56.488, 56.3879, 56.3879, 56.504, 56.5431, 56.407, 56.407, 56.4871, 56.339, 56.5791, 56.4458, 56.3591, 56.5372, 56.4659, 56.5419, 56.6592, 56.3488, 56.4561, 56.442, 56.361, 56.483, 56.4501, 56.432, 56.515, 56.462, 
Time to set up datastructures: 15026.9ms
54.6489, 54.7671, 54.7929, 54.822, 54.764, 54.719, 54.7771, 54.698, 54.7628, 54.718, 54.774, 54.6989, 54.806, 54.8272, 54.8739, 54.9121, 54.7979, 54.7152, 54.7409, 54.6629, 54.6801, 54.78, 54.8019, 54.7321, 54.6029, 54.7478, 54.7872, 54.7731, 54.692, 54.6989, 54.7979, 54.8182, 54.703, 54.78, 54.7729, 54.7838, 54.657, 54.7311, 54.6949, 54.7738, 54.7431, 54.7721, 54.6839, 54.774, 54.7719, 54.75, 54.7812, 54.8759, 54.7791, 54.7631, 54.847, 54.6739, 54.8151, 54.7061, 54.688, 54.7071, 54.6219, 54.7929, 54.6429, 54.7249, 54.683, 54.6482, 54.7559, 54.729, 54.847, 54.7252, 54.847, 54.7841, 54.7838, 54.774, 54.774, 54.8129, 54.729, 54.9099, 54.75, 54.8019, 54.801, 54.8339, 54.718, 54.7471, 54.7459, 54.739, 54.8429, 54.7109, 54.805, 54.791, 54.7521, 54.8401, 54.7471, 54.75, 54.744, 54.8661, 54.7838, 54.7471, 54.811, 54.7469, 54.6682, 54.6858, 54.76, 54.903, 
Time to set up datastructures: 15194.9ms
52.6059, 52.6681, 52.7041, 52.639, 52.6559, 52.5901, 52.604, 52.6521, 52.675, 52.6989, 52.6769, 52.659, 52.6469, 52.618, 52.5801, 52.66, 52.6121, 52.6769, 52.6071, 52.6779, 52.6779, 52.619, 52.6781, 52.6609, 52.5951, 52.6569, 52.556, 52.6469, 52.7411, 52.603, 52.6459, 52.6431, 52.6779, 52.6659, 52.691, 52.7079, 52.7291, 52.5739, 52.6552, 52.655, 52.6049, 52.6559, 52.5799, 52.7291, 52.8171, 52.659, 52.736, 52.671, 52.6381, 52.6628, 52.8421, 52.655, 52.711, 52.6209, 52.5441, 52.619, 52.6931, 52.6409, 52.6419, 52.598, 52.665, 52.6049, 52.788, 52.8209, 52.628, 52.6912, 52.7048, 52.702, 52.788, 52.5589, 52.649, 52.536, 52.671, 52.5589, 52.7451, 52.5401, 52.706, 52.7589, 52.6059, 52.6118, 52.696, 52.573, 52.706, 52.6569, 52.7432, 52.7339, 52.6881, 52.8259, 52.6791, 52.702, 52.5789, 52.582, 52.711, 52.6061, 52.763, 52.6571, 52.5389, 52.568, 52.624, 52.609, 
Time to set up datastructures: 15419.8ms
53.3209, 53.1571, 53.144, 53.1731, 53.087, 53.201, 53.2291, 53.1571, 53.107, 53.273, 53.1449, 53.262, 53.2091, 53.184, 53.169, 53.102, 53.2231, 53.1709, 53.2479, 53.2951, 53.2949, 53.4821, 53.278, 53.1521, 53.278, 53.1421, 53.216, 53.2, 53.201, 53.1762, 53.195, 53.1669, 53.2639, 53.236, 53.195, 53.129, 53.2081, 53.1609, 53.2701, 53.1998, 53.2372, 53.2069, 53.1271, 53.232, 53.2632, 53.262, 53.19, 53.0789, 53.252, 53.1709, 53.1461, 53.2041, 53.225, 53.189, 53.2269, 53.17, 53.134, 53.0741, 53.3001, 53.2508, 53.1659, 53.143, 53.1621, 53.1359, 53.1371, 53.252, 53.2131, 53.2289, 53.1142, 53.159, 53.2429, 53.134, 53.1662, 53.159, 53.1578, 53.103, 53.2649, 53.1578, 53.1271, 53.2291, 53.1709, 53.206, 53.1731, 53.1561, 53.3998, 53.1831, 53.2451, 53.1199, 53.302, 53.221, 53.4151, 53.3261, 53.1559, 53.2811, 53.174, 53.159, 53.206, 53.1781, 53.1828, 53.2188, 
Time to set up datastructures: 14798.1ms
53.431, 53.3371, 53.328, 53.3969, 53.2789, 53.2842, 53.308, 53.4658, 53.3431, 53.3941, 53.2629, 53.345, 53.3261, 53.4129, 53.349, 53.405, 53.3011, 53.2858, 53.4229, 53.308, 53.2949, 53.299, 53.385, 53.3941, 53.4141, 53.314, 53.421, 53.3729, 53.369, 53.3299, 53.3519, 53.3831, 53.3528, 53.3142, 53.298, 53.437, 53.2498, 53.3211, 53.308, 53.302, 53.4239, 53.4842, 53.3199, 53.3729, 53.4742, 53.447, 53.405, 53.4499, 53.309, 53.2742, 53.6108, 53.3252, 53.339, 53.297, 53.3509, 53.3891, 53.3891, 53.18, 53.4089, 53.3142, 53.242, 53.2391, 53.369, 53.772, 53.4, 53.3679, 53.4191, 53.3199, 53.267, 53.2811, 53.3471, 53.3409, 53.2951, 53.5169, 53.3972, 53.441, 53.448, 53.3829, 53.3519, 53.3831, 53.3099, 53.5371, 53.407, 53.4091, 53.4129, 53.3309, 53.3271, 53.2761, 53.303, 53.2939, 53.2889, 53.339, 53.3321, 53.272, 53.4251, 53.3659, 53.4451, 53.396, 53.349, 53.3659, 
Time to set up datastructures: 14636.8ms
53.1449, 53.1721, 53.1089, 53.153, 53.1559, 53.124, 53.1719, 53.1702, 53.133, 53.153, 53.123, 53.1449, 53.0849, 53.3881, 53.287, 53.1161, 53.2298, 53.1611, 53.092, 53.124, 53.3769, 53.1962, 53.2019, 53.066, 53.242, 53.0472, 53.1759, 53.124, 53.1301, 53.2081, 53.108, 53.0851, 53.1049, 53.3471, 53.1418, 53.19, 53.117, 53.0641, 53.1061, 53.2439, 53.1511, 53.1631, 53.2551, 53.2019, 53.2231, 53.0989, 53.1759, 53.0171, 53.2219, 53.1831, 53.1368, 53.2022, 53.3121, 53.1039, 53.195, 53.1721, 53.1249, 53.174, 53.0899, 53.2212, 53.1309, 53.1771, 53.3249, 53.0961, 53.4639, 53.5491, 53.154, 53.2, 53.185, 53.2122, 53.067, 53.179, 53.1659, 53.117, 53.093, 53.0951, 53.1659, 53.158, 53.185, 53.1011, 53.1111, 53.1049, 53.175, 53.215, 53.1499, 53.0651, 53.3762, 53.1719, 53.196, 53.683, 53.1912, 53.1359, 53.154, 53.133, 53.112, 53.1681, 53.108, 53.061, 53.076, 53.1559, 
Time to set up datastructures: 14413.1ms
54.5378, 54.3709, 54.4391, 54.503, 54.5189, 54.7831, 54.605, 54.786, 54.4891, 54.625, 54.435, 54.3959, 54.409, 54.46, 54.513, 54.5921, 54.4701, 54.565, 54.518, 54.4751, 54.575, 54.522, 54.4391, 54.4839, 54.426, 54.4851, 54.642, 54.491, 54.4851, 54.42, 54.4391, 54.543, 54.445, 54.4341, 54.4739, 54.7061, 54.5421, 54.7769, 54.5049, 54.4958, 54.4341, 54.7862, 54.4798, 54.5352, 54.4069, 54.461, 54.5421, 54.497, 54.5261, 54.492, 54.4419, 54.43, 54.5201, 54.6069, 54.43, 54.764, 55.028, 54.801, 54.39, 54.5158, 54.4641, 54.642, 54.642, 54.733, 55.0029, 54.9028, 54.5931, 54.3911, 54.5368, 54.476, 54.4422, 54.5158, 54.5149, 54.3699, 54.4758, 54.4279, 54.5161, 54.4319, 54.5681, 54.635, 54.8229, 54.5201, 54.58, 54.9011, 54.5828, 54.8921, 54.7371, 54.6398, 54.5411, 54.6701, 54.4708, 54.4672, 54.4119, 54.508, 54.4851, 54.4729, 54.4641, 54.4021, 54.4169, 54.806, 
Time to set up datastructures: 14333.7ms
57.8589, 57.7381, 57.6799, 57.6551, 57.8129, 57.735, 57.7219, 57.7071, 57.7221, 57.822, 57.724, 57.8389, 57.9071, 57.734, 57.6921, 57.7009, 57.8291, 57.7049, 57.719, 57.6601, 57.689, 57.78, 57.6551, 57.7409, 57.7879, 57.7211, 57.59, 57.822, 57.6849, 57.765, 57.745, 57.7629, 58.2361, 57.78, 57.6818, 57.8461, 57.6751, 57.7419, 57.765, 57.766, 57.7512, 57.677, 57.7998, 57.7431, 57.9121, 57.92, 57.9441, 57.761, 57.8179, 57.6401, 57.7672, 57.7619, 57.6899, 57.7981, 57.657, 57.734, 57.7159, 57.8351, 57.6949, 57.796, 57.6808, 57.5631, 57.801, 57.755, 57.7898, 57.759, 57.7662, 57.8539, 57.8671, 57.7838, 57.7352, 57.833, 57.718, 57.7438, 57.6432, 57.786, 57.8411, 57.7819, 57.7979, 57.8182, 57.9948, 57.7371, 57.75, 57.703, 57.7528, 57.8132, 57.93, 57.852, 57.7719, 57.781, 57.7791, 57.7838, 57.754, 57.79, 57.7281, 57.615, 57.6861, 57.759, 57.8358, 57.7898, 
Time to set up datastructures: 14468.9ms
56.0491, 56.088, 56.082, 55.985, 56.113, 56.0341, 56.057, 56.0751, 56.0489, 56.1831, 56.1471, 55.97, 55.9211, 56.088, 56.051, 56.0739, 56.041, 56.0341, 55.999, 55.9909, 56.083, 56.0851, 56.0839, 56.0391, 56.036, 56.035, 56.052, 56.0911, 56.1061, 56.2088, 56.016, 56.0632, 56.031, 56.0319, 55.9731, 56.0291, 56.0899, 56.0422, 55.9449, 56.093, 56.119, 55.968, 56.0961, 56.1049, 56.021, 56.0572, 55.97, 56.087, 56.006, 56.0451, 56.0019, 56.076, 56.216, 56.3359, 56.196, 56.046, 56.185, 56.0751, 56.1011, 56.0179, 55.9871, 56.107, 55.9449, 56.016, 55.9289, 56.1681, 56.2251, 56.129, 56.0129, 55.9552, 56.242, 56.2088, 56.1252, 56.083, 56.097, 56.0951, 56.072, 56.114, 56.0911, 56.2499, 56.1991, 56.035, 55.917, 56.0169, 56.1101, 56.128, 55.989, 56.02, 56.1111, 56.046, 56.1249, 56.0181, 56.0439, 55.9971, 56.026, 56.0799, 56.0431, 56.02, 56.1318, 56, 
Time to set up datastructures: 14494.7ms
55.5398, 55.4888, 55.563, 55.506, 55.511, 55.578, 55.5942, 55.5389, 55.536, 55.532, 55.4571, 55.5401, 55.5148, 55.5258, 55.444, 55.6428, 55.4461, 55.5809, 55.51, 55.4562, 55.4578, 55.583, 55.541, 55.5811, 55.5229, 55.5332, 55.4459, 55.4941, 55.429, 55.4299, 55.5429, 55.5432, 55.4519, 55.485, 55.5592, 55.4719, 55.4721, 55.4888, 55.588, 55.563, 55.5902, 55.6049, 55.469, 55.6929, 55.4512, 55.402, 55.45, 55.505, 55.541, 55.4941, 55.5389, 55.491, 55.4738, 55.5451, 55.5289, 55.4991, 55.5232, 55.567, 55.459, 55.552, 55.5179, 55.485, 55.505, 55.536, 55.5689, 55.5172, 55.481, 55.465, 55.45, 55.5758, 55.521, 55.9762, 55.614, 55.4819, 55.567, 55.5279, 55.5491, 55.445, 55.486, 55.505, 55.661, 55.577, 55.474, 55.486, 55.476, 55.48, 55.455, 55.536, 55.537, 55.4512, 55.5129, 55.5191, 55.5279, 55.546, 55.4459, 55.496, 55.552, 55.429, 55.4979, 55.4771, 

run on commit: b7033e5d4b360fc23f010515e22c3b23c97b7a49