2 3 4 5 6 7 8 9 10 11 12 13 14
Running sequential algorithm
Time to set up datastructures: 131969ms
145.855, 145.825, 145.707, 145.841, 145.788, 145.775, 145.772, 145.883, 145.746, 145.898, 145.886, 145.86, 145.841, 146.117, 145.844, 145.871, 145.734, 145.809, 145.867, 146.053, 146.196, 145.92, 145.785, 145.949, 145.91, 145.881, 145.784, 145.782, 145.868, 145.798, 145.786, 145.806, 145.886, 145.904, 145.793, 145.765, 145.803, 145.918, 145.783, 145.93, 146.509, 146.574, 145.859, 145.747, 145.772, 146.166, 145.805, 145.735, 145.825, 145.74, 146.179, 145.841, 145.789, 145.875, 145.74, 145.822, 145.747, 145.881, 145.863, 145.878, 145.795, 145.805, 145.795, 145.947, 145.816, 145.884, 145.717, 146.024, 146.111, 145.821, 145.746, 145.723, 145.745, 145.711, 145.902, 145.687, 145.771, 145.78, 145.838, 145.862, 145.936, 145.863, 145.74, 145.935, 145.887, 145.801, 145.914, 145.735, 145.879, 145.843, 145.903, 145.836, 145.849, 145.76, 145.858, 146.078, 145.937, 145.902, 145.84, 145.813, 
Running OpenMP implementation
Time to set up datastructures: 134974ms
73.5719, 73.678, 73.6141, 73.6899, 73.6859, 73.6241, 73.7219, 73.869, 73.6549, 73.6001, 73.781, 73.6659, 73.6001, 73.7121, 73.7009, 73.6289, 73.822, 73.777, 73.6818, 73.792, 73.6759, 73.699, 73.791, 73.7062, 73.653, 73.647, 73.761, 73.705, 73.709, 73.838, 73.7822, 73.7529, 73.5931, 73.6921, 73.8559, 73.5841, 73.8201, 73.6039, 73.6191, 73.6251, 73.643, 73.736, 73.6711, 73.921, 73.6661, 73.7641, 73.6978, 73.6282, 73.8008, 73.7538, 73.6661, 73.678, 73.6959, 73.6902, 73.8099, 73.6952, 73.6668, 73.8311, 73.693, 73.755, 73.911, 73.7169, 73.7979, 73.648, 73.679, 73.611, 73.746, 73.813, 73.761, 73.787, 73.77, 73.6821, 73.6198, 73.647, 73.6501, 73.669, 73.7541, 73.6699, 73.6752, 73.5888, 73.6921, 73.673, 73.73, 73.7181, 73.9198, 73.709, 73.7922, 73.8099, 73.6091, 73.7829, 73.6799, 73.741, 73.7131, 73.684, 73.7019, 73.6821, 73.7181, 73.7369, 73.807, 73.766, 
Time to set up datastructures: 133514ms
52.8378, 52.773, 52.8131, 53.0572, 52.8109, 52.7849, 52.752, 52.8591, 52.8121, 52.8209, 52.8431, 52.9139, 52.881, 52.932, 52.9392, 52.881, 52.8259, 52.808, 52.7461, 52.793, 52.7859, 52.8259, 52.8822, 52.7799, 52.8901, 52.784, 52.778, 52.7639, 52.794, 52.7651, 52.7899, 52.8109, 53.0899, 52.933, 52.8221, 52.87, 53.0128, 52.7792, 53.0689, 53.0381, 53.1609, 53.1271, 52.876, 52.8779, 53.0539, 52.8281, 52.8469, 52.845, 53.2691, 52.9468, 52.881, 52.9451, 52.8879, 52.8901, 52.9749, 53.0422, 52.81, 52.9411, 52.8629, 52.856, 52.8381, 53.1251, 53.134, 52.978, 52.8538, 52.8622, 52.8309, 52.881, 52.892, 52.8102, 52.8259, 53.0379, 53.0891, 53.01, 52.923, 52.8791, 52.9511, 53.4759, 53.0171, 53.252, 52.8769, 53.1499, 52.9282, 52.9258, 52.8591, 53.0231, 53, 52.911, 52.8619, 53.0131, 53.0381, 52.9878, 52.8901, 52.8259, 52.999, 52.9389, 52.913, 52.9389, 52.948, 53.143, 
Time to set up datastructures: 137502ms
42.706, 42.8281, 42.922, 42.886, 43.0539, 42.8631, 42.985, 42.8469, 42.8472, 42.8979, 42.928, 42.8751, 42.9151, 42.959, 42.9211, 42.9239, 43.031, 42.913, 42.917, 42.989, 42.913, 42.9602, 42.9318, 42.9661, 43.045, 42.9769, 42.9392, 42.9699, 42.9301, 42.9969, 42.9821, 42.953, 42.9361, 43.0019, 42.8922, 42.9699, 42.8948, 42.9008, 42.9559, 43.062, 42.8898, 43.0191, 42.9649, 42.9912, 42.9361, 42.912, 42.907, 42.7999, 42.902, 42.917, 42.872, 42.9509, 42.9101, 42.9759, 42.9652, 43.0028, 42.922, 42.974, 43.026, 42.8431, 42.9339, 42.9089, 42.902, 42.906, 43.0648, 42.984, 42.9988, 42.999, 42.8848, 42.984, 42.933, 42.877, 42.9978, 42.9921, 42.8741, 42.906, 42.8309, 42.9881, 42.9599, 42.8541, 42.995, 42.9091, 42.959, 42.9261, 42.9311, 42.918, 42.973, 42.9101, 42.9609, 42.907, 43.0129, 42.9661, 43.0019, 42.906, 42.8901, 42.9718, 43.01, 43.0188, 42.9611, 43.0551, 
Time to set up datastructures: 137244ms
36.8011, 36.8409, 36.87, 36.829, 36.9139, 36.8462, 36.8431, 36.819, 36.8109, 36.8562, 36.9248, 36.8731, 36.8559, 36.813, 36.829, 36.8671, 36.8278, 36.8912, 36.9189, 36.8481, 36.9189, 36.8831, 36.926, 36.8891, 36.9399, 36.8872, 36.948, 36.948, 36.8991, 36.922, 36.9689, 36.936, 36.9451, 36.906, 36.886, 36.9298, 36.974, 36.921, 36.9389, 36.875, 36.9771, 36.916, 36.8621, 36.9039, 36.9151, 36.896, 36.922, 36.8919, 36.859, 36.9332, 36.9928, 36.9458, 36.911, 36.869, 36.8981, 36.9148, 36.8981, 36.931, 36.9158, 36.9291, 36.88, 36.911, 36.952, 36.972, 36.9289, 36.885, 36.9251, 36.9101, 36.895, 36.9051, 36.9539, 36.8881, 36.9818, 36.9151, 36.9329, 36.936, 36.8869, 36.9039, 36.931, 36.9561, 36.865, 36.9189, 36.9482, 36.8989, 36.9568, 36.9952, 36.936, 36.9148, 36.9241, 36.9749, 36.9341, 36.9449, 36.8991, 36.9151, 36.938, 36.9821, 36.9229, 36.9661, 36.9329, 36.9151, 
Time to set up datastructures: 138272ms
33.5529, 33.6461, 33.572, 33.618, 33.5882, 33.6249, 33.5591, 33.6459, 33.545, 33.644, 33.6652, 33.5948, 33.5941, 33.618, 33.663, 33.5929, 33.6571, 33.6449, 33.587, 33.5989, 33.6852, 33.7229, 33.6521, 33.5979, 33.6502, 33.6671, 33.6368, 33.7572, 33.7019, 33.6959, 33.6971, 33.633, 33.669, 33.6409, 33.7219, 33.653, 33.6421, 33.699, 33.684, 33.71, 33.623, 33.684, 33.6881, 33.644, 33.7021, 33.6878, 33.6711, 33.6299, 33.772, 33.7081, 33.7279, 33.69, 33.659, 33.612, 33.674, 33.6728, 33.68, 33.704, 33.7038, 33.684, 33.689, 33.684, 33.7121, 33.6878, 33.673, 33.6561, 33.684, 33.6261, 33.6728, 33.6812, 33.6878, 33.7, 33.6461, 33.7231, 33.716, 33.669, 33.669, 33.7188, 33.6959, 33.6919, 33.6962, 33.6719, 33.6812, 33.731, 33.7169, 33.659, 33.7739, 33.6611, 33.71, 33.7, 33.6978, 33.669, 33.6981, 33.73, 33.6959, 33.6611, 33.6878, 33.6962, 33.6959, 33.649, 
Time to set up datastructures: 138353ms
31.1341, 31.173, 31.1918, 31.2321, 31.1821, 31.179, 31.146, 31.2119, 31.25, 31.2531, 31.2309, 31.2462, 31.2419, 31.1811, 31.255, 31.2181, 31.2629, 31.1799, 31.275, 31.256, 31.183, 31.297, 31.204, 31.225, 31.2111, 31.229, 31.2419, 31.177, 31.2481, 31.1759, 31.2178, 31.2691, 31.2951, 31.2221, 31.2278, 31.1961, 31.239, 31.317, 31.2941, 31.245, 31.193, 31.224, 31.3079, 31.337, 31.2309, 31.2722, 31.225, 31.3139, 31.203, 31.2011, 31.239, 31.244, 31.2219, 31.261, 31.2579, 31.2531, 31.2221, 31.2269, 31.265, 31.306, 31.2309, 31.2631, 31.2419, 31.2471, 31.332, 31.27, 31.261, 31.275, 31.2419, 31.2459, 31.2061, 31.2569, 31.261, 31.2531, 31.2669, 31.2662, 31.3048, 31.2531, 31.2841, 31.2419, 31.2531, 31.2691, 31.2939, 31.3079, 31.261, 31.2181, 31.204, 31.2331, 31.265, 31.292, 31.287, 31.2541, 31.177, 31.2901, 31.2281, 31.2409, 31.3141, 31.2529, 31.2271, 31.2181, 
Time to set up datastructures: 138285ms
30.0219, 30.055, 30.014, 30.0679, 30.0491, 30.0639, 30.0219, 30.051, 30.122, 30.004, 30.112, 30.113, 30.0541, 30.0989, 30.0341, 30.0419, 30.0729, 30.0801, 30.0341, 30.0949, 30.0882, 30.0081, 30.0279, 30.1111, 30.0319, 30.107, 30.0531, 30.1421, 30.056, 30.0839, 30.055, 30.1042, 30.0648, 30.0391, 30.0601, 30.1449, 30.108, 30.0782, 30.0589, 30.0641, 30.0879, 30.066, 30.0841, 30.067, 30.0851, 30.076, 30.0839, 30.097, 30.0651, 30.0481, 30.102, 30.0989, 30.0951, 30.055, 30.067, 30.0388, 30.1661, 30.1061, 30.061, 30.0999, 30.091, 30.0951, 30.072, 30.0241, 30.087, 30.076, 30.0579, 30.092, 30.0341, 30.087, 30.0751, 30.03, 30.0519, 30.0622, 30.056, 30.103, 30.1111, 30.066, 30.0729, 30.0679, 30.1261, 30.0601, 30.0941, 30.1669, 30.0601, 30.072, 30.0779, 30.148, 30.076, 30.072, 30.0639, 30.0391, 30.086, 30.077, 30.0219, 30.071, 30.092, 30.035, 30.098, 30.071, 
Time to set up datastructures: 138599ms
29.4039, 29.4621, 29.398, 29.382, 29.4111, 29.3648, 29.3872, 29.392, 29.376, 29.381, 29.4108, 29.3791, 29.4049, 29.4268, 29.388, 29.4189, 29.4089, 29.4192, 29.3899, 29.7828, 30.1421, 29.494, 29.4392, 29.4118, 29.423, 29.4189, 29.3798, 29.4132, 29.4068, 29.4471, 29.434, 29.3779, 29.413, 29.3941, 29.4359, 29.392, 29.4199, 29.402, 29.3841, 29.382, 29.4039, 29.4161, 29.444, 29.448, 29.3951, 29.3939, 29.418, 29.4361, 29.4559, 29.428, 29.361, 29.4042, 29.382, 29.3939, 29.423, 29.412, 29.3581, 29.5179, 29.418, 29.3672, 29.408, 29.3889, 29.4039, 29.4101, 29.392, 29.3911, 29.608, 29.4459, 29.454, 29.3992, 29.3739, 29.398, 29.3779, 29.397, 29.424, 29.4051, 29.4371, 29.4168, 29.388, 29.355, 29.3798, 29.3472, 29.376, 29.3789, 29.4111, 29.4578, 29.4108, 29.3651, 29.376, 29.381, 29.3601, 29.4039, 29.3591, 29.346, 29.4199, 29.4101, 29.382, 29.3601, 29.418, 29.4039, 
Time to set up datastructures: 138166ms
28.939, 28.9102, 28.832, 28.8949, 28.9431, 28.861, 28.899, 28.867, 28.955, 28.959, 28.929, 28.904, 28.867, 28.9419, 28.8999, 28.8479, 28.873, 28.935, 28.8539, 28.872, 28.904, 28.954, 28.8808, 28.8801, 28.8999, 28.9609, 28.923, 28.903, 29.1371, 28.965, 28.949, 28.9721, 28.966, 28.923, 28.904, 28.9021, 28.96, 28.8639, 28.8801, 28.913, 28.94, 28.8689, 28.9388, 28.8911, 28.8591, 28.8789, 28.965, 28.908, 28.892, 28.892, 28.898, 29.0029, 28.904, 28.888, 28.8591, 28.893, 28.857, 28.8551, 28.8949, 28.9042, 28.9118, 28.9011, 28.9521, 28.9619, 28.95, 28.9552, 28.857, 28.8799, 28.9161, 28.8889, 28.923, 28.914, 28.9371, 28.9419, 29.0022, 28.9059, 28.893, 28.8908, 28.8589, 28.9001, 28.878, 28.9209, 28.8892, 28.8999, 28.9221, 28.9121, 28.944, 28.9369, 28.8811, 28.8689, 28.882, 28.9271, 28.8692, 28.841, 28.9159, 28.929, 28.8911, 28.882, 28.8858, 28.8882, 
Time to set up datastructures: 138398ms
28.8031, 28.784, 28.754, 28.805, 28.7669, 28.795, 28.801, 28.7149, 28.7981, 28.8608, 29.0298, 28.8019, 28.7831, 28.796, 28.7399, 28.784, 28.9001, 28.7528, 28.97, 28.837, 28.8038, 28.7611, 28.774, 28.7631, 28.7941, 28.775, 28.765, 28.7609, 28.759, 28.765, 28.7712, 28.7549, 28.759, 28.7399, 28.743, 28.8141, 28.9111, 28.7499, 28.7299, 28.9061, 28.7759, 28.7561, 28.7499, 28.8639, 28.7452, 28.7519, 28.7161, 28.7709, 28.8761, 28.7671, 28.856, 28.847, 28.784, 28.707, 28.7549, 28.724, 28.7511, 28.7628, 28.6939, 28.697, 28.7502, 28.9209, 28.949, 28.9299, 28.7812, 28.7988, 28.748, 28.708, 28.9202, 28.862, 28.7609, 28.748, 28.769, 28.795, 28.8, 28.7499, 28.7402, 28.7089, 28.7921, 28.7759, 28.7471, 28.7828, 28.7471, 28.724, 28.7199, 28.8758, 28.883, 28.7549, 28.95, 28.852, 28.7421, 28.7571, 28.7418, 28.779, 28.7061, 28.7299, 28.7552, 28.734, 28.6889, 28.718, 
Time to set up datastructures: 138555ms
29.314, 29.201, 29.2859, 29.2442, 29.212, 29.2499, 29.2542, 29.2208, 29.243, 29.2571, 29.228, 29.2301, 29.2239, 29.237, 29.197, 29.2981, 29.2139, 29.2568, 29.3031, 29.2301, 29.299, 29.2358, 29.222, 29.2189, 29.3, 29.238, 29.227, 29.283, 29.247, 29.1719, 29.196, 29.2621, 29.243, 29.1901, 29.254, 29.254, 29.2871, 29.2809, 29.2451, 29.15, 29.1688, 29.279, 29.1328, 29.1882, 29.283, 29.2039, 29.2282, 29.1839, 29.2561, 29.2239, 29.2161, 29.202, 29.2499, 29.2239, 29.264, 29.247, 29.2699, 29.2661, 29.2439, 29.2902, 29.1948, 29.2261, 29.278, 29.283, 29.186, 29.218, 29.232, 29.2501, 29.1719, 29.1989, 29.2468, 29.222, 29.2299, 29.2561, 29.2549, 29.2051, 29.243, 29.2969, 29.274, 29.237, 29.2189, 29.2351, 29.1588, 29.2082, 29.2161, 29.202, 29.1889, 29.258, 29.274, 29.2349, 29.171, 29.144, 29.227, 29.218, 29.18, 29.2511, 29.2749, 29.2261, 29.202, 29.2659, 
Time to set up datastructures: 138530ms
29.341, 29.3181, 29.3331, 29.3279, 29.321, 29.3391, 29.314, 29.3012, 29.3069, 29.3059, 29.2778, 29.3269, 29.331, 29.3221, 29.32, 29.3179, 29.309, 29.2881, 29.35, 29.3159, 29.3541, 29.3698, 29.3152, 29.3319, 29.3529, 29.3641, 29.3231, 29.2978, 29.3212, 29.2909, 29.3069, 29.319, 29.304, 29.305, 29.304, 29.3212, 29.3448, 29.3298, 29.2809, 29.3651, 29.32, 29.3031, 29.29, 29.295, 29.3031, 29.2909, 29.3221, 29.3, 29.345, 29.3219, 29.2721, 29.3059, 29.2928, 29.345, 29.3071, 29.3179, 29.3319, 29.3059, 29.2821, 29.3272, 29.3169, 29.3229, 29.3031, 29.3541, 29.2869, 29.3028, 29.3, 29.284, 29.305, 29.341, 29.31, 29.3119, 29.283, 29.35, 29.314, 29.289, 29.285, 29.2802, 29.294, 29.294, 29.279, 29.309, 29.294, 29.3019, 29.289, 29.321, 29.294, 29.289, 29.3002, 29.355, 29.3219, 29.284, 29.2861, 29.2759, 29.2981, 29.258, 29.304, 29.29, 29.2659, 29.3031, 
Time to set up datastructures: 138592ms
29.7539, 29.8011, 29.701, 29.7539, 29.67, 29.7241, 29.685, 29.7029, 29.7081, 29.7408, 29.7561, 29.7489, 29.6741, 29.7182, 29.7539, 29.773, 29.711, 29.7201, 29.6829, 29.705, 29.6969, 29.794, 29.7201, 29.7461, 29.768, 29.707, 29.6919, 29.659, 29.7019, 29.7241, 29.7511, 29.7408, 29.6922, 29.701, 29.721, 29.7101, 29.7039, 29.6221, 29.717, 29.681, 29.6981, 29.7079, 29.7222, 29.7048, 29.6891, 29.6919, 29.701, 29.788, 29.7022, 29.696, 29.676, 29.7241, 29.701, 29.7101, 29.7229, 29.6929, 29.6381, 29.757, 29.681, 29.685, 29.736, 29.68, 29.6819, 29.6791, 29.6981, 30.1578, 29.7701, 29.6791, 29.7339, 29.6919, 29.6671, 29.686, 29.665, 29.633, 29.669, 29.707, 29.6299, 29.654, 29.7348, 29.6791, 29.721, 29.6919, 29.711, 29.7081, 29.645, 29.7091, 29.6559, 29.861, 29.7391, 29.8109, 29.6409, 29.7, 29.783, 29.7019, 29.6781, 29.6199, 29.6841, 29.675, 29.6879, 29.6731, 
Running TBB implementation
Time to set up datastructures: 135248ms
74.034, 74.0011, 73.9961, 74.0469, 74.008, 74.1038, 74.0771, 73.997, 74.013, 73.9069, 74.137, 74.0921, 74.2369, 74.183, 74.192, 74.1301, 74.0049, 74.0571, 73.9131, 74.1079, 73.9491, 74.0869, 74.044, 73.9999, 73.895, 74.0321, 74.0161, 74.017, 74.0039, 74.049, 73.9601, 74.0521, 74.0669, 74.1391, 73.962, 74.0249, 73.9579, 74.018, 73.9932, 74.0209, 73.9529, 74.0469, 74.049, 73.9579, 74.0108, 74.0621, 74.1231, 74.192, 73.9849, 74.007, 74.0311, 73.9288, 74.0201, 74.151, 74.1539, 74.008, 74.0259, 73.981, 73.9479, 73.997, 74.2538, 73.945, 74.0561, 73.947, 73.93, 74.4541, 74.4698, 73.9832, 74.096, 73.982, 74.0991, 74.0519, 73.981, 74.1761, 74.0089, 73.9732, 74.0168, 73.998, 73.988, 74.122, 74.1251, 74.1079, 74.085, 74.0302, 74.0058, 74.0371, 74.06, 74.079, 74.0671, 74.0089, 74.122, 73.9729, 74.0659, 73.9911, 74.0089, 74.11, 74.044, 74.1899, 74.116, 74.0471, 
Time to set up datastructures: 133419ms
53.0059, 53.0119, 53.221, 53.1881, 52.9659, 53.03, 53.051, 52.9199, 53.0641, 52.932, 53.0169, 53.117, 53.1311, 53.0138, 53.055, 53.0841, 53.097, 52.9649, 53.1189, 53.1189, 53.092, 53.066, 53.0288, 53.2379, 53.16, 53.046, 53.1151, 53.066, 53.118, 53.1321, 53.1759, 53.0241, 53.046, 53.329, 53.509, 53.077, 53.0961, 53.2, 53.082, 53.231, 53.3779, 53.164, 53.0791, 53.16, 53.0708, 53.1151, 53.0441, 53.0088, 53.0272, 53.0539, 53.3042, 53.0109, 53.107, 53.205, 53.0548, 53.1111, 53.0679, 53.062, 53.0691, 53.046, 53.1318, 53.185, 53.128, 53.1249, 53.2351, 53.3791, 53.21, 53.1359, 53.1161, 53.026, 53.0601, 53.1461, 53.0889, 53.143, 53.1421, 53.1108, 52.9952, 53.1259, 53.329, 53.2141, 53.138, 53.0331, 53.103, 53.035, 53.103, 53.097, 53.349, 53.0899, 53.0732, 53.1549, 53.0879, 53.2269, 53.072, 53.1001, 53.1361, 52.9871, 53.1299, 53.1011, 53.2711, 53.1569, 
Time to set up datastructures: 137584ms
43.0121, 43.036, 43.1499, 43.0551, 42.98, 43.0789, 43.077, 43.0489, 43.0532, 43.1159, 43.0162, 43.0579, 43.0741, 43.093, 43.1149, 43.0341, 43.174, 43.0219, 43.062, 43.1151, 43.015, 43.031, 43.1671, 43.1018, 43.0729, 43.0679, 43.031, 43.1831, 43.1881, 43.0958, 43.0481, 43.179, 43.0269, 43.0601, 43.119, 43.0851, 43.093, 43.0779, 43.1972, 43.076, 43.205, 43.1559, 43.071, 43.144, 42.9921, 43.098, 43.0942, 43.1008, 43.081, 43.1149, 43.123, 43.1111, 43.0481, 43.1161, 43.1559, 43.148, 43.2389, 43.0322, 43.0508, 43.0539, 43.124, 43.1392, 43.077, 43.189, 43.0849, 43.134, 43.1089, 43.149, 43.1621, 43.0999, 43.1812, 43.0598, 43.0892, 43.1831, 43.1349, 43.005, 43.2019, 43.164, 43.2341, 43.1099, 43.071, 43.102, 43.1271, 43.153, 43.0729, 43.107, 43.139, 43.072, 43.174, 43.1831, 43.144, 42.9978, 43.107, 43.1552, 43.1578, 43.1619, 43.124, 43.1662, 43.0579, 43.107, 
Time to set up datastructures: 137558ms
36.828, 36.8268, 36.8071, 36.833, 36.8469, 36.89, 36.8252, 36.8419, 36.9241, 36.937, 36.8609, 37.0181, 36.9949, 36.9329, 36.828, 36.8831, 36.921, 36.9649, 36.9341, 36.9668, 36.9661, 36.938, 36.926, 36.8941, 36.972, 36.917, 36.922, 36.972, 36.968, 36.927, 36.9329, 36.911, 36.9899, 36.9091, 36.9761, 36.9248, 37.0111, 36.963, 37.0159, 36.9301, 36.943, 36.9251, 36.9799, 36.963, 36.8981, 36.8948, 37.0052, 36.932, 36.9599, 37.003, 36.9861, 37.0739, 36.9589, 36.9711, 36.854, 36.9129, 36.8621, 36.921, 36.9971, 36.9718, 36.9151, 37.014, 36.926, 37.0281, 37.0491, 36.9189, 36.927, 36.9411, 36.967, 36.9759, 36.9189, 36.9651, 36.9968, 36.968, 37.0042, 36.943, 36.9411, 36.967, 36.9408, 36.9151, 36.9811, 36.9349, 36.968, 36.8941, 36.937, 36.922, 36.9949, 36.9222, 36.952, 36.9139, 36.9949, 36.936, 36.9151, 37.004, 36.9461, 37.024, 36.963, 36.9601, 36.9768, 36.9, 
Time to set up datastructures: 138339ms
33.607, 33.5979, 33.6411, 33.6189, 33.6421, 33.571, 33.6461, 33.6549, 33.6199, 33.6511, 33.6349, 33.7141, 33.6521, 33.632, 33.622, 33.622, 33.6199, 33.6461, 33.6759, 33.6821, 33.6809, 33.6089, 33.6351, 33.6909, 33.5691, 33.6409, 33.591, 33.5891, 33.653, 33.6308, 33.7121, 33.6988, 33.6442, 33.5748, 33.608, 33.6769, 33.6461, 33.6599, 33.6721, 33.617, 33.6471, 33.659, 33.6399, 33.648, 33.673, 33.689, 33.6339, 33.6671, 33.643, 33.659, 33.622, 33.6571, 33.633, 33.613, 33.6699, 33.6411, 33.617, 33.6609, 33.6101, 33.663, 33.6199, 33.663, 33.735, 33.772, 33.617, 33.7169, 33.6158, 33.6142, 33.663, 33.6618, 33.637, 33.6139, 33.628, 33.69, 33.6201, 33.6299, 33.709, 33.6652, 33.7, 33.6568, 33.653, 33.6621, 33.6311, 33.668, 33.6859, 33.699, 33.674, 33.597, 33.648, 33.8762, 33.6719, 33.6621, 33.628, 33.6699, 33.5732, 33.6409, 33.6721, 33.6421, 33.668, 33.7551, 
Time to set up datastructures: 138592ms
31.389, 31.3251, 31.4329, 31.374, 31.42, 31.4591, 31.374, 31.4331, 31.4751, 31.445, 31.4069, 31.4672, 31.364, 31.4319, 31.4381, 31.462, 31.4109, 31.3871, 31.4219, 31.435, 31.409, 31.4589, 31.441, 31.424, 31.3971, 31.3849, 31.384, 31.4729, 31.425, 31.451, 31.728, 32.2309, 31.579, 31.502, 31.4381, 31.502, 31.5831, 31.4679, 31.5211, 31.3959, 31.4319, 31.404, 31.486, 31.482, 31.497, 31.5051, 31.4949, 31.4851, 31.4801, 31.4929, 31.4131, 31.508, 31.472, 31.462, 31.4901, 31.455, 31.4391, 31.4579, 31.4679, 31.4291, 31.476, 31.409, 31.456, 31.462, 31.4319, 31.455, 31.4698, 31.4362, 31.445, 31.5359, 31.4441, 31.476, 31.491, 31.5359, 31.492, 31.5342, 31.4698, 31.461, 31.492, 31.4639, 31.4341, 31.466, 31.4331, 31.4629, 31.4319, 31.4021, 31.4679, 31.4472, 31.405, 31.5049, 31.4441, 31.451, 31.4322, 31.5049, 31.394, 31.4841, 31.4779, 31.445, 31.4629, 31.4159, 
Time to set up datastructures: 138342ms
30.2529, 30.252, 30.2861, 30.287, 30.2398, 30.278, 30.2591, 30.324, 30.221, 30.2889, 30.2892, 30.2949, 30.319, 30.314, 30.314, 30.2541, 30.2899, 30.3071, 30.287, 30.329, 30.319, 30.391, 30.2892, 30.2629, 30.2908, 30.3411, 30.2749, 30.37, 30.3428, 30.3612, 30.278, 30.2811, 30.2699, 30.3102, 30.3118, 30.2632, 30.3779, 30.2892, 30.329, 30.2899, 30.2541, 30.3018, 30.2942, 30.3228, 30.303, 30.287, 30.3302, 30.3199, 30.407, 30.3149, 30.2899, 30.298, 30.2711, 30.333, 30.313, 30.309, 30.302, 30.339, 30.2958, 30.3271, 30.237, 30.328, 30.292, 30.324, 30.318, 30.318, 30.3299, 30.2861, 30.2961, 30.2899, 30.298, 30.3431, 30.328, 30.3791, 30.3328, 30.3109, 30.2782, 30.2558, 30.297, 30.4492, 30.3268, 30.2701, 30.3221, 30.298, 30.3421, 30.3068, 30.3562, 30.3049, 30.3211, 30.3431, 30.3199, 30.2601, 30.3349, 30.2899, 30.2911, 30.3061, 30.3519, 30.3562, 30.2858, 30.3121, 
Time to set up datastructures: 138586ms
29.443, 29.4471, 29.4981, 29.433, 29.449, 29.3961, 29.4859, 29.4681, 29.444, 29.428, 29.4619, 29.4511, 29.428, 29.4619, 29.3882, 29.4678, 29.4881, 29.5022, 29.536, 29.4938, 29.485, 29.4452, 29.4209, 29.4092, 29.449, 29.4259, 29.5022, 29.501, 29.5281, 29.4838, 29.4299, 29.4521, 29.4309, 29.469, 29.46, 29.4611, 29.429, 29.4712, 29.433, 29.4659, 29.516, 29.4571, 29.4268, 29.422, 29.392, 29.4611, 29.4259, 29.494, 29.5069, 29.449, 29.4759, 29.428, 29.4449, 29.4511, 29.4759, 29.4509, 29.4371, 29.4602, 29.4559, 29.48, 29.428, 29.536, 29.4368, 29.4292, 29.4859, 29.474, 29.4559, 29.4552, 29.4359, 29.4781, 29.465, 29.4271, 29.4089, 29.4311, 29.408, 29.393, 29.387, 29.4271, 29.4549, 29.439, 29.4111, 29.494, 29.4979, 29.4621, 29.407, 29.388, 29.4149, 29.4561, 29.4678, 29.4192, 29.4499, 29.4521, 29.4108, 29.438, 29.423, 29.4042, 29.424, 29.413, 29.48, 29.433, 
Time to set up datastructures: 138604ms
28.8801, 28.9009, 28.826, 28.8022, 28.841, 28.8079, 28.8119, 28.8291, 28.8329, 28.8272, 28.826, 28.831, 28.801, 28.8, 28.811, 28.8191, 28.841, 28.8398, 28.8181, 28.82, 28.8539, 28.8551, 28.82, 28.863, 28.831, 28.8441, 28.831, 28.8239, 28.8351, 28.8439, 28.8332, 28.8401, 28.8539, 28.8341, 28.852, 28.779, 28.8501, 28.8219, 28.8291, 28.8339, 28.8119, 28.796, 28.8179, 28.8651, 28.861, 28.8539, 28.851, 28.8241, 28.8661, 28.815, 28.832, 28.8079, 28.8391, 28.847, 28.8339, 28.8482, 28.868, 28.841, 28.8482, 28.857, 28.8279, 28.872, 28.8179, 28.826, 28.8482, 28.842, 28.8599, 28.8041, 28.8241, 28.8329, 28.9021, 28.842, 28.8749, 28.9762, 28.8918, 28.837, 28.863, 28.8401, 28.8429, 28.811, 28.8248, 28.7881, 28.82, 28.805, 28.8551, 28.827, 28.8241, 28.7931, 28.8219, 28.863, 28.846, 28.8699, 28.8451, 28.837, 28.796, 28.8558, 28.8241, 28.832, 28.882, 28.8889, 
Time to set up datastructures: 138211ms
28.7631, 28.789, 28.8439, 28.831, 28.79, 28.7881, 28.8241, 28.8379, 28.7681, 28.7969, 28.8661, 28.7621, 28.7969, 28.734, 28.7731, 28.7719, 28.753, 28.7971, 28.733, 28.7828, 28.7781, 28.7809, 28.8141, 28.7609, 28.8091, 28.826, 28.7712, 28.796, 28.8279, 28.7871, 28.7869, 28.79, 28.9171, 28.8069, 28.7678, 28.7652, 28.785, 28.8148, 28.8062, 28.8138, 28.8131, 28.7678, 28.8341, 28.7991, 28.82, 28.815, 28.7719, 28.7881, 28.749, 28.966, 28.8291, 28.836, 28.79, 28.7721, 28.78, 28.785, 28.909, 28.795, 28.9071, 28.847, 28.8291, 28.8351, 28.918, 28.8079, 28.8081, 28.789, 28.8, 28.868, 28.789, 28.8169, 28.785, 28.8162, 28.8448, 28.8072, 28.7859, 28.7881, 28.784, 28.7609, 28.7762, 28.825, 28.7919, 28.832, 28.765, 28.7421, 28.7859, 28.7681, 28.764, 28.7931, 28.8229, 28.8401, 28.856, 28.9159, 28.7998, 28.7762, 28.7809, 28.8, 28.815, 28.7662, 28.7869, 28.79, 
Time to set up datastructures: 138143ms
29.1998, 29.268, 29.2459, 29.2361, 29.2621, 29.279, 29.248, 29.2928, 29.2382, 29.2609, 29.304, 29.2671, 29.3069, 29.2878, 29.3171, 29.2199, 29.294, 29.3581, 29.197, 29.253, 29.2461, 29.279, 29.2511, 29.2709, 29.289, 29.2749, 29.2661, 29.2649, 29.2959, 29.3131, 29.2649, 29.351, 29.3522, 29.3288, 29.258, 29.2559, 29.3131, 29.249, 29.283, 29.3009, 29.2439, 29.1889, 29.3951, 29.3529, 29.3281, 29.284, 29.2761, 29.212, 29.3019, 29.319, 29.3059, 29.326, 29.2761, 29.243, 29.284, 29.2749, 29.2931, 29.2702, 29.3498, 29.2952, 29.3, 29.254, 29.3291, 29.2819, 29.2571, 29.254, 29.2461, 29.289, 29.223, 29.3, 29.2699, 29.228, 29.2361, 29.254, 29.249, 29.237, 29.3069, 29.2461, 29.264, 29.269, 29.2811, 29.5379, 29.3801, 29.309, 29.3128, 29.2649, 29.372, 29.283, 29.2871, 29.2499, 29.2711, 29.2668, 29.273, 29.2361, 29.2621, 29.2909, 29.3121, 29.2768, 29.3312, 29.263, 
Time to set up datastructures: 139184ms
29.402, 29.4189, 29.387, 29.418, 29.392, 29.3882, 29.4309, 29.381, 29.382, 29.3682, 29.4359, 29.402, 29.407, 29.371, 29.4371, 29.4039, 29.4161, 29.3939, 29.469, 29.4471, 29.4211, 29.4099, 29.4361, 29.3911, 29.4321, 29.3989, 29.3941, 29.4139, 29.4399, 29.4211, 29.4211, 29.4149, 29.392, 29.4001, 29.361, 29.4259, 29.407, 29.4051, 29.4399, 29.4311, 29.3739, 29.4139, 29.4411, 29.4011, 29.3849, 29.4111, 29.4111, 29.3729, 29.392, 29.4471, 29.418, 29.4778, 29.4161, 29.381, 29.4609, 29.392, 29.392, 29.4321, 29.377, 29.413, 29.4061, 29.4039, 29.422, 29.4621, 29.4831, 29.4719, 29.4211, 29.3839, 29.4981, 29.443, 29.3691, 29.4049, 29.4189, 29.4321, 29.3541, 29.4359, 29.397, 29.4042, 29.4049, 29.4271, 29.392, 29.3641, 29.397, 29.4259, 29.397, 29.423, 29.5072, 29.4549, 29.386, 29.428, 29.428, 29.417, 29.4471, 29.4559, 29.453, 29.3961, 29.3899, 29.3851, 29.484, 29.4259, 
Time to set up datastructures: 138877ms
29.7649, 29.7241, 29.7191, 29.7308, 29.778, 29.768, 29.7649, 29.772, 29.7439, 29.763, 29.731, 29.8338, 29.814, 29.752, 29.7761, 29.7909, 29.7792, 29.747, 29.7699, 29.7561, 29.7661, 29.753, 29.784, 29.7611, 29.7749, 29.7999, 29.722, 29.7821, 29.753, 29.7642, 29.779, 29.8131, 29.7489, 29.763, 29.8131, 29.7999, 29.741, 29.763, 29.7611, 29.7949, 29.7561, 29.742, 29.7811, 29.7461, 29.7639, 29.736, 29.83, 29.726, 29.793, 29.7699, 29.7639, 29.7539, 29.7499, 29.7251, 29.788, 29.7771, 29.742, 29.748, 29.7599, 29.7711, 29.7332, 29.7449, 29.726, 29.798, 29.7461, 29.7799, 29.7601, 29.7709, 29.7401, 29.748, 29.7389, 29.7632, 29.7198, 29.747, 29.758, 29.758, 29.793, 29.7959, 29.7542, 29.8219, 29.7589, 29.7742, 30.0839, 29.793, 29.7842, 29.804, 29.799, 29.7599, 29.7282, 29.7749, 29.7561, 29.742, 29.742, 29.752, 29.7699, 29.7661, 29.763, 29.7379, 29.773, 29.757, 
Running TBB_graphs implementation with double the amount of partitions than threads
Time to set up datastructures: 131888ms
76.355, 76.2579, 76.5479, 77.4059, 76.2739, 76.246, 77.564, 77.6031, 75.9439, 77.523, 77.63, 76.391, 76.0779, 77.3089, 77.666, 75.8359, 76.3922, 77.6429, 76.473, 77.6379, 77.8098, 77.7161, 77.328, 77.6501, 76.4301, 77.7879, 76.623, 75.9442, 77.3919, 77.651, 76.386, 77.224, 76.509, 77.363, 77.338, 77.2412, 77.199, 76.375, 77.7869, 77.431, 78.439, 77.9021, 77.383, 75.979, 76.021, 77.2221, 76.7369, 77.8542, 75.9089, 77.0481, 77.7581, 76.534, 77.445, 77.3098, 77.3568, 76.5181, 77.2431, 77.4739, 77.271, 76.6571, 76.391, 77.069, 77.7061, 77.24, 76.515, 77.311, 76.9911, 76.653, 77.858, 77.7669, 76.4329, 76.3509, 77.955, 76.01, 77.2669, 77.805, 75.808, 77.7199, 76.3161, 77.724, 75.99, 76.4, 75.8882, 76.5159, 76.4251, 75.83, 77.1241, 75.8948, 76.5131, 76.544, 77.3981, 76.3791, 77.0829, 77.8391, 75.773, 77.0741, 76.612, 75.804, 78.0871, 75.882, 
Time to set up datastructures: 132281ms
53.628, 55.2649, 59.2952, 54.944, 54.8439, 54.9102, 55.2719, 54.6961, 54.224, 55.2509, 56.4752, 57.3599, 60.271, 55.5441, 53.9148, 55.8052, 55.362, 55.3489, 54.8649, 56.0329, 58.912, 55.3739, 61.2879, 54.8899, 55.367, 60.688, 59.3641, 57.7049, 57.1599, 60.703, 53.9861, 54.215, 53.8731, 60.8571, 55.7468, 54.1582, 54.4498, 53.7679, 55.4259, 55.2452, 55.4888, 54.3349, 54.709, 54.4691, 55.443, 54.338, 53.9548, 54.0261, 55.3141, 54.7779, 55.6431, 60.045, 56.2041, 62.6969, 55.4819, 54.558, 54.1742, 54.837, 55.5019, 54.404, 54.719, 54.688, 54.0621, 55.2659, 55.7821, 54.148, 53.828, 55.3329, 54.5101, 60.096, 54.399, 54.5199, 55.0339, 55.3482, 56.4189, 59.2141, 58.547, 57.7788, 56.073, 61.8799, 54.6479, 61.5749, 55.841, 55.5072, 55.4819, 54.168, 54.09, 55.4481, 55.491, 60.9639, 56.0732, 55.172, 54.5421, 54.805, 55.378, 55.366, 54.3108, 55.4481, 54.6381, 61.2628, 
Time to set up datastructures: 132378ms
44.5549, 44.56, 48.6059, 46.0272, 44.3599, 44.313, 44.3809, 44.7361, 44.2989, 43.932, 44.8132, 45.1629, 43.5629, 44.142, 44.1151, 43.7438, 44.966, 44.3771, 48.9621, 46.7808, 45.011, 46.6061, 44.7769, 44.7261, 44.1401, 44.8358, 44.374, 44.0922, 43.813, 44.0879, 44.3521, 43.658, 44.0111, 44.0841, 44.5919, 47.549, 44.513, 45.3181, 44.23, 44.2469, 43.946, 44.946, 44.9691, 46.1731, 49.3839, 44.4589, 43.6182, 44.03, 44.4129, 45.0618, 47.791, 47.5841, 43.957, 44.8442, 44.266, 44.9739, 44.313, 43.9289, 44.6091, 43.679, 44.183, 47.662, 44.872, 47.7049, 45.023, 44.75, 44.7431, 45.6638, 44.6091, 47.843, 45.1119, 45.639, 44.333, 43.9122, 44.9409, 48.1009, 50.4692, 44.0149, 44.616, 44.43, 44.1749, 44.3151, 44.1339, 44.2991, 45.0559, 49.8431, 44.8489, 44.5161, 44.2359, 44.708, 44.579, 44.6401, 48.353, 45.4831, 45.8138, 44.2262, 44.5418, 44.1611, 44.2181, 43.9711, 
Time to set up datastructures: 132746ms
38.1849, 37.76, 38.3911, 39.0229, 37.9841, 41.8239, 38.512, 38.213, 38.286, 38.512, 39.7842, 38.424, 39.125, 39.5269, 38.651, 38.275, 38.6469, 38.197, 38.532, 37.796, 38.2819, 39.232, 39.85, 43.998, 39.9511, 39.511, 38.589, 39.273, 39.8002, 38.6548, 37.935, 37.9739, 38.7299, 38.4822, 38.45, 38.996, 37.7729, 38.8391, 38.63, 38.3601, 37.925, 37.8978, 40.9591, 38.909, 38.116, 38.445, 38.5051, 38.4319, 38.5611, 38.238, 38.43, 41.769, 41.1348, 38.2431, 38.074, 38.4641, 38.902, 39.9568, 38.6992, 38.7321, 38.563, 38.9419, 38.9111, 37.7989, 38.928, 38.826, 38.676, 38.9621, 38.028, 38.059, 39.3429, 39.4151, 40.0808, 39.9032, 39.2029, 40.5281, 40.2, 39.9911, 39.5839, 39.711, 39.849, 39.0451, 38.337, 38.3132, 38.7859, 38.285, 38.5399, 41.6481, 38.4629, 38.5342, 37.987, 38.522, 38.157, 38.6739, 38.445, 38.4388, 38.3348, 38.8961, 38.8501, 38.7161, 
Time to set up datastructures: 132975ms
35.2221, 36.298, 34.8599, 35.0351, 35.0289, 34.404, 34.519, 35.187, 38.527, 34.831, 34.8401, 34.8179, 34.287, 35.4791, 34.9319, 34.8282, 34.668, 34.7419, 34.5161, 35.0261, 34.6339, 35.238, 34.7881, 34.632, 35.1541, 34.606, 34.456, 34.5118, 34.6682, 35.4488, 38.5351, 34.6699, 34.6282, 34.4329, 34.405, 34.7261, 34.42, 34.3359, 34.6062, 34.899, 34.616, 34.8768, 37.6451, 37.3461, 34.6789, 35.001, 34.5321, 34.8248, 34.909, 34.579, 35.162, 34.2791, 34.9751, 34.693, 35.058, 35.0618, 34.7531, 34.7919, 34.4491, 35.28, 37.2541, 34.7919, 34.7099, 34.883, 35.1, 34.945, 36.7692, 34.9829, 38.0089, 35.121, 35.8379, 34.9061, 35.4989, 34.5502, 34.4489, 39.4311, 34.6429, 34.6069, 35.9092, 35.181, 34.549, 35.2011, 35.033, 34.4858, 34.8051, 34.853, 35.2402, 34.8098, 34.7061, 35.234, 35.0111, 34.904, 34.3089, 34.796, 34.6119, 34.7431, 34.6351, 34.91, 35.109, 34.6429, 
Time to set up datastructures: 132176ms
32.088, 31.8751, 32.949, 34.889, 35.552, 32.4419, 32.1832, 32.1069, 33.02, 35.7111, 32.5351, 32.177, 32.9199, 32.4922, 33.1349, 33.0589, 33.0901, 32.752, 32.6109, 32.629, 32.4821, 32.789, 33.1581, 32.4569, 31.939, 32.98, 32.676, 32.4981, 32.218, 32.51, 32.747, 32.2599, 32.022, 32.9621, 32.1231, 32.5959, 32.2261, 32.6841, 33.3009, 33.1042, 33.0169, 32.413, 32.958, 32.737, 33.0029, 34.868, 32.907, 32.1281, 33.1202, 35.018, 33.1271, 33.221, 32.1119, 33.0572, 32.5909, 32.8729, 32.1991, 32.1209, 32.3491, 32.038, 32.4459, 32.8541, 33.0451, 34.4708, 32.979, 34.919, 35.3079, 32.455, 32.3141, 32.234, 32.3892, 32.789, 32.7029, 38.5299, 39.628, 32.9878, 32.0311, 32.2549, 32.2561, 32.017, 32.3279, 33.0291, 32.7489, 32.917, 32.474, 33.7331, 32.4829, 32.268, 32.1379, 32.2542, 32.2909, 32.7508, 34.4882, 32.4569, 33.0501, 32.5119, 32.4872, 32.8429, 32.9781, 33.355, 
Time to set up datastructures: 132192ms
32.501, 31.9879, 31.2381, 30.8249, 31.059, 31.276, 33.0842, 31.3499, 30.977, 31.3132, 30.823, 30.659, 31.513, 31.1179, 31.3251, 31.2581, 31.214, 31.306, 31.5239, 31.3931, 31.0571, 31.3509, 30.7701, 31.755, 33.2, 31.9021, 31.7249, 32.012, 31.445, 30.9329, 30.9081, 31.6639, 30.9949, 31.096, 30.7131, 31.286, 30.7729, 31.2791, 30.8471, 31.486, 32.073, 31.518, 31.1141, 30.8309, 32.6509, 33.2122, 33.7479, 31.724, 31.565, 31.354, 31.4531, 31.3079, 31.3301, 31.477, 31.62, 30.709, 30.8599, 31.178, 32.5081, 31.1139, 32.8979, 32.9032, 30.9429, 30.8061, 31.24, 31.281, 31.148, 30.9761, 31.1539, 30.9792, 31.152, 31.4348, 31.2119, 31.532, 30.8969, 31.841, 31.3609, 31.431, 31.281, 31.1341, 30.8509, 31.1332, 30.9839, 33.2971, 34.2441, 30.9229, 31.3661, 30.792, 31.451, 33.5801, 30.864, 30.771, 30.642, 31.2018, 31.1251, 31.6529, 31.1432, 30.8259, 30.7992, 31.3129, 
Time to set up datastructures: 132016ms
30.3671, 30.9911, 30.628, 30.848, 30.35, 30.175, 29.9652, 29.9318, 30.2882, 30.1249, 30.4549, 30.1411, 30.4801, 30.2019, 30.061, 30.18, 29.918, 30.3371, 30.575, 32.501, 30.324, 30.468, 29.9439, 30.2951, 30.123, 30.3509, 30.237, 30.673, 29.8209, 29.9652, 30.086, 30.385, 30.2389, 30.2651, 30.092, 29.912, 30.1931, 30.3369, 30.3161, 29.9749, 31.9741, 31.621, 30.411, 29.9032, 30.01, 29.7589, 30.8611, 30.1969, 30.0319, 30.411, 30.231, 30.5841, 30.097, 30.036, 30.3681, 36.727, 30.618, 30.338, 29.9051, 29.845, 30.3729, 30.1652, 30.019, 30.385, 30.436, 30.0119, 30.8189, 30.0262, 29.9408, 30.1151, 29.9139, 30.4501, 30.338, 30.1569, 30.272, 30.0899, 30.302, 30.107, 30.17, 29.8131, 30.1819, 35.398, 34.1592, 31.9819, 30.3321, 29.9339, 30.2429, 32.8929, 30.2241, 29.9611, 29.973, 30.0848, 30.4961, 31.2119, 30.057, 30.2119, 29.8991, 30.056, 30.1828, 30.2129, 
Time to set up datastructures: 132195ms
29.8052, 31.3399, 32.1519, 29.978, 29.496, 29.3219, 30.0012, 29.8488, 29.3851, 29.7649, 30.1092, 29.608, 29.64, 29.5899, 29.6931, 29.938, 30.1149, 29.973, 29.5219, 29.541, 29.753, 29.6938, 29.8932, 29.82, 29.619, 29.639, 29.5901, 30.1058, 30.0729, 29.6991, 31.2729, 30.277, 30.067, 29.6431, 29.9439, 30.19, 35.6748, 30.7171, 30.1189, 30.0591, 30.0269, 29.597, 29.4919, 29.824, 29.664, 30.189, 29.999, 29.454, 29.7632, 31.143, 30.163, 29.655, 30.0341, 29.767, 29.671, 29.8779, 29.5999, 29.7439, 30.184, 29.7852, 29.8798, 29.747, 29.7978, 29.7771, 29.711, 29.9811, 30.067, 30.0889, 30.0961, 29.9749, 30.673, 29.8669, 29.5501, 30.004, 29.9361, 29.8269, 31.0621, 29.6319, 29.5091, 29.7279, 29.814, 30.1149, 29.7999, 29.8791, 30.9401, 30.215, 30.1259, 29.731, 29.7701, 30.211, 29.9308, 29.707, 29.7379, 29.9571, 30.0889, 29.7332, 29.9489, 29.6969, 30.1321, 30.2072, 
Time to set up datastructures: 131968ms
29.361, 30.458, 29.875, 30.0241, 29.3269, 29.4981, 29.562, 29.156, 29.2809, 29.3491, 29.4449, 29.7971, 29.268, 29.809, 29.32, 29.2339, 29.2859, 29.3128, 29.8681, 30.2279, 29.7651, 31.0011, 29.582, 29.53, 29.207, 29.362, 29.5961, 29.8259, 29.6271, 29.4878, 29.8512, 29.7508, 29.5131, 29.4421, 29.7849, 29.2041, 29.0749, 29.568, 29.9191, 29.5188, 29.5291, 29.2311, 29.247, 29.1731, 36.5579, 31.749, 29.7399, 29.5432, 31.8749, 33.0522, 29.5269, 29.1638, 29.5782, 29.5739, 29.2799, 33.8461, 29.9399, 29.305, 29.5231, 29.938, 29.6929, 29.624, 29.6202, 29.6679, 29.357, 29.8111, 29.604, 29.423, 29.4709, 29.382, 29.3889, 29.67, 29.567, 29.8901, 29.784, 29.4681, 29.552, 29.6729, 29.84, 29.4251, 29.819, 29.3338, 29.6111, 29.6841, 29.4158, 29.3481, 29.5019, 29.5291, 29.3229, 29.7892, 29.8109, 32.7151, 30.407, 29.839, 29.6929, 35.373, 29.5348, 29.563, 29.367, 29.2439, 
Time to set up datastructures: 132282ms
30.3471, 30.3788, 30.1301, 30.2539, 30.4801, 30.4871, 30.03, 30.401, 30.37, 30.35, 30.0491, 30.549, 33.7749, 30.3161, 32.3288, 30.8592, 30.5378, 30.3831, 29.917, 29.985, 30.5569, 30.1352, 30.2489, 30.3192, 30.447, 29.907, 30.0939, 30.0138, 30.5071, 30.118, 29.9339, 29.8288, 30.328, 30.1452, 30.3259, 29.912, 30.355, 30.149, 30.309, 30.1821, 29.9339, 29.9749, 29.8531, 30.2961, 30.2889, 30.1139, 30.112, 30.1411, 30.1628, 29.9461, 30.252, 30.221, 30.3321, 29.9799, 29.9561, 29.82, 30.2072, 33.1788, 30.1411, 29.835, 29.9129, 30.1011, 30.16, 30.045, 30.2641, 30.062, 30.076, 30.1809, 29.7921, 32.6259, 31.0872, 29.9869, 30.3221, 32.2759, 30.4651, 30.2939, 30.288, 30.226, 30.37, 29.82, 30.395, 29.6721, 30.0219, 30.0879, 30.4461, 30.113, 30.2, 29.902, 30.2691, 30.443, 30.5879, 30.148, 29.9981, 30.067, 30.936, 30.3042, 29.8679, 30.1859, 30.071, 30.076, 
Time to set up datastructures: 132038ms
29.604, 29.9339, 30.174, 29.8259, 34.1229, 29.8131, 30.555, 29.9449, 30.134, 29.8462, 29.7179, 29.69, 29.6919, 29.6321, 29.6221, 29.959, 29.7351, 29.6509, 29.882, 30.916, 29.824, 29.6171, 29.6299, 30.0021, 29.7959, 29.8979, 29.8419, 29.7771, 29.8431, 29.82, 29.788, 29.7661, 29.7508, 29.8338, 32.6831, 30.086, 29.7501, 29.7039, 29.5742, 29.8979, 29.86, 32.486, 32.3811, 32.1, 30.493, 29.8529, 29.8231, 29.567, 29.954, 29.8431, 29.896, 29.9129, 29.7921, 29.774, 29.9301, 29.8669, 29.7759, 29.6581, 29.81, 29.7072, 30.1328, 30.118, 29.8328, 29.7689, 29.88, 32.6209, 30.179, 29.6369, 29.6879, 29.835, 33.8302, 34.1649, 30.3969, 29.7771, 31.0931, 30.097, 29.7508, 29.9051, 29.772, 29.7921, 29.8481, 29.8769, 29.8719, 29.8779, 32.7561, 34.3161, 30.9339, 29.9642, 29.7379, 29.7089, 29.9652, 29.7968, 29.8851, 29.7639, 29.896, 29.737, 29.8841, 29.927, 29.634, 29.701, 
Time to set up datastructures: 132137ms
30.6699, 30.596, 30.5128, 30.3781, 30.329, 30.4291, 30.658, 30.7949, 30.3941, 30.329, 30.1301, 30.216, 30.4959, 30.3011, 30.4499, 30.7839, 30.5161, 30.472, 30.432, 30.421, 30.503, 30.2598, 30.6671, 30.6549, 30.7021, 30.7209, 30.4961, 30.586, 30.7808, 30.479, 30.4539, 30.6981, 30.185, 30.4091, 30.2229, 30.5719, 30.7, 30.277, 30.3509, 30.323, 30.7541, 30.2899, 30.355, 30.3781, 30.422, 30.4189, 30.4711, 30.4101, 30.5579, 31.3742, 36.757, 30.648, 30.6878, 30.5002, 30.427, 30.5119, 30.4592, 30.355, 30.189, 30.304, 30.951, 30.4599, 30.5481, 30.7341, 30.6971, 30.534, 30.7088, 30.417, 31.2159, 30.596, 30.6821, 30.309, 30.52, 30.391, 30.4072, 30.313, 30.669, 30.267, 30.426, 30.201, 30.3969, 30.5262, 30.53, 30.5209, 30.7021, 30.4568, 30.4191, 30.21, 30.333, 30.417, 30.5161, 30.69, 31.0059, 30.1611, 30.4101, 30.3431, 30.479, 30.4298, 30.3521, 30.6001, 
Running Threadpool implementation with double the amount of partitions than threads
Time to set up datastructures: 132203ms
76.5531, 76.443, 90.385, 78.8131, 76.3988, 76.4441, 76.6449, 76.4141, 96.7119, 85.48, 82.361, 76.6642, 76.4539, 89.1459, 79.1371, 76.4289, 76.4399, 89.9401, 79.674, 76.5879, 76.6311, 88.851, 79.212, 76.5021, 76.5879, 76.3402, 76.6468, 76.715, 76.4401, 76.4511, 76.58, 76.545, 83.8239, 85.0639, 76.967, 76.51, 76.586, 76.684, 91.9011, 79.8092, 76.618, 76.581, 76.51, 76.6079, 89.2279, 78.8491, 91.392, 78.434, 76.6129, 85.937, 86.8502, 77.251, 77.734, 76.6709, 76.7221, 76.5069, 76.7641, 76.807, 84.363, 85.747, 77.2219, 76.9639, 76.566, 76.5522, 77.0469, 76.746, 90.847, 78.84, 76.658, 76.6912, 76.5619, 76.6749, 76.6921, 76.581, 76.6258, 76.5262, 76.653, 76.7729, 83.6811, 79.68, 76.8569, 76.777, 76.638, 76.6361, 76.529, 80.091, 81.8191, 76.7689, 76.611, 87.702, 78.1062, 76.617, 76.6549, 76.632, 76.612, 76.643, 84.209, 81.7831, 76.654, 76.6439, 
Time to set up datastructures: 132582ms
55.4581, 54.8511, 60.493, 55.7659, 54.0671, 54.713, 68.198, 55.604, 60.4751, 55.8078, 54.8601, 60.1721, 57.112, 55.3069, 63.715, 56.4182, 55.2418, 61.8632, 55.7089, 54.96, 63.6549, 55.8071, 55.4471, 54.9328, 54.5712, 60.5218, 55.8949, 55.2452, 60.6709, 56.0131, 55.182, 55.155, 55.239, 54.9459, 62.8121, 55.316, 56.4711, 58.1298, 55.145, 60.7982, 55.5029, 54.822, 59.5882, 56.7439, 55.2981, 62.0639, 55.867, 54.8761, 60.467, 55.7389, 54.863, 59.8211, 57.4479, 55.3331, 62.0019, 55.9461, 55.079, 60.616, 55.361, 57.6298, 54.8601, 54.8191, 62.789, 55.8159, 55.2371, 55.2609, 60.6999, 55.4931, 54.7609, 59.4492, 55.7909, 54.271, 55.0551, 60.164, 55.393, 54.81, 64.2281, 55.8538, 54.163, 55.2611, 61.691, 55.4788, 54.6069, 61.676, 66.5641, 61.6338, 55.747, 55.3169, 54.9898, 65.0282, 56.258, 61.342, 55.8379, 55.0971, 54.6439, 60.317, 56.1471, 54.8739, 60.9391, 55.737, 
Time to set up datastructures: 132352ms
43.9892, 44.0068, 43.9088, 43.998, 44.0142, 44.0218, 44.0011, 48.8369, 51.646, 46.4809, 44.2441, 48.2662, 49.1579, 45.0981, 44.3501, 44.256, 44.2541, 44.4889, 44.029, 45.634, 46.3231, 46.788, 44.2951, 44.342, 44.3161, 44.1029, 44.2221, 44.0528, 48.6882, 47.565, 44.431, 44.0481, 44.2119, 44.174, 44.1689, 44.251, 44.1518, 44.1759, 44.2231, 44.1711, 44.1349, 44.5421, 44.251, 44.1051, 44.4682, 44.313, 44.0359, 44.2879, 44.0319, 44.2741, 44.0791, 44.142, 44.1661, 44.1139, 44.1, 44.0609, 44.5039, 44.1151, 48.938, 48.661, 44.2131, 48.3739, 44.575, 44.208, 44.168, 44.1649, 44.3041, 44.194, 44.121, 49.474, 50.194, 45.7499, 44.3702, 44.3749, 49.4549, 45.3269, 44.836, 44.4641, 48.6829, 46.237, 46.797, 44.5499, 44.2979, 49.5219, 50.878, 47.7049, 44.5871, 48.6829, 44.5299, 44.317, 44.2121, 44.2071, 44.2109, 44.2491, 44.265, 48.887, 50.689, 47.394, 47.5841, 45.97, 
Time to set up datastructures: 132518ms
37.828, 37.7629, 37.7202, 37.894, 37.8509, 41.3291, 37.9159, 37.9012, 37.714, 37.863, 37.8239, 37.751, 37.9071, 37.9601, 37.7579, 37.6961, 37.8768, 37.745, 37.9572, 37.7259, 37.955, 41.3871, 38.238, 37.992, 38.0061, 37.8289, 37.919, 37.8239, 38.012, 37.8029, 37.8878, 37.802, 38.0609, 37.972, 38.038, 37.8389, 37.9789, 37.9159, 37.7522, 37.8358, 37.9431, 37.9951, 37.91, 37.802, 38.0049, 37.7958, 37.8261, 37.936, 37.8292, 37.9651, 37.926, 37.9999, 37.796, 38.07, 37.878, 37.945, 37.8399, 37.818, 38.0161, 37.8859, 37.9012, 37.9798, 37.9071, 37.9751, 37.9901, 38.0309, 37.9381, 37.8859, 37.966, 41.5411, 41.244, 37.8129, 38.0442, 37.9698, 37.925, 38.1012, 38.0149, 38.064, 37.9481, 38.0139, 37.931, 37.8752, 37.807, 37.9169, 37.9369, 38.0652, 38.1808, 38.074, 38.2831, 38.029, 37.94, 37.9591, 38.11, 37.941, 37.894, 38.0991, 37.8969, 37.94, 38.054, 38.07, 
Time to set up datastructures: 132501ms
33.957, 34.1599, 34.6811, 35.181, 35.3758, 35.409, 35.3942, 35.7959, 35.7831, 36.0241, 36.571, 37.066, 37.303, 37.0109, 36.7711, 36.53, 36.639, 36.3071, 36.289, 36.1929, 36.0861, 36.211, 36.067, 36.33, 36.1311, 39.5319, 35.9452, 35.2979, 37.8242, 35.846, 35.476, 36.088, 36.0661, 36.0451, 36.067, 36.1409, 36.015, 34.4059, 34.539, 34.8599, 35.167, 35.3532, 35.4779, 35.676, 35.8162, 35.8369, 35.979, 35.8911, 35.805, 35.8961, 35.8119, 35.9421, 35.9221, 35.9879, 35.9881, 35.9609, 36.0231, 36.026, 36.005, 36.1569, 36.0141, 35.9399, 36.0191, 35.9359, 36.0072, 36.0379, 35.9941, 35.9821, 36.0649, 36.0031, 35.99, 35.5389, 35.984, 36.0749, 36.0901, 36.0889, 36.0711, 36.031, 35.99, 36.0041, 35.96, 36.0541, 35.9309, 35.9042, 35.96, 36.01, 35.9869, 35.9871, 36.026, 35.9709, 36.1819, 35.9771, 36.1259, 36.061, 35.8651, 35.949, 36.0529, 36.005, 36.0432, 35.9359, 
Time to set up datastructures: 133327ms
35.6359, 34.811, 36.9551, 36.175, 36.1459, 35.835, 36.653, 37.7781, 36.3479, 37.729, 37.0641, 36.432, 37.329, 36.865, 37.0011, 36.3998, 35.0242, 35.125, 34.682, 34.7638, 34.9169, 34.6241, 35.825, 35.476, 36.375, 36.268, 36.7899, 37.339, 35.8472, 37.818, 37.1449, 35.816, 36.4261, 34.7378, 35.661, 34.92, 36.1469, 35.4612, 35.8899, 35.599, 36.9289, 35.9111, 37.5359, 37.5831, 35.8748, 35.568, 34.6282, 35.1009, 36.001, 36.3541, 35.4869, 36.587, 35.579, 36.9282, 36.664, 37.7638, 36.6268, 35.48, 35.5718, 34.7121, 35.3951, 35.8009, 35.475, 37.4579, 38.357, 36.787, 37.7371, 36.659, 35.799, 35.61, 34.7269, 35.0652, 35.0568, 34.8861, 36.0961, 36.2689, 36.6099, 37.678, 36.757, 37.89, 36.5121, 35.4269, 35.0041, 34.5428, 35.151, 35.2461, 35.8829, 37.0231, 37.0901, 35.928, 36.8359, 36.87, 36.8619, 36.5331, 35.0039, 34.904, 34.7071, 35.8169, 36.6912, 36.0079, 
Time to set up datastructures: 132613ms
30.9489, 32.7132, 31.1799, 31.409, 32.3679, 33.0071, 33.2019, 35.666, 34.4079, 32.532, 31.2252, 31.2929, 32.629, 30.9391, 31.9469, 32.7971, 33.1609, 33.4141, 33.469, 33.1149, 31.229, 30.8721, 32.7079, 31.0879, 32.0759, 32.8159, 33.2451, 34.0381, 34.8949, 34.529, 33.8681, 31.8899, 30.956, 32.6471, 31.5249, 31.276, 32.5701, 33.2921, 34.4939, 34.7619, 35.2962, 34.061, 34.1499, 32.367, 31.0371, 31.1742, 33.4828, 31.3148, 32.4731, 33.2589, 33.175, 33.1061, 33.8349, 33.1371, 31.2819, 30.91, 33.2842, 31.0318, 31.595, 32.8541, 33.411, 33.345, 33.071, 34.4219, 32.1901, 31.671, 31.215, 33.6251, 31.357, 31.651, 32.675, 32.9988, 32.948, 31.9791, 31.491, 31.2121, 32.8848, 31.373, 33.7281, 33.4849, 33.597, 34.008, 34.3709, 35.6631, 34.755, 34.1349, 33.489, 31.311, 30.879, 33.5398, 33.1528, 31.1911, 32.105, 32.6951, 32.939, 33.8011, 34.8439, 33.6089, 32.685, 31.4651, 
Time to set up datastructures: 133048ms
30.205, 31.0369, 31.044, 31.3241, 30.3898, 30.041, 31.2071, 30.7698, 31.3041, 30.952, 30.2041, 30.0128, 31.9881, 30.261, 30.6029, 31.873, 31.918, 32.1829, 30.0519, 31.4682, 30.113, 30.787, 31.775, 32.8791, 31.3449, 30.236, 29.8221, 32.1119, 30.251, 30.3922, 30.4821, 30.087, 29.9749, 30.9591, 30.0119, 31.5681, 31.6231, 32.3451, 32.7051, 31.333, 30.2091, 31.637, 30.236, 32.234, 33.103, 32.6772, 32.517, 31.63, 30.0629, 31.8861, 30.1461, 30.7038, 31.5342, 32.7489, 32.2859, 31.7862, 29.9709, 31.7631, 30.0579, 30.3202, 31.781, 32.644, 33.396, 31.2691, 29.968, 31.641, 30.067, 31.0569, 33.3941, 33.612, 34.066, 31.3702, 30.082, 31.343, 30.4139, 31.2262, 32.1031, 31.7118, 31.225, 30.201, 31.848, 30.679, 31.4231, 32.7549, 33.771, 31.985, 30.6721, 30.0441, 32.455, 30.1421, 30.69, 30.122, 30.0989, 29.875, 30.0488, 29.932, 29.9201, 29.9261, 29.9249, 29.9442, 
Time to set up datastructures: 132101ms
32.212, 30.53, 29.8519, 30.3559, 30.405, 30.093, 30.7491, 31.2631, 29.8848, 29.9709, 31.533, 29.8829, 30.9601, 31.599, 29.9621, 29.7689, 30.1521, 30.529, 30.1559, 31.4291, 31.275, 30.1769, 29.84, 31.0149, 29.8309, 29.82, 29.989, 29.8731, 30.0109, 30.0901, 29.8409, 29.9408, 30.1261, 29.834, 29.9809, 29.789, 29.7222, 29.9819, 29.8901, 29.8991, 29.7239, 31.7502, 30.1218, 29.7821, 29.9611, 29.829, 30.01, 29.882, 29.8932, 29.927, 29.9728, 29.8841, 29.695, 30.102, 30.041, 31.044, 29.9799, 29.7241, 29.6829, 29.9671, 29.9761, 29.675, 29.948, 29.9299, 29.685, 29.671, 29.6559, 29.6109, 29.5749, 29.676, 29.794, 29.7709, 30.051, 29.809, 29.753, 29.9399, 29.8841, 29.8259, 29.8321, 29.8948, 29.8522, 31.1909, 30.956, 30.139, 29.7852, 29.9189, 29.7849, 29.7379, 29.8791, 29.8169, 30.8042, 29.953, 29.6309, 30.185, 29.7539, 29.7379, 29.942, 29.871, 30.5531, 29.741, 
Time to set up datastructures: 132698ms
30.375, 29.6521, 30.0319, 30.3528, 31.5251, 29.9158, 29.495, 29.9232, 30.3888, 31.3609, 29.695, 29.4061, 30.2081, 30.7689, 31.513, 29.6121, 30.278, 30.925, 29.736, 30.7801, 30.8239, 29.669, 29.4189, 30.061, 29.6009, 29.6261, 29.561, 29.5241, 30.216, 29.469, 30.1881, 30.5789, 31.184, 29.6321, 29.47, 29.5601, 30.7319, 30.7372, 30.534, 29.7689, 29.51, 30.3099, 29.85, 30.0891, 30.143, 29.671, 29.458, 30.6249, 30.3121, 30.925, 30.751, 29.9551, 29.5041, 30.591, 30.0708, 30.4332, 31.934, 30.9019, 29.644, 30.0121, 29.4108, 30.2262, 30.7989, 31.2569, 29.655, 29.51, 30.256, 30.58, 30.1211, 30.539, 30.982, 30.561, 29.6571, 30.659, 29.685, 30.483, 31.0879, 31.0202, 29.6838, 30.277, 30.3051, 31.4021, 31.7898, 29.6352, 30.1399, 29.4831, 30.376, 31.05, 31.9021, 30.0829, 30.3471, 29.608, 29.469, 29.5119, 29.6192, 29.5789, 29.5238, 29.5012, 29.6268, 29.5842, 
Time to set up datastructures: 132312ms
29.8769, 30.8349, 30.174, 30.1771, 29.959, 30.195, 30.241, 30.391, 30.7782, 30.1929, 30.2811, 30.062, 30.1652, 30.0708, 31.162, 30.2539, 30.323, 30.226, 30.2532, 30.524, 31.472, 31.3411, 30.412, 30.2229, 30.0992, 30.179, 31.0678, 30.9031, 30.5009, 30.277, 30.2441, 29.87, 31.0109, 31.6782, 30.2689, 30.2291, 30.4258, 30.1371, 30.4279, 30.714, 31.45, 31.0321, 30.241, 30.3791, 29.9051, 30.5178, 31.574, 30.699, 30.2951, 30.292, 31.8298, 30.272, 30.6242, 30.4239, 30.3571, 30.371, 30.1681, 30.5619, 30.494, 30.5891, 30.23, 30.4809, 30.118, 30.2849, 30.0741, 30.17, 30.2019, 30.3662, 30.4971, 30.3259, 30.6001, 30.2019, 30.0591, 30.1161, 30.1318, 30.1039, 30.165, 31.0881, 30.0629, 30.318, 30.767, 30.1888, 29.8431, 30.2701, 29.959, 30.2069, 30.1261, 30.061, 30.7369, 30.436, 30.0901, 30.0469, 30.3001, 30.3431, 30.1759, 30.2589, 30.272, 30.278, 30.3781, 30.1762, 
Time to set up datastructures: 132175ms
30.5259, 30.869, 30.0791, 29.793, 29.8131, 29.8119, 30.2432, 29.897, 29.7771, 29.8898, 30.905, 30.838, 30.2219, 29.8281, 29.8069, 29.6202, 30.1259, 30.724, 30.7779, 29.8021, 30.4811, 29.876, 29.7399, 29.7191, 29.839, 29.7699, 29.7031, 29.7439, 29.7189, 29.804, 29.7029, 29.7539, 29.7692, 30.56, 29.8009, 30.004, 30.7961, 31.244, 30.3888, 30.4332, 29.7949, 29.7382, 29.753, 29.711, 30.884, 29.8839, 29.798, 29.7482, 29.6929, 29.7959, 30.4592, 29.83, 29.6891, 29.6381, 29.8049, 29.6941, 29.732, 29.716, 29.7289, 30.6382, 29.768, 29.752, 29.737, 29.81, 29.7201, 29.748, 29.7029, 29.722, 29.7599, 29.6619, 29.695, 29.7332, 29.732, 29.6299, 29.6659, 29.7198, 29.7341, 29.6991, 29.768, 29.614, 29.6741, 29.6268, 29.691, 29.7031, 30.5409, 29.88, 29.7551, 29.686, 29.6769, 29.736, 29.659, 29.6521, 29.803, 29.767, 29.6891, 30.6818, 29.8181, 30.082, 29.7019, 30.3941, 
Time to set up datastructures: 132236ms
30.5319, 30.36, 30.4208, 30.3688, 30.3769, 30.427, 30.6489, 30.755, 30.637, 30.591, 30.5009, 30.6211, 30.3481, 31.307, 30.6861, 30.6759, 30.632, 30.5359, 30.4451, 30.4101, 30.5729, 30.3891, 30.6549, 30.7372, 30.4279, 30.525, 31.122, 31.152, 30.601, 30.364, 30.365, 30.287, 31.0259, 30.3969, 30.52, 30.468, 30.7028, 30.55, 30.504, 30.4911, 30.3099, 30.427, 30.4091, 30.5851, 30.4439, 30.4329, 30.3822, 30.2498, 30.5281, 31.1301, 30.5049, 30.5099, 30.4539, 30.515, 30.3371, 31.0111, 30.5719, 30.4711, 30.5068, 30.5078, 30.658, 30.452, 30.479, 30.395, 30.4708, 30.458, 30.5068, 30.3481, 30.7519, 30.5371, 30.3659, 30.422, 30.3431, 30.2649, 30.5769, 30.602, 30.2689, 30.3571, 30.4589, 30.4031, 30.4699, 31.0462, 30.6599, 30.3512, 30.447, 30.479, 30.4129, 30.4811, 30.467, 30.4899, 30.3931, 30.333, 30.7989, 30.38, 30.2761, 30.483, 31.1599, 30.6218, 30.436, 30.319, 
Running CRSMerge implementation
Time to set up datastructures: 135619ms
76.2901, 76.299, 76.335, 76.3941, 76.3159, 76.4339, 76.355, 76.355, 76.375, 76.257, 76.1991, 76.34, 76.421, 76.2541, 76.2539, 76.3772, 76.431, 76.3249, 76.3121, 76.2439, 76.3071, 76.2269, 76.2391, 76.299, 76.467, 76.2889, 76.5281, 76.3261, 76.365, 76.3781, 76.3428, 76.3209, 76.386, 76.2231, 76.2961, 76.314, 76.3409, 76.2379, 76.328, 76.3321, 76.304, 76.3261, 76.4019, 76.293, 76.432, 76.3209, 76.344, 76.1561, 76.3381, 76.3378, 76.2758, 76.293, 76.344, 76.2868, 76.345, 76.4461, 76.4649, 76.3001, 76.432, 76.5951, 76.3631, 76.334, 76.3638, 76.3099, 76.2429, 76.2942, 76.355, 76.3719, 76.535, 76.2651, 76.2899, 76.2501, 76.38, 76.2651, 76.3481, 76.3049, 76.6521, 76.5839, 76.303, 76.3922, 76.4508, 76.4201, 76.4191, 76.4561, 76.3819, 76.3421, 76.3159, 76.2601, 76.2939, 76.4041, 76.2851, 76.334, 76.3559, 76.282, 76.5131, 76.314, 76.375, 76.3509, 76.2842, 76.3359, 
Time to set up datastructures: 133527ms
54.276, 54.348, 54.343, 54.1911, 54.173, 54.168, 54.2889, 54.2972, 53.957, 54.3749, 54.028, 54.05, 54.1201, 54.039, 54.3211, 54.0969, 54.0309, 53.992, 53.992, 53.9691, 53.988, 54.1139, 54.1711, 54.0969, 54.1451, 53.9489, 53.9322, 53.9489, 54.0431, 54.379, 54.1241, 54.004, 53.8871, 54.0278, 53.921, 54.0512, 53.973, 54.0259, 54.0512, 54.024, 54.008, 53.9999, 54.055, 54.038, 53.9691, 54.0519, 53.988, 54.0659, 54.019, 53.988, 54.4651, 54.0419, 54.0581, 54.003, 54.0159, 53.9811, 54.0311, 54.0619, 54.0152, 54.059, 53.9439, 53.9739, 54.0502, 53.9219, 53.9799, 53.957, 54.2848, 54.3039, 54.081, 54.0481, 54.0309, 54.0121, 54.0762, 54.168, 54.1959, 54.332, 54.1131, 54.05, 54.0509, 54.096, 54.07, 54.0419, 54.0709, 54.0888, 54.0929, 54.0071, 53.9601, 54.0888, 54.0149, 54.153, 54.049, 54.0161, 54.1101, 54.1639, 53.9958, 53.9181, 54.0769, 53.9851, 54.0049, 54.0781, 
Time to set up datastructures: 137471ms
43.4811, 43.488, 43.4089, 43.488, 43.5991, 43.5469, 43.504, 43.5741, 43.57, 43.6039, 43.5181, 43.52, 43.51, 43.5212, 43.4639, 43.4489, 43.5441, 43.622, 43.566, 43.524, 43.5309, 43.483, 43.498, 43.5071, 43.591, 43.561, 43.5529, 43.5412, 43.4918, 43.5431, 43.555, 43.401, 43.5441, 43.5591, 43.5359, 43.623, 43.596, 43.529, 43.596, 43.535, 43.5691, 43.6251, 43.5309, 43.5281, 43.6049, 43.6161, 43.541, 43.4918, 43.608, 43.607, 43.5412, 43.5989, 43.5121, 43.546, 43.5719, 43.5381, 43.6509, 43.663, 43.5491, 43.5729, 43.5202, 43.5798, 43.5059, 43.5681, 43.551, 43.515, 43.591, 43.545, 43.534, 43.637, 43.5181, 43.6299, 43.602, 43.5102, 43.5529, 43.546, 43.5832, 43.4411, 43.5648, 43.4802, 43.6261, 43.5181, 43.5789, 43.5832, 43.5219, 43.556, 43.627, 43.608, 43.6339, 43.5231, 43.5281, 43.541, 43.499, 43.5979, 43.5801, 43.591, 43.5719, 43.5891, 43.5569, 43.5669, 
Time to set up datastructures: 137208ms
37.482, 37.441, 37.426, 37.4129, 37.3881, 37.4551, 37.4169, 37.3399, 37.5302, 37.4439, 37.4181, 37.4751, 37.5578, 37.4491, 37.535, 37.5111, 37.4129, 37.4141, 37.4601, 37.5118, 37.564, 37.509, 37.5121, 37.4801, 38.8329, 39.309, 38.892, 38.713, 37.811, 37.7891, 37.601, 37.6439, 37.6179, 37.6592, 37.6709, 37.6239, 37.6091, 37.6799, 37.6351, 37.5619, 37.5612, 37.524, 37.6129, 37.652, 37.581, 37.5738, 37.5712, 37.5178, 37.5202, 37.581, 37.5819, 37.5621, 37.5109, 37.6401, 37.5471, 37.55, 37.5109, 37.5431, 37.5741, 37.5581, 37.57, 38.238, 39.0718, 39.1009, 39.505, 38.919, 38.7831, 38.502, 37.9691, 37.9329, 37.915, 37.714, 37.7731, 37.6749, 37.7529, 37.703, 37.683, 37.6861, 37.637, 37.6399, 37.6709, 37.652, 37.6761, 37.8768, 39.2561, 39.115, 39.0241, 39.7351, 40.0128, 40.0171, 39.7151, 39.618, 39.557, 39.634, 39.6399, 39.593, 39.572, 39.5079, 39.5811, 39.6101, 
Time to set up datastructures: 138754ms
33.988, 33.9301, 34.03, 33.8941, 34.004, 33.9561, 33.958, 33.906, 33.9739, 33.89, 33.9701, 33.982, 33.9029, 33.9401, 33.993, 34.0159, 33.9949, 34.0431, 34.0569, 33.9868, 33.9742, 33.988, 33.989, 34.0061, 33.9708, 33.988, 34.0331, 34.0979, 33.9789, 34.0011, 34.0269, 33.9668, 34.0381, 33.968, 34.0581, 33.9751, 34.023, 33.9289, 33.9901, 34.0149, 34.03, 33.952, 34.023, 34.0102, 33.994, 34.034, 34.0819, 34.0278, 34.035, 34.008, 33.9978, 33.9811, 34.0841, 34.0068, 34.0359, 34.0159, 34.0469, 34.0161, 34.0738, 33.987, 34.0042, 34.0269, 34.024, 34.0519, 33.9751, 34.0528, 34.024, 34.003, 34.004, 34.0018, 33.9389, 34.004, 33.9918, 34.1132, 34.1408, 34.096, 34.0829, 34.0259, 34.0638, 34.0052, 34.0049, 34.0281, 34.0791, 34.076, 34.0629, 34.0002, 33.9539, 34.013, 34.0772, 34.0381, 33.9818, 34.049, 34.0412, 34.05, 34.0841, 34.0519, 34.065, 34.024, 33.982, 33.998, 
Time to set up datastructures: 138779ms
31.6319, 31.599, 31.6291, 31.677, 31.6131, 31.6699, 31.6589, 31.5671, 31.662, 31.6029, 31.6639, 31.6181, 31.6329, 31.79, 31.585, 31.6961, 31.6942, 31.6579, 31.6391, 31.723, 31.6579, 31.646, 31.7051, 31.6739, 31.728, 31.6541, 31.687, 31.6138, 31.6582, 31.6739, 31.662, 31.636, 31.6851, 31.6789, 31.6632, 32.1579, 32.4521, 31.791, 31.745, 31.6591, 31.6279, 31.7252, 31.671, 31.677, 31.755, 31.6269, 31.673, 31.6868, 31.616, 31.6889, 31.6541, 31.682, 31.7779, 31.7721, 31.6861, 31.656, 31.7528, 31.6882, 31.7678, 31.6632, 31.7299, 31.776, 31.6441, 31.683, 31.6539, 31.719, 31.6391, 31.635, 31.7781, 31.6708, 31.6851, 31.642, 31.6541, 31.6548, 31.6632, 31.687, 31.728, 31.6029, 31.8041, 31.719, 31.816, 31.6439, 31.6491, 31.743, 31.6901, 31.714, 31.656, 31.6598, 31.635, 31.698, 31.6641, 31.5878, 31.7791, 31.709, 31.6331, 31.6989, 31.6591, 31.6889, 31.7519, 31.7171, 
Time to set up datastructures: 138276ms
30.4091, 30.333, 30.4289, 30.3211, 30.405, 30.3819, 30.3619, 30.3559, 30.3841, 30.37, 30.3719, 30.3562, 30.3888, 30.3831, 30.4201, 30.3311, 30.4279, 30.4029, 30.3822, 30.359, 30.3888, 30.4711, 30.412, 30.3302, 30.35, 30.417, 30.4201, 30.432, 30.4248, 30.3931, 30.338, 30.4048, 30.3652, 30.4918, 30.5641, 30.385, 30.3769, 30.436, 30.4201, 30.3919, 30.4, 30.37, 30.3419, 30.3891, 30.4279, 30.412, 30.375, 30.371, 30.4129, 30.4201, 30.3731, 30.436, 30.452, 30.4239, 30.376, 30.36, 30.3371, 30.3659, 30.3612, 30.396, 30.3731, 30.5259, 30.4401, 30.37, 30.4229, 30.421, 30.3879, 30.3352, 30.3969, 30.4201, 30.3779, 30.4101, 30.3681, 30.4358, 30.3972, 30.4198, 30.4291, 30.463, 30.396, 30.4022, 30.3988, 30.3931, 30.3819, 30.498, 30.3931, 30.3619, 30.4439, 30.4081, 30.452, 30.3741, 30.4029, 30.4461, 30.4079, 30.37, 30.3581, 30.4909, 30.467, 30.405, 30.432, 30.376, 
Time to set up datastructures: 139105ms
29.501, 29.4881, 29.5138, 29.5742, 29.5689, 29.6261, 29.5248, 29.5532, 29.6109, 29.5591, 29.547, 29.5908, 29.5548, 29.5682, 29.5238, 29.599, 29.51, 29.542, 29.49, 29.5212, 29.588, 29.563, 29.5548, 29.6021, 29.5551, 29.5379, 29.592, 29.645, 29.5939, 29.561, 29.501, 29.5122, 29.5949, 29.5172, 29.552, 29.5601, 29.578, 29.521, 29.557, 29.531, 29.485, 29.4759, 29.531, 29.5162, 29.562, 29.5548, 29.5241, 29.6111, 29.608, 29.5789, 29.525, 29.511, 29.494, 29.5639, 29.563, 29.5601, 29.5329, 29.5241, 29.556, 29.6481, 29.5758, 29.6109, 29.495, 29.531, 29.506, 29.494, 29.428, 29.532, 29.4731, 29.506, 29.5091, 29.536, 29.568, 29.5, 29.5081, 29.459, 29.5231, 29.5339, 29.542, 29.525, 29.46, 29.6402, 29.4988, 29.587, 29.5432, 29.531, 29.505, 29.557, 29.541, 29.5379, 29.6171, 29.51, 29.541, 29.47, 29.4881, 29.5451, 29.4478, 29.5272, 29.6009, 29.4981, 
Time to set up datastructures: 138799ms
29.2001, 29.1209, 29.0921, 29.0849, 29.1111, 29.1519, 29.139, 29.0399, 29.1462, 29.0558, 29.1731, 29.0909, 29.1312, 29.1069, 29.18, 29.1181, 29.1061, 29.104, 29.1131, 29.1739, 29.268, 29.186, 29.181, 29.078, 29.12, 29.1181, 29.1419, 29.1421, 29.155, 29.0968, 29.093, 29.027, 29.1111, 29.1409, 29.0871, 29.1412, 29.0859, 29.156, 29.144, 29.062, 29.0971, 29.2161, 29.119, 29.1588, 29.1722, 29.177, 29.13, 29.0871, 29.1181, 29.1109, 29.1851, 29.161, 29.1309, 29.1202, 29.192, 29.176, 29.1789, 29.1409, 29.253, 29.2392, 29.1529, 29.104, 29.1412, 29.1378, 29.0952, 29.0859, 29.1569, 29.1491, 29.1851, 29.13, 29.063, 29.17, 29.103, 29.1691, 29.109, 29.0699, 29.1271, 29.1259, 29.0921, 29.0639, 29.0899, 29.1941, 29.1328, 29.1312, 29.0909, 29.0601, 29.1629, 29.139, 29.089, 29.1181, 29.1061, 29.119, 29.1789, 29.109, 29.0561, 29.103, 29.0949, 29.1641, 29.0921, 29.1219, 
Time to set up datastructures: 138093ms
28.841, 28.8832, 28.9438, 28.9092, 28.939, 28.9009, 28.8661, 28.8281, 28.8579, 28.8839, 28.913, 28.863, 28.899, 28.8961, 28.9021, 28.9221, 28.8689, 28.9359, 29.0329, 28.9171, 28.8439, 28.861, 28.9071, 28.929, 28.877, 28.8789, 28.8501, 28.8179, 28.904, 28.841, 28.8742, 28.8289, 28.8112, 28.8968, 28.8689, 28.8651, 28.8298, 28.842, 28.9021, 28.841, 28.9509, 28.8689, 28.9261, 28.9211, 28.9149, 29.0089, 28.944, 28.8689, 28.8639, 28.8391, 28.9199, 28.846, 28.8601, 28.8548, 28.8281, 28.919, 28.806, 28.8191, 28.9319, 28.935, 28.8212, 28.821, 28.873, 28.9309, 28.8708, 28.8742, 28.8761, 28.8529, 28.8799, 28.8842, 28.8708, 28.8661, 28.965, 28.9381, 28.934, 28.867, 28.856, 28.8961, 28.919, 28.841, 28.852, 28.7988, 28.8599, 28.913, 28.9199, 28.8799, 28.8801, 28.8799, 28.9462, 28.9149, 29.0051, 28.8501, 28.851, 28.8348, 28.9152, 28.8749, 28.868, 28.8241, 28.836, 28.98, 
Time to set up datastructures: 138256ms
29.351, 29.3341, 29.331, 29.3221, 29.3348, 29.3329, 29.351, 29.3572, 29.3808, 29.2718, 29.3052, 29.331, 29.3109, 29.3572, 29.3448, 29.3188, 29.336, 29.3341, 29.3319, 29.402, 29.35, 29.351, 29.3581, 32.3839, 36.2, 35.6121, 30.2529, 29.367, 29.3691, 29.3958, 29.392, 29.3219, 29.3429, 29.3641, 29.3519, 29.3882, 29.403, 29.3379, 29.3531, 29.35, 29.3, 29.386, 29.3949, 29.3682, 29.29, 29.31, 29.3469, 29.341, 29.3422, 29.3469, 29.331, 29.381, 29.3281, 29.3629, 29.3591, 29.3329, 29.3262, 29.29, 29.2919, 29.2871, 29.681, 29.4292, 29.3419, 29.3369, 29.2871, 29.3481, 29.4058, 29.408, 29.361, 29.3489, 29.3221, 29.3229, 29.3751, 29.314, 29.3851, 29.321, 29.3529, 29.3431, 29.381, 29.2859, 29.336, 29.325, 29.4352, 29.3429, 29.32, 29.335, 29.2909, 29.3369, 29.377, 29.3431, 29.4168, 29.345, 29.346, 29.4249, 29.314, 29.402, 29.3689, 29.387, 29.3431, 29.3159, 
Time to set up datastructures: 138600ms
29.4781, 29.5069, 29.46, 29.4781, 29.5491, 29.3911, 29.4459, 29.4471, 29.5019, 29.392, 29.393, 29.4938, 29.4309, 29.4981, 29.4321, 29.47, 29.443, 29.5181, 29.5489, 29.484, 29.5041, 29.429, 29.4471, 29.4149, 29.4461, 29.4831, 29.4478, 29.4652, 29.4189, 29.484, 29.4659, 29.4721, 29.4349, 29.412, 29.4521, 29.5019, 29.5141, 29.3739, 29.4011, 29.4549, 29.412, 29.4161, 29.4909, 29.5608, 29.4402, 29.4139, 29.3961, 29.5079, 29.423, 29.433, 29.3748, 29.412, 29.429, 29.4521, 29.418, 29.3791, 29.49, 29.3629, 29.3839, 29.4201, 29.4199, 29.4521, 29.5041, 29.5191, 29.465, 29.3689, 29.4321, 29.453, 29.453, 29.387, 29.4499, 29.356, 29.3801, 29.4631, 29.4521, 29.4609, 29.4411, 29.4209, 29.412, 29.465, 29.4311, 29.412, 29.448, 29.4349, 29.438, 29.3539, 29.408, 29.433, 29.3379, 29.4001, 29.469, 29.3629, 29.48, 29.4099, 29.47, 29.4042, 29.3961, 29.4499, 29.459, 29.4161, 
Time to set up datastructures: 138459ms
29.9339, 29.954, 29.9151, 29.8669, 29.8631, 29.8879, 29.8541, 29.9029, 29.845, 29.9358, 29.8221, 29.8929, 29.8431, 29.8769, 29.901, 29.808, 29.8049, 29.81, 29.8471, 29.8369, 29.9201, 29.8181, 29.8519, 29.768, 29.8882, 29.825, 29.8588, 29.8131, 29.8932, 29.8498, 29.86, 29.8829, 29.8319, 29.8312, 29.7658, 29.8071, 29.8941, 29.8488, 29.881, 29.8409, 29.814, 29.8979, 29.844, 29.8271, 29.8588, 29.8471, 29.8479, 29.8941, 29.8519, 29.9449, 29.86, 29.8321, 29.928, 29.8789, 29.8162, 29.9058, 29.824, 29.88, 29.8359, 29.891, 29.8572, 29.8529, 29.8879, 29.866, 29.8491, 29.9001, 29.846, 29.8378, 29.9449, 29.835, 29.814, 29.8338, 29.8641, 29.845, 29.85, 29.8021, 29.8829, 29.778, 29.8169, 29.7861, 29.86, 29.803, 29.7601, 29.794, 29.8538, 29.85, 29.7959, 29.8111, 29.7608, 29.778, 29.8421, 29.9098, 29.9141, 29.7849, 29.8522, 29.829, 29.866, 29.825, 29.774, 29.7549, 
Running CSB implementation
Time to set up datastructures: 137743ms
33.1991, 33.113, 33.114, 33.0551, 33.0181, 33.0389, 33.2141, 33.0851, 33.1299, 33.051, 33.042, 33.0291, 33.0009, 33.0789, 33.1371, 33.047, 32.9649, 33.0551, 32.9871, 33.026, 33.0579, 33.1061, 33.1259, 33.0381, 33.0131, 33.1159, 33.0231, 32.969, 32.974, 33.0291, 33.0319, 33.0629, 33.0341, 33.087, 33.004, 33.011, 33.0832, 33.0508, 32.9771, 33.0391, 33, 33.129, 33.02, 32.9931, 33.082, 33.0548, 33.0141, 33.0181, 33.0439, 32.9952, 32.975, 33.1421, 32.953, 32.9881, 32.9919, 32.9969, 33.0391, 32.9621, 33.006, 32.9781, 32.9969, 33.175, 33.0808, 32.989, 33.0632, 33.011, 32.954, 32.9921, 33.006, 33.155, 33.0191, 32.9649, 33.051, 32.9771, 33.0091, 33.0629, 33.1171, 33.0269, 32.975, 33.005, 33.047, 32.963, 33.0138, 32.9931, 32.9959, 32.9421, 32.975, 33.03, 33.0071, 33.056, 33.1199, 33.072, 33.0241, 33.0069, 32.9771, 33.0739, 32.999, 33.0219, 32.9812, 33.0009, 
Time to set up datastructures: 137835ms
28.7941, 28.816, 28.739, 28.733, 28.6732, 28.677, 28.697, 28.6698, 28.65, 28.621, 28.6491, 28.6839, 28.708, 28.651, 28.7051, 28.703, 28.702, 28.6181, 28.636, 28.635, 28.578, 28.6229, 28.5971, 28.7299, 28.5959, 28.594, 28.585, 28.65, 28.5609, 28.681, 28.5912, 28.6448, 28.6729, 28.697, 28.5661, 28.605, 28.636, 28.657, 28.5981, 28.58, 28.6539, 28.6021, 28.6219, 28.6181, 28.589, 28.6441, 28.5959, 28.6801, 28.6169, 28.7311, 28.6989, 28.753, 28.775, 28.5711, 28.5828, 28.5392, 28.6109, 28.7061, 28.769, 28.6169, 28.6422, 28.5518, 28.548, 28.63, 28.5652, 28.6388, 28.5592, 28.585, 28.62, 28.636, 28.579, 28.527, 28.6219, 28.5871, 28.614, 28.5821, 28.5819, 28.5058, 28.5621, 28.5749, 28.6179, 28.7631, 28.6319, 28.5702, 28.621, 28.6419, 28.857, 28.6071, 28.5931, 28.5559, 28.5621, 28.6078, 28.6412, 28.6179, 28.5959, 28.5211, 28.558, 28.616, 28.6341, 28.4901, 
Time to set up datastructures: 139172ms
28.924, 28.919, 28.9791, 28.868, 28.924, 28.847, 28.9302, 28.887, 28.831, 28.8999, 28.878, 28.8839, 28.9142, 28.7099, 28.9099, 28.9271, 28.8761, 28.836, 28.8291, 28.873, 28.9099, 28.8451, 28.8451, 28.9099, 28.8961, 28.9068, 28.872, 28.836, 28.789, 28.841, 28.8689, 28.8579, 28.9268, 28.8231, 28.8999, 28.9001, 28.903, 28.8918, 28.9001, 28.899, 28.8401, 28.877, 28.8351, 28.863, 28.815, 28.887, 28.8398, 28.8222, 28.868, 28.8811, 28.827, 28.8739, 28.8131, 28.9569, 28.8122, 28.8808, 28.8441, 28.8291, 28.8489, 28.847, 28.893, 28.9021, 28.892, 28.9271, 28.759, 28.7619, 28.9052, 28.8379, 28.8751, 28.7991, 28.8899, 28.892, 28.841, 28.8019, 28.9059, 28.8541, 28.8999, 28.863, 28.8482, 28.867, 28.863, 28.8529, 28.8689, 28.6422, 28.8069, 28.8351, 28.8849, 28.837, 28.872, 28.8301, 29.0129, 28.9142, 28.8339, 28.8711, 28.8231, 28.882, 28.8699, 28.7912, 28.8599, 28.8689, 
Time to set up datastructures: 139927ms
28.8529, 28.815, 28.7409, 28.743, 28.7521, 28.7719, 28.7941, 28.7971, 28.77, 28.7189, 28.7879, 28.826, 28.774, 28.7361, 28.7781, 28.7158, 28.723, 28.7478, 28.7662, 28.7631, 28.764, 28.7929, 28.7671, 28.791, 28.7941, 28.7268, 28.7819, 28.7471, 28.759, 28.724, 28.708, 28.7721, 28.733, 28.7831, 28.6729, 28.7669, 28.708, 28.743, 28.7192, 28.7309, 28.6651, 28.77, 28.7511, 28.9111, 28.7678, 28.6748, 28.7571, 28.7139, 28.6889, 28.7552, 28.7249, 28.6791, 28.724, 28.6689, 28.703, 28.7559, 28.681, 28.7881, 28.6949, 28.7161, 28.708, 28.6911, 28.7368, 28.7011, 28.7249, 28.7321, 28.6791, 28.723, 28.697, 28.7039, 28.7199, 28.7011, 28.7549, 28.712, 28.712, 28.6341, 28.764, 28.7189, 28.677, 28.754, 28.717, 28.7681, 28.6748, 28.723, 28.688, 28.7569, 28.6908, 28.6841, 28.6801, 28.676, 28.765, 28.7051, 28.6889, 28.7211, 28.672, 28.657, 28.6851, 28.7118, 28.728, 28.6932, 
Time to set up datastructures: 141488ms
29.4428, 29.3679, 29.3829, 29.3531, 29.315, 29.3729, 29.3829, 29.3598, 29.3489, 29.3441, 29.3732, 29.3298, 29.305, 29.3639, 29.351, 29.3291, 29.346, 29.3009, 29.3391, 29.31, 29.2971, 29.3078, 29.3732, 29.3369, 29.299, 29.3341, 29.336, 29.3109, 29.3419, 29.346, 29.32, 29.289, 29.34, 29.3541, 29.3338, 29.3221, 29.3179, 29.3522, 29.2799, 29.341, 29.2921, 29.3088, 29.3031, 29.3181, 29.3229, 29.325, 29.3269, 29.361, 29.3329, 29.3272, 29.3789, 29.34, 29.3472, 29.3138, 29.273, 29.309, 29.2871, 29.3748, 29.366, 29.3431, 29.2819, 29.289, 29.3162, 29.2869, 29.2981, 29.284, 29.278, 29.3081, 29.2969, 29.2981, 29.3231, 29.299, 29.3939, 29.357, 29.314, 29.336, 29.314, 29.2499, 29.3109, 29.285, 29.289, 29.31, 29.3159, 29.3241, 29.33, 29.3331, 29.263, 29.2659, 29.304, 29.2981, 29.314, 29.2699, 29.2521, 29.2521, 29.305, 29.253, 29.2859, 29.2661, 29.315, 29.3169, 
Time to set up datastructures: 141640ms
29.5911, 29.5639, 29.5961, 29.609, 29.588, 29.5892, 29.6688, 29.9389, 29.65, 29.655, 29.604, 29.551, 29.5851, 29.5599, 29.5579, 29.5808, 29.5691, 29.5959, 29.6021, 29.5811, 29.5858, 29.567, 29.5942, 29.6149, 29.582, 29.572, 29.5641, 29.573, 29.6459, 29.583, 29.5682, 29.567, 29.5739, 29.623, 29.609, 29.556, 29.561, 29.5651, 29.541, 29.5429, 29.5451, 29.5479, 29.5901, 29.567, 29.5789, 29.5432, 29.5739, 29.5751, 29.5999, 29.525, 29.5749, 29.5868, 29.5348, 29.5472, 29.552, 29.5839, 29.6159, 29.567, 29.5789, 29.557, 29.5429, 29.5391, 29.5489, 29.5751, 29.5639, 29.6061, 29.5899, 29.5382, 29.52, 29.5799, 29.5601, 29.5279, 29.5291, 29.5241, 29.578, 29.5599, 29.5439, 29.567, 29.5379, 29.5641, 29.556, 29.516, 29.566, 29.5191, 29.542, 29.531, 29.552, 29.526, 29.537, 29.5269, 29.5439, 29.552, 29.5801, 29.5639, 29.541, 29.563, 29.5522, 29.5968, 29.5432, 29.5808, 
Time to set up datastructures: 141534ms
29.5451, 29.495, 29.572, 29.516, 29.511, 29.5222, 29.4449, 29.5599, 29.526, 29.5231, 29.5019, 29.49, 29.494, 29.4631, 29.5489, 29.5181, 29.53, 29.5289, 29.4671, 29.5241, 29.4938, 29.5351, 29.5529, 29.5231, 29.5091, 29.4979, 29.5541, 29.532, 29.495, 29.5489, 29.4781, 29.526, 29.51, 29.4862, 29.495, 29.552, 29.489, 29.49, 29.485, 29.4838, 29.5141, 29.475, 29.562, 29.48, 29.4969, 29.5229, 29.5162, 29.4869, 29.4981, 29.5019, 29.51, 29.53, 29.495, 29.4421, 29.53, 29.4631, 29.4781, 29.4969, 29.464, 29.4521, 29.4859, 29.5069, 29.4991, 29.4931, 29.4809, 29.494, 29.4869, 29.4728, 29.5331, 29.5019, 29.4931, 29.449, 29.5179, 29.51, 29.4251, 29.4678, 29.4631, 29.459, 29.5062, 29.47, 29.4759, 29.4909, 29.4731, 29.458, 29.4769, 29.4759, 29.458, 29.438, 29.469, 29.4819, 29.5219, 29.485, 29.4569, 29.4762, 29.506, 29.5079, 29.474, 29.5141, 29.494, 29.4819, 
Time to set up datastructures: 142089ms
30.0329, 29.954, 29.9242, 29.9239, 29.9389, 29.9051, 29.938, 29.8941, 29.9549, 29.9361, 29.932, 30.0059, 29.9239, 29.948, 29.8951, 29.9561, 29.896, 29.9399, 29.923, 29.9659, 29.912, 29.912, 29.8891, 29.9199, 29.8891, 29.8769, 29.861, 29.8851, 29.964, 29.8681, 29.8691, 29.9368, 29.8722, 29.9089, 29.9311, 29.9001, 29.83, 29.907, 29.8531, 29.86, 29.8929, 29.866, 29.9201, 29.896, 29.8929, 29.928, 29.865, 29.881, 29.912, 29.9242, 29.8889, 29.882, 29.8831, 29.865, 29.8409, 29.912, 29.8691, 29.901, 29.8779, 29.8491, 29.8889, 29.8972, 29.8998, 29.8581, 29.88, 29.9308, 29.8772, 29.8779, 29.881, 29.876, 29.814, 29.8419, 29.8979, 29.876, 29.9048, 29.9082, 29.8839, 29.8741, 29.912, 29.85, 29.856, 29.8772, 29.9158, 29.8839, 29.8381, 29.8829, 29.8951, 29.8889, 29.8212, 29.8891, 29.8638, 29.855, 29.8619, 29.856, 29.8579, 29.8858, 29.8769, 29.8331, 29.8769, 29.8121, 
Time to set up datastructures: 142373ms
30.021, 29.9909, 29.9771, 30.009, 30.0591, 29.9799, 29.9931, 29.9661, 29.9599, 29.9032, 29.9799, 29.9809, 29.978, 30.0231, 29.9461, 29.9799, 29.989, 29.978, 29.963, 29.937, 29.9418, 29.9652, 29.947, 29.978, 29.969, 29.968, 29.9349, 29.9621, 29.9981, 29.9609, 29.942, 29.9551, 29.959, 29.923, 29.952, 29.9289, 29.9301, 29.984, 29.9399, 29.9251, 29.9299, 29.9401, 30.004, 29.978, 29.9599, 29.9621, 29.928, 29.9201, 29.9358, 29.9461, 29.9489, 29.943, 29.953, 29.916, 29.9461, 29.9029, 29.943, 29.9101, 29.943, 29.916, 29.9211, 29.953, 29.9749, 29.9439, 29.9208, 29.9201, 29.973, 29.9299, 29.9101, 29.9251, 29.9668, 29.9962, 29.928, 29.9001, 29.9568, 29.9659, 29.9361, 29.938, 29.9349, 30.159, 29.9351, 29.9969, 29.902, 29.8982, 29.938, 30.0219, 29.922, 29.9408, 29.942, 29.9191, 29.99, 29.9301, 29.9299, 29.927, 29.892, 29.9561, 29.9361, 29.9559, 29.954, 29.932, 
Time to set up datastructures: 141328ms
30.2832, 30.174, 30.1609, 30.1709, 30.3102, 30.3869, 30.313, 30.2842, 30.2179, 30.251, 30.236, 30.225, 30.225, 30.2169, 30.1139, 30.2098, 30.1821, 30.2329, 30.2801, 30.1809, 30.2, 30.185, 30.19, 30.2269, 30.1881, 30.17, 30.2289, 30.1881, 30.313, 30.3102, 30.216, 30.2091, 30.236, 30.1828, 30.1762, 30.169, 30.196, 30.206, 30.185, 30.185, 30.1991, 30.2091, 30.184, 30.17, 30.1781, 30.1609, 30.2801, 30.201, 30.39, 30.333, 30.2989, 30.2401, 30.195, 30.2131, 30.1969, 30.211, 30.2029, 30.3011, 30.174, 30.18, 30.185, 30.201, 30.19, 30.185, 30.174, 30.2799, 30.2231, 30.206, 30.215, 30.2701, 30.3178, 30.165, 30.205, 30.375, 30.3919, 30.1771, 30.1769, 30.1969, 30.1781, 30.165, 30.18, 30.196, 30.1831, 30.17, 30.1802, 30.174, 30.1859, 30.143, 30.1881, 30.1819, 30.1812, 30.139, 30.2138, 30.1678, 30.164, 30.3829, 30.232, 30.1869, 30.1659, 30.232, 
Time to set up datastructures: 141334ms
30.4451, 30.4019, 30.412, 30.4201, 30.452, 30.4389, 30.3931, 30.4329, 30.4589, 30.4191, 30.4849, 30.4031, 30.4439, 30.441, 30.4229, 30.4041, 30.4091, 30.4201, 30.4329, 30.4179, 30.437, 30.421, 30.3841, 30.4091, 30.411, 30.448, 30.4091, 30.3879, 30.4329, 30.4582, 30.3938, 30.4551, 30.4041, 30.453, 30.407, 30.426, 30.4239, 30.4282, 30.412, 30.432, 30.3891, 30.4399, 30.4172, 30.4158, 30.4232, 30.3741, 30.401, 30.4229, 30.442, 30.3888, 30.386, 30.4241, 30.411, 30.4329, 30.4041, 30.405, 30.3969, 30.561, 30.4742, 30.4279, 30.4041, 30.426, 30.422, 30.4401, 30.412, 30.4589, 30.405, 30.407, 30.4322, 30.4129, 30.4129, 30.3962, 30.3779, 30.412, 30.4401, 30.443, 30.4232, 30.3841, 30.436, 30.4258, 30.3411, 30.4589, 30.3738, 30.4101, 30.437, 30.3922, 30.4079, 30.3781, 30.4279, 30.4201, 30.4229, 30.436, 30.35, 30.437, 30.4282, 30.3929, 30.407, 30.3462, 30.386, 30.4561, 
Time to set up datastructures: 142031ms
30.452, 30.4432, 30.4699, 30.4661, 30.457, 30.4639, 30.4821, 30.4501, 30.4399, 30.453, 30.462, 30.463, 30.478, 30.452, 30.4608, 30.4751, 30.4499, 30.4482, 30.4449, 30.442, 30.4451, 30.4461, 30.447, 30.467, 30.447, 30.443, 30.4282, 30.437, 30.4198, 30.4189, 30.4432, 30.441, 30.4868, 30.457, 30.4861, 30.477, 30.426, 30.4298, 30.3991, 30.4511, 30.3941, 30.4339, 30.4172, 30.4158, 30.4272, 30.4179, 30.432, 30.4379, 30.431, 30.4129, 30.4391, 30.447, 30.4279, 30.432, 30.4301, 30.4611, 30.431, 30.4329, 30.4179, 30.4301, 30.4549, 30.4351, 30.401, 30.426, 30.4871, 30.4549, 30.4341, 30.4449, 30.431, 30.4041, 30.416, 30.381, 30.4329, 30.432, 30.4189, 30.3991, 30.427, 30.4871, 30.4151, 30.3969, 30.4761, 30.4298, 30.4031, 30.411, 30.4, 30.4129, 30.3991, 30.4201, 30.4141, 30.4189, 30.421, 30.411, 30.386, 30.4101, 30.395, 30.376, 30.417, 30.3931, 30.437, 30.431, 
Time to set up datastructures: 142107ms
30.3979, 30.3771, 30.364, 30.3869, 30.381, 30.3919, 30.3881, 30.421, 30.4279, 30.401, 30.4101, 30.3931, 30.38, 30.3898, 30.375, 30.3729, 30.3771, 30.6151, 30.4708, 30.427, 30.3471, 30.4041, 30.396, 30.3941, 30.3268, 30.375, 30.3891, 30.381, 30.3841, 30.3719, 30.3988, 30.3841, 30.396, 30.3922, 30.3919, 30.3791, 30.386, 30.36, 30.3721, 30.3609, 30.385, 30.36, 30.39, 30.365, 30.3819, 30.3762, 30.4079, 30.364, 30.3819, 30.422, 30.3528, 30.3791, 30.364, 30.37, 30.3831, 30.385, 30.3929, 30.3769, 30.365, 30.365, 30.3879, 30.4072, 30.385, 30.3979, 30.3581, 30.3478, 30.37, 30.338, 30.3659, 30.354, 30.3621, 30.375, 30.3431, 30.375, 30.3869, 30.3762, 30.3569, 30.355, 30.3581, 30.36, 30.3881, 30.3531, 30.3319, 30.36, 30.3912, 30.4098, 30.3721, 30.3869, 30.3512, 30.3669, 30.3571, 30.3371, 30.3628, 30.3502, 30.349, 30.3509, 30.371, 30.3581, 30.3569, 30.3521, 
Running BlockCOH implementation
Time to set up datastructures: 146236ms
62.7251, 62.5069, 62.4571, 62.6459, 62.6221, 62.4261, 62.6578, 62.866, 62.3848, 62.669, 62.3121, 62.3949, 62.6371, 62.4411, 62.5989, 62.3879, 62.5679, 62.629, 62.6359, 62.4371, 62.541, 62.7322, 62.7329, 62.7089, 62.3729, 62.6531, 62.3899, 62.4211, 63.3609, 64.3609, 62.722, 62.3758, 62.8381, 62.8741, 62.6149, 63.0109, 62.9511, 62.8371, 62.8998, 62.742, 62.8619, 62.896, 62.7239, 62.7122, 62.6299, 62.4721, 62.876, 62.758, 62.4731, 63.1618, 62.7818, 62.6431, 62.8061, 62.562, 62.5629, 62.6459, 62.639, 62.459, 62.6051, 62.815, 62.8669, 63.1871, 62.814, 62.798, 62.705, 62.619, 62.4652, 62.51, 62.834, 62.69, 62.716, 62.588, 62.784, 62.741, 62.439, 62.5, 62.619, 62.654, 62.5701, 62.434, 62.604, 62.721, 62.511, 62.9311, 62.8221, 62.506, 62.6371, 62.7429, 62.6509, 62.7131, 62.856, 62.958, 62.9179, 63.9579, 62.6402, 62.6268, 63.272, 63.0562, 62.408, 62.995, 
Time to set up datastructures: 143485ms
44.3521, 44.3881, 44.3699, 44.533, 44.4422, 44.3249, 44.497, 44.3201, 44.4698, 44.3101, 44.3871, 44.3048, 44.4381, 44.4419, 44.2781, 44.4319, 44.9569, 44.497, 44.3959, 44.256, 44.466, 44.4031, 44.543, 44.493, 44.368, 44.3919, 44.4281, 44.347, 44.4579, 44.5631, 44.4069, 44.3501, 44.8868, 44.6701, 44.8329, 44.5571, 44.27, 44.507, 44.3439, 44.3091, 44.2979, 44.4231, 44.3599, 44.3821, 44.5061, 44.4598, 44.4219, 44.3959, 44.332, 44.446, 44.317, 44.3442, 44.3749, 44.395, 44.328, 44.3721, 44.3761, 44.3399, 44.431, 44.3561, 44.6849, 44.733, 44.5349, 44.4181, 44.3761, 44.3759, 44.3759, 44.8291, 44.529, 44.3399, 44.4231, 44.332, 44.4191, 44.328, 44.616, 44.6789, 44.3988, 44.5421, 44.3861, 45.084, 44.317, 44.4219, 44.3289, 44.4419, 44.3211, 44.431, 44.3091, 44.4119, 44.348, 44.481, 44.347, 44.528, 44.6069, 44.693, 44.646, 44.43, 44.4071, 44.3749, 44.3251, 44.3559, 
Time to set up datastructures: 147590ms
34.6289, 34.56, 34.4858, 34.5311, 34.5271, 34.425, 34.5991, 34.4989, 34.4729, 34.539, 34.5831, 34.4939, 34.55, 34.574, 34.472, 34.637, 34.5731, 34.591, 34.5831, 34.4989, 34.5449, 34.615, 34.5349, 34.5871, 34.472, 34.5681, 34.5228, 34.575, 34.5409, 34.6141, 34.4789, 34.5259, 34.5092, 34.503, 34.4989, 34.4949, 34.5521, 34.575, 34.5612, 34.559, 34.513, 34.461, 34.632, 34.7619, 34.5571, 34.5671, 34.524, 34.5149, 34.5061, 34.6019, 34.5459, 34.534, 34.616, 34.5719, 34.4691, 34.5941, 34.5421, 34.574, 34.4739, 34.574, 34.606, 34.462, 34.62, 34.5211, 34.4961, 34.5089, 34.5769, 34.518, 34.586, 34.426, 34.637, 34.513, 34.4942, 34.6098, 34.4801, 34.5631, 34.4889, 34.5411, 34.5509, 34.574, 34.5311, 34.57, 34.5719, 34.513, 34.6322, 34.6029, 34.476, 34.677, 34.5721, 34.4808, 34.5161, 34.539, 34.5011, 34.56, 34.4541, 34.5519, 34.5511, 34.55, 34.5159, 34.57, 
Time to set up datastructures: 148180ms
29.1018, 29.192, 29.7968, 29.7511, 29.779, 29.68, 29.7401, 29.6969, 29.685, 29.6922, 29.6428, 29.5742, 29.7029, 29.7019, 29.8922, 29.8479, 29.989, 29.9339, 29.7499, 32.043, 30.6602, 30.5319, 29.4261, 30.0469, 29.8471, 32.1188, 29.0461, 28.7499, 28.7941, 28.811, 28.739, 28.739, 28.7242, 28.7979, 28.748, 28.6629, 28.759, 28.702, 28.723, 28.672, 28.753, 28.7149, 28.686, 28.682, 28.791, 28.6582, 28.682, 28.7139, 28.8179, 28.7049, 28.698, 28.7962, 28.785, 28.6829, 28.65, 28.837, 28.734, 28.6841, 28.7309, 28.801, 28.7361, 28.7158, 28.6839, 28.641, 28.765, 28.6961, 28.7192, 28.698, 28.753, 28.7669, 28.717, 28.6331, 28.743, 28.7609, 28.7001, 28.693, 28.671, 28.7979, 28.7611, 28.784, 28.738, 28.6989, 28.7721, 28.774, 28.739, 28.702, 28.6469, 28.754, 28.775, 28.7428, 28.7089, 28.6851, 28.7058, 28.729, 28.717, 28.7311, 28.7149, 28.6648, 28.7261, 28.693, 
Time to set up datastructures: 150315ms
26.057, 26.0851, 26.026, 26.16, 26.0808, 25.9869, 26.0179, 26.0608, 26.1049, 26.0479, 26.0391, 26.017, 25.9671, 26.0849, 26.0532, 26.093, 26.0069, 26.0129, 26.0441, 26.0019, 25.99, 26.1252, 26.1428, 25.995, 25.9829, 26.0561, 26.0129, 25.98, 25.98, 26.0289, 26, 26.0642, 26.005, 26.053, 25.985, 25.995, 26.0239, 26.103, 26.0551, 26.15, 26.026, 26.017, 26.108, 26.088, 25.9891, 26.042, 25.9559, 26.005, 26.0651, 26.0329, 25.9402, 26.089, 26.022, 25.984, 25.9979, 25.97, 26.0539, 26.0279, 25.9881, 26.053, 26.0201, 26.077, 25.9931, 25.9988, 25.964, 26.0718, 26.0482, 25.99, 26.037, 26.089, 25.96, 26.0041, 26.1281, 26.0999, 25.9731, 26.005, 26.0921, 26.0231, 26.0239, 25.9581, 26.01, 25.995, 26.062, 26.0179, 25.9762, 26.057, 26.022, 25.991, 26.0191, 26.005, 26.0639, 26.021, 26.067, 26.0291, 25.9869, 26.0541, 26.0229, 26.0301, 25.9881, 25.986, 
Time to set up datastructures: 151428ms
26.041, 26.01, 25.9509, 25.95, 26.046, 26.011, 25.9562, 25.9359, 25.954, 25.9461, 25.9318, 25.8722, 26.0479, 26.0088, 25.9571, 25.9941, 26.073, 26.0699, 25.954, 26.0372, 25.934, 26.1569, 26.1021, 26.0329, 25.9342, 26.0398, 26.0201, 25.949, 26.052, 25.9991, 25.9421, 26.0041, 25.9218, 26.0692, 25.9759, 25.9371, 26.0289, 25.9371, 26.0389, 26.0079, 26.0131, 25.965, 25.99, 26.068, 26.711, 26.576, 25.996, 26.037, 25.9521, 26.1021, 26.0849, 25.9621, 26.0549, 25.8982, 26.0258, 25.969, 25.9662, 25.974, 26.0439, 26.0408, 26.001, 25.9721, 25.9831, 25.9449, 25.9621, 26.0379, 26.0091, 25.965, 25.9569, 26.1061, 25.9969, 25.9452, 25.9519, 26.0761, 25.924, 26.0181, 25.9838, 25.9802, 26.1178, 25.9771, 25.9149, 25.9662, 26.0079, 25.9061, 26.108, 26.057, 25.8751, 26.103, 26.0458, 25.995, 25.9409, 25.9049, 26.108, 26.036, 25.964, 25.9621, 26.0789, 25.9809, 25.888, 25.984, 
Time to set up datastructures: 150039ms
26.3929, 26.449, 26.2651, 26.3388, 26.3431, 26.4649, 26.284, 26.2842, 26.2659, 26.366, 26.2911, 26.365, 26.3488, 26.3758, 26.376, 26.2799, 26.4311, 26.3689, 26.3362, 26.242, 26.351, 26.345, 26.262, 26.3228, 26.37, 26.4289, 26.366, 26.2811, 26.3319, 26.3391, 26.3081, 26.3219, 26.351, 26.2651, 26.278, 26.4039, 26.3412, 26.3309, 26.3171, 26.2659, 26.4661, 26.2749, 26.4461, 26.2909, 26.407, 26.319, 26.226, 26.3081, 26.2959, 26.315, 26.4499, 26.3219, 26.3591, 26.3331, 26.31, 26.3431, 26.253, 26.32, 26.3209, 26.268, 26.3221, 26.3128, 26.3312, 26.3779, 26.3331, 26.2849, 26.335, 26.407, 26.2659, 26.376, 26.4621, 26.3269, 26.3512, 26.3338, 26.4418, 26.299, 26.32, 26.279, 26.314, 26.2489, 26.2849, 26.3, 26.3522, 26.2749, 26.351, 26.3982, 26.2179, 26.3989, 26.3181, 26.2201, 26.3879, 26.304, 26.2592, 26.439, 26.34, 26.2408, 26.3419, 26.304, 26.273, 26.3371, 
Time to set up datastructures: 151809ms
26.2659, 26.3021, 26.2749, 26.2432, 26.288, 26.2158, 26.2849, 26.252, 26.3219, 26.3481, 26.2749, 26.305, 26.258, 26.2492, 26.3309, 26.2899, 26.2401, 26.2289, 26.397, 26.2651, 26.243, 26.238, 26.4781, 26.2461, 26.4208, 26.412, 26.191, 26.3071, 26.305, 26.2661, 26.309, 26.2399, 26.396, 26.2959, 26.4392, 26.346, 26.2399, 26.196, 26.258, 26.238, 26.2611, 26.315, 26.2618, 26.278, 26.2849, 26.2129, 26.4301, 26.3081, 26.222, 26.3259, 26.2671, 26.2051, 26.365, 26.16, 26.3169, 26.315, 26.207, 26.2749, 26.305, 26.3269, 26.273, 26.2091, 26.444, 26.3071, 26.3181, 26.4289, 26.2771, 26.35, 26.391, 26.258, 26.3209, 26.2711, 26.2589, 26.3958, 26.2442, 26.2949, 26.412, 26.2749, 26.309, 26.293, 26.2611, 26.3078, 26.263, 26.304, 26.3438, 26.2229, 26.3131, 26.2239, 26.284, 26.3491, 26.3021, 26.2461, 26.2418, 26.2721, 26.3181, 26.2921, 26.2759, 26.2861, 26.175, 26.2721, 
Time to set up datastructures: 150679ms
26.396, 26.3238, 26.257, 26.2661, 26.392, 26.4411, 26.2749, 26.3011, 26.3209, 26.453, 26.473, 26.3829, 26.3751, 26.2771, 26.319, 26.4409, 26.299, 26.2611, 26.242, 26.3391, 26.3619, 26.324, 26.392, 26.444, 26.3422, 26.3488, 26.366, 26.329, 26.238, 26.2482, 26.3138, 26.3822, 26.263, 26.31, 26.2198, 26.3021, 26.5291, 26.264, 26.274, 26.3362, 26.274, 26.3829, 26.3052, 26.4499, 26.3591, 26.392, 26.269, 26.4561, 26.4168, 26.2511, 26.298, 26.3112, 26.3069, 26.2239, 26.4339, 26.2492, 26.3829, 26.3021, 26.3078, 26.3181, 26.309, 26.346, 26.278, 26.5682, 26.449, 26.4308, 26.279, 26.3472, 26.2699, 26.361, 26.341, 26.247, 26.2752, 26.2308, 26.2401, 26.2809, 26.345, 26.4242, 26.2408, 26.19, 26.3281, 26.407, 26.3581, 26.31, 26.3019, 26.3519, 26.3281, 26.3009, 26.319, 26.315, 26.3591, 26.3989, 26.252, 26.3052, 26.2859, 26.3269, 26.3829, 26.232, 26.309, 26.309, 
Time to set up datastructures: 150306ms
26.459, 26.5472, 26.4969, 26.499, 26.4261, 26.4699, 26.4351, 26.541, 26.4199, 26.4988, 26.3798, 26.5789, 26.4401, 26.5889, 26.4151, 26.562, 26.4618, 26.5539, 26.3929, 26.5009, 26.407, 26.4699, 26.335, 26.52, 26.473, 26.4289, 26.4301, 26.489, 26.4299, 26.4711, 26.4409, 26.4051, 26.4649, 26.4971, 26.4509, 26.4251, 26.5861, 26.526, 26.54, 26.418, 26.557, 26.4361, 26.387, 26.4909, 26.396, 26.4969, 26.427, 26.53, 26.5601, 26.4821, 26.5689, 26.4151, 26.5298, 26.6359, 26.6349, 26.4931, 26.386, 26.474, 26.4969, 26.4311, 26.4978, 26.3321, 26.4471, 26.526, 26.5789, 26.583, 26.551, 26.401, 26.5131, 26.5169, 26.4511, 26.4821, 26.3789, 26.412, 26.418, 26.4971, 26.5419, 26.4461, 26.4819, 26.3722, 26.4199, 26.448, 26.4621, 26.454, 26.396, 26.448, 26.4771, 26.365, 26.469, 26.567, 26.4571, 26.485, 26.5851, 26.5551, 26.679, 26.5799, 26.4771, 26.449, 26.4981, 26.3901, 
Time to set up datastructures: 150218ms
26.7441, 26.7761, 26.747, 26.7899, 26.7599, 26.8121, 26.9039, 26.787, 26.7591, 26.9029, 26.7851, 26.7899, 26.8421, 26.7339, 26.782, 26.7382, 26.7868, 26.7551, 26.7899, 26.8512, 26.752, 26.8409, 26.8321, 26.751, 26.7859, 26.768, 26.804, 26.8171, 26.7639, 26.763, 26.8111, 26.777, 26.8219, 26.7332, 26.8149, 26.8099, 26.834, 26.803, 26.758, 26.8412, 26.88, 26.7749, 26.727, 26.83, 26.7851, 26.849, 26.798, 26.7889, 26.7751, 26.8278, 26.783, 26.793, 26.8221, 26.794, 26.823, 26.715, 26.7589, 26.8221, 26.8159, 26.762, 26.726, 26.7851, 26.7889, 26.7999, 26.763, 26.808, 26.8221, 26.762, 26.783, 26.7639, 26.7601, 26.7589, 26.742, 26.8579, 26.813, 26.8719, 26.8719, 26.7839, 26.8521, 26.7589, 26.8681, 26.783, 26.8788, 26.7651, 26.8221, 26.7668, 26.8669, 26.7742, 26.8219, 26.886, 26.7601, 26.756, 26.7799, 26.7692, 26.793, 26.7758, 26.8261, 26.8159, 26.757, 26.7642, 
Time to set up datastructures: 150751ms
26.691, 26.6941, 26.7761, 26.7599, 26.7141, 26.794, 26.7241, 26.696, 26.6879, 26.715, 26.6471, 26.6931, 26.7229, 26.6478, 26.7138, 26.7591, 26.7379, 26.7379, 26.669, 26.7951, 26.6778, 26.727, 26.823, 26.6981, 26.834, 26.7091, 26.7348, 26.6912, 26.7079, 26.7208, 26.8722, 26.7739, 26.691, 26.737, 26.6612, 26.684, 26.7069, 26.65, 26.7231, 26.7129, 26.829, 26.767, 26.6759, 26.7229, 26.7179, 26.675, 26.788, 26.7348, 26.7682, 26.629, 26.7079, 26.7398, 26.7961, 26.6941, 26.7658, 26.7501, 26.7181, 26.675, 26.7448, 26.695, 26.6602, 26.7739, 26.7539, 26.722, 26.7341, 26.6519, 26.825, 26.8192, 26.7618, 26.6941, 26.68, 26.7549, 26.7501, 26.756, 26.731, 26.6769, 26.7482, 26.726, 26.777, 26.6969, 26.8052, 26.7608, 26.685, 26.773, 26.685, 26.957, 26.716, 26.69, 26.6719, 26.7119, 26.7732, 26.7799, 26.6709, 26.6809, 26.732, 26.7231, 26.686, 26.6681, 26.7508, 26.639, 
Time to set up datastructures: 151900ms
26.7191, 26.8149, 26.8471, 26.8009, 26.808, 26.8941, 26.8641, 26.782, 26.716, 26.783, 26.804, 26.83, 26.7551, 26.7508, 26.8998, 26.823, 26.8121, 26.7661, 26.7789, 26.86, 26.8381, 26.8319, 26.85, 26.876, 26.8762, 26.7699, 26.8021, 26.794, 26.7732, 26.8478, 26.798, 26.7611, 26.7501, 26.792, 26.8109, 26.746, 26.7739, 26.8161, 26.7739, 26.793, 26.818, 26.7541, 26.9198, 26.813, 26.7501, 26.8159, 26.8078, 26.7432, 26.84, 26.886, 26.8061, 26.788, 26.777, 26.7699, 26.7868, 26.8888, 26.9241, 27.0181, 26.757, 26.787, 26.902, 26.7961, 26.803, 26.778, 26.8688, 26.8202, 26.762, 26.8579, 26.8021, 26.782, 26.835, 26.813, 26.762, 26.866, 26.7541, 26.792, 26.7789, 26.7792, 26.7639, 26.732, 26.7789, 26.7541, 26.7971, 26.8199, 26.762, 26.7639, 26.799, 26.88, 26.763, 26.7859, 26.7951, 26.803, 26.7508, 26.8071, 26.7761, 26.7811, 26.8559, 26.7999, 26.788, 26.7382, 

run on commit: b7033e5d4b360fc23f010515e22c3b23c97b7a49