2 3 4 5 6 7 8 9 10 11 12 13 14
Running sequential algorithm
Time to set up datastructures: 8663.03ms
199.3, 199.268, 199.515, 199.966, 199.276, 199.235, 199.019, 200.535, 199.209, 199.367, 199.433, 199.636, 199.089, 199.236, 200.642, 199.161, 199.046, 199.144, 199.741, 199.138, 199.352, 199.405, 200.888, 199.978, 199.18, 199.304, 199.062, 199.344, 199.468, 199.466, 199.996, 199.656, 199.009, 199.327, 199.302, 199.109, 199.127, 200.705, 199.803, 199.179, 199.387, 199.486, 198.992, 199.372, 199.207, 200.644, 199.219, 199.106, 199.343, 199.103, 199.207, 199.383, 200.484, 200.258, 199.303, 199.297, 199.373, 199.238, 200.075, 199.472, 199.951, 199.649, 199.196, 199.382, 199.511, 199.565, 199.628, 200.493, 199.534, 199.517, 200.424, 199.768, 201.274, 202.906, 200.818, 199.222, 198.98, 199.466, 200.299, 199.272, 199.28, 199.34, 199.124, 199.182, 199.277, 199.241, 199.008, 199.147, 199.291, 199.195, 206.497, 213.698, 207.652, 207.525, 199.67, 199.271, 199.04, 199.215, 200.331, 199.553, 
Running OpenMP implementation
Time to set up datastructures: 12203ms
104.269, 104.239, 104.12, 104.223, 104.179, 104.249, 104.244, 104.301, 104.625, 104.223, 104.188, 104.184, 104.192, 104.122, 104.398, 104.311, 104.173, 104.21, 104.203, 104.171, 104.468, 104.647, 104.55, 104.437, 104.419, 104.348, 104.26, 104.555, 104.282, 104.235, 104.214, 104.257, 104.195, 104.408, 104.402, 104.294, 104.225, 104.156, 104.395, 104.232, 104.306, 104.226, 104.115, 104.226, 104.191, 104.202, 104.463, 104.516, 104.181, 104.229, 104.184, 104.159, 104.22, 104.492, 104.205, 104.242, 104.236, 104.175, 104.169, 104.219, 104.528, 104.212, 104.325, 104.215, 104.185, 104.517, 104.376, 104.258, 104.172, 104.345, 104.253, 104.205, 104.372, 104.287, 104.306, 104.223, 104.263, 104.171, 104.18, 104.897, 104.297, 104.212, 104.224, 104.294, 104.401, 104.572, 104.288, 104.216, 104.048, 104.135, 104.161, 104.356, 104.257, 104.274, 104.219, 104.177, 104.193, 104.295, 104.522, 104.395, 
Time to set up datastructures: 10000.5ms
73.3581, 73.3099, 73.3371, 73.3299, 73.3411, 73.616, 73.281, 73.3929, 73.241, 73.3511, 73.698, 73.3879, 73.4601, 73.6859, 73.8721, 73.3249, 73.252, 73.462, 73.2958, 73.1711, 73.298, 73.3569, 73.3032, 73.216, 73.36, 73.2031, 73.1301, 73.247, 73.2329, 73.2601, 73.2801, 73.2908, 73.3092, 73.4289, 73.2331, 73.1659, 73.245, 73.2229, 73.2799, 73.2522, 73.1728, 73.2379, 73.1599, 73.2841, 73.2861, 73.2808, 73.2648, 73.2601, 73.281, 73.3619, 73.36, 73.405, 73.2229, 73.2222, 73.1699, 73.2291, 73.1349, 73.144, 73.4081, 73.2069, 73.5281, 73.5281, 73.303, 73.216, 73.3252, 73.2059, 73.276, 73.4699, 73.7379, 73.3731, 73.221, 73.3168, 73.2472, 73.3109, 73.2222, 73.401, 73.458, 73.2119, 73.3421, 73.441, 73.3209, 73.633, 73.595, 73.293, 73.1609, 73.3459, 73.314, 73.4291, 73.555, 73.4029, 73.216, 73.2532, 73.226, 73.2279, 73.292, 73.195, 73.2551, 73.277, 73.2269, 73.292, 
Time to set up datastructures: 14351.6ms
59.3431, 59.2709, 59.217, 59.1371, 59.303, 59.231, 59.257, 59.2799, 59.2029, 59.2649, 59.288, 59.2551, 59.2749, 59.2251, 59.1779, 59.3379, 59.2341, 59.1919, 59.1881, 59.3009, 59.32, 59.2911, 59.314, 59.1581, 59.2189, 59.0861, 59.14, 59.263, 59.1581, 59.1929, 59.1631, 59.257, 59.2661, 59.202, 59.226, 59.1819, 59.2651, 59.092, 59.2449, 59.3498, 59.2051, 59.1691, 59.2151, 59.2508, 59.278, 59.2351, 59.2279, 59.236, 59.186, 59.299, 59.144, 59.1581, 59.3081, 59.2771, 59.216, 59.211, 59.14, 59.227, 59.2518, 59.1402, 59.1791, 59.2608, 59.1671, 59.1779, 59.2442, 59.165, 59.2661, 59.2148, 59.186, 59.2091, 59.299, 59.0761, 59.2492, 59.2151, 59.1488, 59.2449, 59.1311, 59.2518, 59.3531, 59.1571, 59.2809, 59.1869, 59.1938, 59.2909, 59.1671, 59.247, 59.1919, 59.2091, 59.202, 59.3429, 59.1562, 59.1779, 59.1691, 59.1769, 59.2642, 59.1838, 59.1331, 59.2079, 59.1979, 59.135, 
Time to set up datastructures: 13718.7ms
50.7851, 50.0979, 50.0162, 50.0119, 50.0062, 50.019, 49.9818, 49.942, 49.9699, 49.9909, 49.9451, 49.952, 49.9239, 49.8421, 49.9098, 49.9392, 49.9389, 49.9861, 50.1008, 50.009, 50.1652, 50.0209, 49.9909, 50.0119, 49.9539, 49.9852, 49.9599, 49.9451, 49.9279, 49.9349, 49.911, 50.0002, 49.9449, 49.931, 49.896, 49.8998, 49.8881, 49.9849, 49.9611, 49.952, 49.9749, 49.9132, 49.968, 49.9589, 49.9251, 49.8919, 49.896, 49.9001, 49.948, 49.9249, 49.9382, 49.9618, 49.9589, 49.999, 49.9659, 49.9692, 49.9361, 49.9239, 49.8612, 49.916, 49.9148, 49.829, 49.897, 49.9709, 49.9148, 49.9241, 49.9589, 49.9141, 49.8989, 49.9179, 49.9761, 49.937, 49.87, 49.927, 49.9439, 49.9849, 49.8202, 49.881, 49.917, 49.859, 49.9051, 49.937, 49.9969, 49.9492, 49.912, 49.9091, 49.9539, 50.3359, 49.916, 49.886, 49.9392, 49.9589, 50.0329, 49.9952, 49.963, 49.912, 49.943, 50.0021, 49.984, 49.8781, 
Time to set up datastructures: 14251.7ms
43.997, 44.0011, 44.059, 43.951, 43.9589, 43.946, 43.9131, 43.9188, 44.0321, 43.997, 43.9649, 43.8948, 43.9031, 43.8781, 43.9069, 43.8662, 43.9239, 43.9441, 43.998, 43.9188, 43.932, 43.884, 43.906, 43.8631, 43.8931, 43.885, 43.8859, 43.9961, 43.916, 43.968, 43.875, 43.854, 43.8821, 43.874, 43.8609, 43.844, 43.8631, 43.8499, 43.834, 43.854, 43.853, 43.8831, 43.879, 43.88, 43.9298, 43.9389, 43.9022, 43.8941, 43.9219, 43.9301, 43.9498, 43.8581, 43.9122, 43.8728, 43.8621, 43.848, 43.946, 43.8869, 43.941, 43.931, 43.8931, 43.916, 43.8659, 43.824, 43.885, 43.824, 43.9351, 43.8561, 43.859, 43.86, 43.834, 43.843, 43.869, 43.9689, 43.983, 43.8621, 43.927, 43.8859, 43.885, 46.823, 47.6799, 46.5002, 44.9629, 44.2941, 44.1658, 44.1279, 44.1051, 44.189, 44.023, 44.0178, 43.926, 43.9892, 43.946, 44.029, 44.1139, 43.982, 43.927, 43.9041, 43.9119, 43.9072, 
Time to set up datastructures: 14451.4ms
40.6258, 40.585, 40.585, 40.6141, 40.612, 40.5829, 40.554, 40.5459, 40.5369, 40.5059, 40.5152, 40.5409, 40.5121, 40.5478, 40.5591, 40.5302, 40.555, 40.5478, 40.576, 40.5872, 40.5719, 40.5369, 40.5591, 40.518, 40.57, 40.5068, 40.549, 40.5152, 40.5169, 40.5819, 40.5788, 40.5161, 40.5431, 40.549, 40.5538, 40.5221, 40.5369, 40.5619, 40.5271, 40.5049, 40.5321, 40.9889, 40.6091, 40.5638, 40.5672, 40.5579, 40.5881, 40.519, 40.5309, 40.5099, 40.4902, 40.5009, 40.4902, 40.5169, 40.53, 40.5109, 40.5111, 40.4859, 40.498, 40.5259, 40.4761, 40.5509, 40.5371, 40.5159, 40.498, 40.5061, 40.504, 40.4949, 40.5121, 40.4959, 40.4921, 40.5121, 40.518, 40.5459, 40.4861, 40.4809, 40.529, 40.535, 40.5478, 40.5591, 40.5481, 40.4971, 40.4818, 40.484, 40.544, 40.524, 40.463, 40.5159, 40.606, 40.519, 40.5211, 40.5838, 40.4992, 40.4859, 40.4968, 40.5672, 40.566, 40.571, 40.693, 40.5409, 
Time to set up datastructures: 14005.4ms
38.2428, 38.234, 38.2259, 38.1742, 38.2478, 38.228, 38.1761, 38.192, 38.1451, 38.1658, 38.172, 38.2762, 38.162, 38.115, 38.1229, 38.2211, 38.223, 38.25, 38.1649, 38.1551, 38.1579, 38.2121, 38.1629, 38.1482, 38.125, 38.1038, 38.12, 38.147, 38.1601, 38.1341, 38.2419, 38.1172, 38.1279, 38.173, 38.096, 38.1451, 38.089, 38.1079, 38.11, 38.0862, 38.1799, 38.137, 38.11, 38.1541, 38.1629, 38.132, 38.1382, 38.0781, 38.1289, 38.063, 38.1141, 38.1019, 38.1031, 38.1041, 38.1069, 38.039, 38.115, 38.1629, 38.09, 38.0871, 38.0831, 38.1198, 38.0821, 38.094, 38.0549, 38.0821, 38.1041, 38.1038, 38.1072, 38.1489, 38.1289, 38.079, 38.1281, 38.069, 38.1098, 38.106, 38.106, 38.1439, 38.0778, 38.1012, 38.1269, 38.0919, 38.0781, 38.0971, 38.0731, 38.1289, 38.1482, 38.115, 38.1639, 38.09, 38.1532, 38.1458, 38.1289, 38.137, 38.085, 38.09, 38.0349, 38.2202, 38.137, 38.13, 
Time to set up datastructures: 14523.5ms
36.7031, 36.659, 36.67, 36.664, 36.7851, 36.7019, 36.6201, 36.6509, 36.603, 36.624, 36.6402, 36.643, 36.6578, 36.6821, 36.751, 36.633, 36.6209, 36.649, 36.5841, 36.5679, 36.6261, 36.6089, 36.6111, 36.582, 36.6201, 36.6108, 36.6268, 36.5708, 36.5882, 36.593, 36.6049, 36.6211, 36.5789, 36.5779, 36.545, 36.5789, 36.639, 36.6311, 36.6609, 36.5851, 36.5551, 36.6309, 36.592, 36.639, 36.674, 36.6061, 36.5901, 36.602, 36.588, 36.696, 36.689, 36.679, 36.592, 36.5701, 36.618, 36.6421, 36.6049, 36.598, 36.5641, 36.608, 36.5639, 36.6361, 36.6409, 36.617, 36.5751, 36.5529, 36.5419, 36.5629, 36.6521, 36.6881, 36.5829, 36.6099, 36.6571, 36.623, 36.5341, 36.5629, 36.5982, 36.572, 36.572, 36.5419, 36.5791, 36.531, 36.6199, 36.572, 36.612, 36.6099, 36.5579, 36.608, 36.613, 36.5739, 36.582, 36.5801, 36.6101, 36.6008, 36.581, 36.5531, 36.6271, 36.6628, 36.5682, 36.535, 
Time to set up datastructures: 14431.3ms
35.8639, 35.7471, 35.7621, 35.7249, 35.65, 35.6851, 35.671, 35.702, 35.6221, 35.6369, 35.625, 35.6522, 35.6381, 35.6879, 35.6309, 35.6741, 35.6281, 35.6529, 35.6691, 35.6848, 35.6569, 35.6381, 35.63, 35.5978, 35.67, 35.624, 35.634, 35.6209, 35.6252, 35.599, 35.6379, 35.6851, 35.6021, 35.573, 35.593, 35.61, 35.8059, 35.655, 35.614, 35.594, 35.615, 35.6202, 35.641, 35.708, 35.6431, 35.6181, 35.615, 35.5809, 35.6252, 35.718, 35.666, 35.588, 35.825, 35.8269, 35.645, 35.6431, 35.7649, 35.5771, 35.6231, 35.5871, 35.5799, 35.594, 35.604, 35.5589, 35.6011, 35.594, 35.604, 35.5589, 35.5692, 35.5589, 35.5971, 35.634, 35.5659, 35.558, 35.6152, 35.63, 35.6259, 35.578, 35.593, 35.6491, 35.6119, 35.6679, 35.7239, 35.6262, 35.5771, 35.717, 35.7189, 35.64, 35.578, 35.6731, 35.5868, 35.6669, 35.6612, 35.6069, 35.5821, 35.5821, 35.594, 35.614, 35.614, 35.6579, 
Time to set up datastructures: 14010ms
34.8139, 34.766, 34.797, 34.7309, 34.7049, 34.719, 34.771, 34.6899, 34.7042, 34.682, 34.6439, 34.7061, 34.7259, 34.718, 34.719, 34.6661, 34.687, 34.6839, 34.678, 34.7121, 34.678, 34.663, 34.6441, 34.652, 34.7099, 34.6849, 34.6742, 34.6539, 34.6401, 34.6651, 34.6389, 34.631, 34.7741, 34.785, 34.729, 34.9741, 34.786, 34.678, 34.687, 34.6849, 34.6379, 34.6839, 34.713, 34.714, 34.677, 34.6761, 34.6301, 34.657, 34.735, 34.6181, 34.7419, 34.641, 34.642, 34.832, 34.9011, 34.6489, 34.6751, 34.843, 34.6889, 34.6811, 34.735, 34.6551, 34.6169, 34.652, 34.6401, 34.6582, 34.6248, 34.6189, 34.6601, 34.6639, 34.6501, 34.61, 34.7059, 34.6529, 34.6379, 34.606, 34.6551, 34.7481, 34.6649, 34.6792, 34.668, 34.6069, 34.7621, 34.6439, 34.6701, 34.6339, 34.627, 34.6198, 34.615, 34.627, 34.637, 34.662, 34.6129, 34.7309, 34.6539, 34.6479, 34.565, 34.656, 34.6482, 34.621, 
Time to set up datastructures: 14267.6ms
34.56, 34.5888, 34.5511, 34.517, 34.4858, 34.5221, 34.528, 34.4839, 34.549, 34.5452, 34.5259, 34.518, 34.5151, 34.4939, 34.5211, 34.5321, 34.5368, 34.5411, 34.533, 34.5359, 34.477, 34.492, 34.508, 34.4532, 34.5209, 34.4741, 34.5011, 34.4748, 34.4651, 34.472, 34.4911, 34.4679, 34.5662, 34.5168, 34.4968, 34.5061, 34.482, 34.4911, 34.5631, 34.4489, 34.5201, 34.4908, 34.5051, 34.483, 34.5571, 34.5459, 34.5361, 34.482, 34.5161, 34.5068, 34.5058, 34.529, 34.5011, 34.3709, 34.4832, 34.498, 34.5409, 34.5039, 34.4791, 34.5809, 34.451, 34.456, 34.4779, 34.5001, 34.4579, 34.4622, 34.4329, 34.5001, 34.4698, 34.4591, 34.4579, 34.441, 34.507, 34.518, 34.445, 34.4529, 34.4419, 34.5001, 34.512, 34.4579, 34.5271, 34.467, 34.4651, 34.4789, 34.4892, 34.538, 34.503, 34.986, 35.5711, 34.646, 34.5161, 34.5058, 34.5569, 34.4651, 34.487, 34.472, 34.574, 34.4591, 34.4989, 34.5111, 
Time to set up datastructures: 14373.4ms
34.1029, 34.107, 34.1048, 34.075, 34.0722, 34.0669, 34.081, 34.0822, 34.07, 34.0528, 34.0738, 34.085, 34.0722, 34.1289, 34.0841, 34.0469, 34.05, 34.0452, 34.076, 34.1039, 34.0931, 34.0819, 34.085, 34.066, 34.0312, 34.0428, 34.0729, 34.04, 34.029, 34.05, 34.112, 34.0989, 34.0571, 34.1389, 34.0869, 34.0521, 34.075, 34.076, 34.21, 34.1082, 34.065, 34.06, 34.03, 34.07, 34.045, 34.0879, 34.0838, 34.0521, 34.045, 34.0939, 34.0512, 34.0459, 34.055, 34.0612, 34.025, 34.05, 34.024, 34.024, 34.0202, 34.0719, 34.054, 34.0149, 34.035, 34.0381, 34.066, 34.05, 34.0459, 34.0281, 34.0319, 34.054, 34.0099, 34.0841, 34.0481, 34.039, 34.044, 34.0381, 34.0409, 34.065, 34.029, 34.013, 34.0421, 34.0619, 34.0691, 34.0612, 34.0629, 34.0259, 33.9952, 34.013, 34.0149, 34.1082, 34.086, 34.06, 34.0559, 34.019, 34.0338, 34.0359, 34.0641, 34.004, 34.0011, 34.0428, 
Time to set up datastructures: 14491.6ms
34.1811, 34.2109, 34.1971, 34.2031, 34.2469, 34.2669, 34.179, 34.173, 34.1511, 34.1849, 34.1592, 34.1849, 34.1761, 34.205, 34.157, 34.1539, 34.1229, 34.147, 34.107, 34.183, 34.1361, 34.2679, 34.1501, 34.2119, 34.1799, 34.1399, 34.1229, 34.1749, 34.1539, 34.1389, 34.143, 34.1489, 34.1189, 34.1332, 34.138, 34.162, 34.1239, 34.1191, 34.148, 34.1039, 34.1282, 34.1048, 34.126, 34.1561, 34.1542, 34.0929, 34.1032, 34.1098, 34.1091, 34.138, 34.132, 34.173, 34.1148, 34.107, 34.1389, 34.133, 34.132, 34.1291, 34.1718, 34.0981, 34.075, 34.102, 34.2019, 34.1761, 34.1489, 34.126, 34.1039, 34.1401, 34.1358, 34.127, 34.143, 34.1558, 34.055, 34.0881, 34.1089, 34.066, 34.0862, 34.0688, 34.1041, 34.0931, 34.1108, 34.08, 34.142, 34.1661, 34.1511, 34.1549, 34.1291, 34.0879, 34.138, 34.122, 34.132, 34.116, 34.1642, 34.1339, 34.132, 34.102, 34.0941, 34.111, 34.0691, 34.1029, 
Running TBB implementation
Time to set up datastructures: 12124.7ms
108.5, 108.491, 108.498, 108.35, 108.484, 108.351, 108.336, 108.328, 108.36, 108.314, 108.324, 108.28, 108.175, 108.424, 108.495, 108.501, 108.292, 108.32, 108.348, 108.397, 108.546, 108.299, 108.369, 108.275, 108.366, 108.354, 108.396, 108.242, 108.392, 108.299, 108.33, 108.434, 108.343, 109.018, 108.376, 108.36, 108.608, 108.33, 108.333, 108.416, 108.277, 108.522, 108.349, 108.191, 108.266, 108.472, 108.763, 108.322, 108.402, 108.313, 108.331, 108.444, 108.602, 108.319, 108.299, 108.293, 108.291, 108.5, 108.276, 108.42, 108.389, 108.329, 108.305, 108.49, 108.258, 108.254, 108.326, 108.317, 108.382, 108.219, 108.281, 108.258, 108.335, 108.303, 108.424, 108.421, 108.669, 108.434, 108.473, 108.583, 108.249, 108.184, 108.449, 108.204, 108.322, 108.36, 108.294, 108.832, 108.893, 109.875, 108.306, 108.533, 108.35, 108.31, 108.436, 108.479, 108.433, 108.292, 108.401, 108.355, 
Time to set up datastructures: 9993.87ms
75.614, 75.7761, 75.947, 75.763, 75.7179, 75.6719, 75.7151, 75.4781, 75.5959, 75.8781, 76.0269, 75.3431, 76.108, 75.7649, 75.3381, 75.561, 75.5861, 75.696, 75.6428, 75.345, 75.65, 75.2981, 75.5329, 75.7401, 75.3131, 75.6221, 75.5339, 75.5072, 75.5999, 75.4981, 75.7558, 75.238, 75.6421, 75.659, 75.65, 75.6421, 75.2659, 75.7339, 75.7771, 75.5711, 75.3679, 75.5751, 75.4409, 75.6471, 75.5789, 75.4821, 75.5439, 75.433, 75.592, 75.6061, 75.5439, 75.8672, 76.2389, 75.4011, 75.6421, 75.5529, 75.8419, 75.7351, 75.707, 75.654, 75.6071, 75.299, 75.7179, 75.516, 75.4859, 75.5682, 75.4058, 75.6891, 75.3829, 75.515, 75.608, 75.5811, 75.3441, 75.439, 75.49, 75.4218, 75.5062, 75.6049, 75.5851, 75.0999, 75.5801, 75.316, 75.511, 75.6891, 75.269, 75.5379, 75.7201, 75.2149, 75.5951, 75.6869, 75.5341, 75.5079, 75.573, 75.6271, 75.2089, 75.6731, 75.6299, 75.8972, 75.31, 75.5551, 
Time to set up datastructures: 14125.9ms
60.4842, 60.482, 60.5578, 60.662, 60.6201, 60.111, 60.4341, 60.5419, 60.6081, 60.2469, 60.58, 60.6349, 60.2951, 60.638, 60.215, 60.54, 60.4601, 59.998, 60.323, 60.761, 60.493, 60.421, 60.4892, 60.1358, 60.6401, 60.329, 60.616, 60.1218, 60.4572, 60.2639, 60.6201, 60.339, 60.164, 60.4169, 60.6542, 60.189, 60.6689, 60.1439, 60.6179, 60.5211, 60.2009, 60.6489, 60.642, 60.117, 60.5831, 60.3089, 60.2391, 60.596, 60.1931, 60.539, 60.5419, 60.3871, 60.4489, 59.947, 60.3461, 60.5998, 60.122, 60.3781, 60.637, 60.4961, 60.4961, 60.0629, 60.3151, 60.58, 60.2229, 60.647, 60.1308, 60.3991, 60.3561, 60.7359, 60.446, 60.498, 60.576, 60.55, 60.468, 60.1799, 60.3979, 60.5619, 60.257, 60.5261, 60.3459, 60.4661, 60.2939, 60.5502, 60.4129, 60.3261, 60.5109, 60.427, 60.1082, 60.415, 60.5021, 60.5168, 60.5421, 60.4861, 60.0889, 60.5991, 60.122, 60.446, 60.6298, 60.508, 
Time to set up datastructures: 13549.5ms
50.4251, 50.3769, 50.3302, 50.4169, 50.2391, 50.4029, 50.3051, 50.3109, 50.302, 50.312, 50.3201, 50.3068, 50.0789, 50.601, 50.571, 50.343, 50.3631, 50.159, 50.436, 50.041, 50.4432, 50.05, 50.2138, 50.3411, 50.2341, 50.3249, 50.1599, 50.3571, 50.4119, 50.081, 50.1809, 50.384, 50.261, 50.1339, 50.2491, 50.283, 50.2431, 50.1149, 50.348, 50.097, 50.3931, 50.2679, 50.0991, 50.339, 50.298, 50.1449, 50.446, 50.1812, 50.416, 50.1349, 50.2021, 50.247, 50.2889, 50.2682, 50.225, 50.21, 49.9449, 50.2691, 50.3199, 50.2222, 50.3099, 50.317, 50.355, 50.3221, 50.1561, 50.3759, 50.3781, 50.3449, 50.143, 50.4332, 50.2708, 50.369, 50.0941, 50.293, 50.3972, 50.313, 50.2748, 50.287, 50.0259, 50.3891, 50.05, 50.149, 50.2331, 50.154, 50.3941, 50.3931, 50.2949, 50.2081, 50.3759, 50.2782, 50.3049, 50.03, 50.277, 50.2779, 50.375, 50.3192, 50.257, 50.077, 50.2489, 50.343, 
Time to set up datastructures: 14339.7ms
44.8208, 44.96, 44.7979, 44.7772, 44.7021, 44.889, 44.8098, 44.8549, 44.8511, 44.8449, 44.872, 44.791, 44.8, 44.7311, 44.8239, 44.7981, 44.7168, 44.837, 44.77, 44.5919, 44.9209, 44.8191, 44.5609, 44.7319, 44.6332, 44.832, 44.7929, 44.565, 44.7831, 44.8611, 44.8239, 44.5101, 44.7819, 44.9061, 44.7299, 44.5409, 44.7731, 44.7509, 44.6742, 44.7938, 44.611, 44.8291, 44.6849, 44.8461, 44.785, 44.7509, 44.811, 44.749, 44.7769, 44.7452, 44.7829, 44.755, 44.7001, 44.8329, 44.5669, 44.7161, 44.925, 44.7221, 44.539, 44.894, 44.7559, 44.7559, 44.6, 44.7149, 44.5769, 44.8041, 44.693, 44.7159, 44.6901, 44.838, 44.718, 44.7159, 44.7531, 44.7841, 44.7431, 44.7519, 44.697, 44.7311, 44.575, 44.7109, 44.6792, 44.7209, 44.6961, 44.7049, 44.7762, 44.6239, 44.745, 44.692, 44.806, 44.7791, 44.487, 44.8041, 44.5969, 44.8651, 44.811, 44.7369, 44.718, 44.7881, 44.796, 44.8101, 
Time to set up datastructures: 14151.1ms
41.111, 41.007, 40.818, 41.0111, 41.06, 40.725, 40.9989, 40.9572, 40.885, 40.9489, 40.9181, 40.8499, 40.9169, 41.0252, 40.796, 40.8869, 40.9381, 40.7929, 40.9811, 40.8461, 40.9968, 40.8821, 40.791, 40.8859, 40.957, 40.9029, 40.7221, 40.9899, 40.904, 40.9491, 40.9329, 40.899, 40.9009, 40.9241, 40.786, 40.916, 40.875, 40.874, 40.951, 40.7591, 41.0171, 40.8828, 41.0061, 40.74, 40.931, 40.926, 40.8709, 40.9031, 40.8351, 40.911, 40.838, 40.869, 40.7619, 40.843, 41.013, 40.875, 40.982, 40.91, 40.823, 40.9181, 40.9129, 40.689, 40.9989, 40.9701, 40.849, 40.9219, 40.9021, 40.884, 40.725, 40.879, 40.9861, 40.9801, 40.936, 40.817, 40.828, 40.8859, 40.91, 40.705, 40.9889, 40.9441, 40.818, 40.8771, 40.894, 40.9398, 40.8931, 40.93, 40.89, 40.8931, 40.8762, 40.9508, 40.8442, 40.9241, 40.71, 40.9589, 40.8101, 40.9069, 40.8571, 40.957, 40.7801, 40.91, 
Time to set up datastructures: 14109.8ms
38.389, 38.249, 38.4171, 38.413, 38.214, 38.3909, 38.238, 38.3301, 38.3401, 38.281, 38.234, 38.2609, 38.2099, 38.3921, 38.2459, 38.3282, 38.286, 38.2719, 38.2912, 38.219, 38.1629, 38.3329, 38.238, 38.28, 38.2462, 38.25, 38.3348, 38.2202, 38.2309, 38.3861, 38.2838, 38.2731, 38.2111, 38.2688, 38.2168, 38.3751, 38.188, 38.3339, 38.1711, 38.3151, 38.6341, 38.4979, 38.307, 38.378, 38.2659, 38.274, 38.3451, 38.218, 38.286, 38.3601, 38.1389, 38.305, 38.204, 38.2731, 38.276, 38.347, 38.286, 38.3251, 38.3091, 38.3151, 38.1649, 38.276, 38.213, 38.331, 38.2299, 38.3191, 38.28, 38.2421, 38.2349, 38.264, 38.239, 38.2619, 38.336, 38.1839, 38.3301, 38.2881, 38.527, 38.4688, 38.3849, 38.245, 38.3539, 38.2679, 38.307, 38.311, 38.3658, 38.337, 38.2771, 38.2259, 38.408, 38.2822, 38.2061, 38.3649, 38.3561, 38.3699, 38.3952, 38.332, 38.2009, 38.3661, 38.286, 38.2891, 
Time to set up datastructures: 14405.4ms
36.659, 36.5341, 36.6299, 36.4192, 36.648, 36.6209, 36.5181, 36.5009, 36.4971, 36.4909, 36.588, 36.4552, 36.5069, 36.442, 36.515, 36.5789, 36.54, 36.484, 36.4861, 36.5119, 36.5081, 36.53, 36.5081, 36.66, 36.5241, 36.6571, 36.4678, 36.5021, 36.5269, 36.4292, 36.5789, 36.4931, 36.6158, 36.535, 36.454, 36.5081, 36.4749, 36.509, 36.442, 36.6151, 36.4299, 36.418, 36.4652, 42.4879, 38.3651, 37.4479, 36.8311, 36.5939, 36.5701, 36.598, 36.7532, 36.6759, 36.5689, 36.4559, 36.53, 36.5419, 36.5441, 36.5729, 36.4811, 36.5231, 36.4869, 36.536, 36.5791, 36.505, 36.485, 36.535, 36.5779, 36.489, 36.437, 36.4611, 36.571, 36.5698, 37.204, 36.8941, 36.5629, 36.612, 36.572, 36.5341, 36.5839, 36.617, 36.737, 36.5679, 36.5379, 36.4089, 36.5369, 36.5322, 36.5469, 36.5851, 36.474, 36.469, 36.417, 36.509, 36.586, 36.5169, 36.478, 36.5031, 36.4618, 36.473, 36.525, 36.4361, 
Time to set up datastructures: 14194.3ms
35.3961, 35.532, 35.4841, 35.491, 35.459, 35.4359, 35.2731, 35.497, 35.4049, 35.408, 35.5401, 35.414, 35.43, 35.4781, 35.507, 35.383, 35.3911, 35.4049, 35.3951, 35.4378, 35.404, 35.449, 35.413, 35.4421, 35.522, 35.3889, 35.3851, 35.4009, 35.429, 35.423, 35.418, 35.537, 35.316, 35.562, 35.548, 35.4199, 35.3091, 35.5809, 35.4171, 35.3789, 35.4021, 35.4099, 35.4352, 35.5029, 35.4071, 35.2919, 35.449, 35.3501, 35.4679, 35.4202, 35.4159, 35.418, 35.4421, 35.3019, 35.4581, 35.3739, 35.387, 35.3899, 35.3479, 35.429, 35.4331, 35.2931, 35.3849, 35.2991, 35.3451, 35.4021, 35.3079, 35.5091, 35.4369, 35.29, 35.4619, 35.428, 35.481, 35.404, 35.4681, 35.4021, 35.2919, 35.368, 35.3861, 35.502, 35.3861, 35.4311, 35.4609, 35.2831, 35.4528, 35.6171, 35.4381, 35.409, 35.5279, 35.4321, 35.3761, 35.3849, 35.394, 35.5039, 35.3601, 35.4099, 35.4121, 35.47, 35.3479, 35.4371, 
Time to set up datastructures: 14153.7ms
34.6489, 34.4341, 34.543, 34.416, 34.5769, 34.5621, 34.512, 34.5001, 34.399, 34.6859, 34.699, 34.6122, 34.6818, 34.3869, 34.6, 34.3931, 34.533, 34.4601, 34.472, 34.575, 34.5759, 34.5402, 34.4698, 34.4782, 34.4329, 34.4191, 34.5049, 34.4579, 34.5991, 34.498, 34.5359, 34.503, 34.327, 34.591, 34.7021, 34.4739, 34.4751, 34.4079, 34.5101, 34.446, 34.667, 34.6119, 34.6, 34.3699, 34.5819, 34.4529, 34.4851, 34.6, 34.596, 34.405, 34.4691, 34.4329, 34.4369, 34.425, 34.6022, 34.3828, 34.6, 34.4911, 34.3649, 34.4121, 34.4789, 34.483, 34.544, 34.5821, 34.3449, 34.519, 34.4861, 34.3289, 34.6231, 35.387, 34.5919, 34.6191, 34.3668, 34.5211, 34.487, 34.5011, 34.4629, 34.4529, 34.507, 34.6289, 34.538, 34.3971, 34.4179, 34.5511, 34.4539, 34.5871, 34.5979, 34.5311, 34.6141, 34.6549, 34.4212, 34.5628, 34.5502, 34.4889, 34.4031, 34.4629, 34.4169, 34.4882, 34.574, 34.6539, 
Time to set up datastructures: 14272.1ms
34.1532, 34.1759, 34.091, 34.086, 34.09, 34.0819, 34.075, 34.1411, 34.08, 34.174, 34.0619, 34.1358, 34.06, 34.1032, 34.1098, 34.0471, 34.1101, 34.059, 34.0679, 34.054, 34.1041, 34.0168, 34.034, 34.0381, 34.1539, 34.1129, 34.1108, 34.1151, 33.917, 34.1189, 34.1179, 34.1132, 34.003, 34.045, 34.1439, 34.122, 34.1301, 34.086, 34.1001, 33.9448, 34.0831, 34.117, 34.0209, 34.0669, 34.0641, 34.128, 34.003, 34.0979, 34.122, 34.1179, 33.9952, 34.1809, 34.044, 34.07, 34.0431, 34.023, 34.0691, 34.1289, 34.111, 34.1129, 34.0421, 34.054, 34.0929, 34.1749, 34.1699, 34.097, 34.0672, 34.071, 34.0509, 34.0741, 34.045, 33.9191, 34.066, 34.0309, 34.1311, 33.9901, 34.0378, 34.004, 34.0352, 34.0559, 34.0478, 34.1172, 34.0889, 34.0631, 34.0259, 34.081, 34.009, 34.075, 34.0998, 34.0881, 34.0879, 34.245, 34.133, 34.147, 34.1852, 34.2669, 34.1361, 34.1129, 34.1201, 34.0469, 
Time to set up datastructures: 14587.1ms
33.7539, 33.6978, 33.7501, 33.6659, 33.6802, 33.6599, 33.6499, 33.6082, 33.6449, 33.742, 33.7331, 33.689, 33.6869, 33.6101, 33.684, 33.6089, 33.6778, 33.8142, 33.6728, 33.6242, 33.6959, 33.653, 33.7081, 33.7079, 33.6571, 33.617, 33.6862, 33.705, 33.592, 33.586, 33.633, 33.5362, 33.6499, 33.6771, 33.5729, 33.572, 33.6471, 33.5991, 33.7079, 33.5591, 33.6659, 33.577, 33.6442, 33.694, 33.6099, 33.582, 33.602, 33.5779, 33.7522, 33.6728, 33.6139, 33.7789, 33.6361, 33.709, 33.5629, 33.772, 33.6001, 33.6471, 33.7341, 33.5588, 33.6652, 33.5729, 33.638, 33.695, 33.638, 33.772, 33.7021, 33.5538, 33.5701, 33.5979, 33.565, 33.715, 33.649, 33.725, 33.571, 33.6702, 33.607, 33.567, 33.5989, 33.684, 33.684, 33.679, 33.565, 33.5579, 33.73, 33.5882, 33.766, 33.5829, 33.5469, 33.623, 33.597, 33.6621, 33.608, 33.591, 33.6361, 33.6809, 33.4961, 33.6108, 33.6261, 33.519, 
Time to set up datastructures: 14366.9ms
33.6258, 33.5569, 33.4671, 33.514, 33.5999, 33.4001, 33.5841, 33.622, 33.52, 33.571, 33.452, 33.468, 33.509, 33.5479, 33.479, 33.4642, 33.6139, 33.4439, 33.525, 33.463, 33.5641, 33.524, 33.541, 33.4351, 33.4759, 33.5281, 33.525, 33.623, 33.457, 33.519, 33.4611, 33.4759, 33.4611, 33.5119, 33.5162, 33.4818, 33.4392, 33.6158, 33.5791, 33.5181, 33.4969, 33.632, 33.5801, 33.5879, 33.4361, 33.524, 33.565, 33.4799, 33.5841, 33.556, 33.509, 33.5588, 33.4642, 33.509, 33.525, 33.462, 33.566, 33.5088, 33.5591, 33.478, 33.525, 33.5202, 33.51, 33.5519, 33.5259, 33.519, 33.453, 33.5851, 33.4969, 33.5062, 33.4969, 33.4508, 33.4761, 33.4969, 33.602, 33.4561, 33.416, 33.6189, 33.457, 33.6499, 33.4771, 33.529, 33.5279, 33.4792, 33.53, 33.5379, 33.4721, 33.541, 33.488, 33.4971, 33.5178, 33.632, 33.5391, 33.5491, 33.4749, 33.5369, 33.474, 33.536, 33.509, 33.5751, 
Running TBB_graphs implementation with double the amount of partitions than threads
Time to set up datastructures: 8677.2ms
119.384, 130.8, 121.879, 131.926, 130.745, 127.999, 125.206, 123.263, 127.771, 119.526, 123.529, 117.453, 128.19, 120.073, 126.973, 120.42, 133.698, 126.936, 124.901, 117.543, 121.75, 120.356, 119.761, 127.007, 120.646, 120.518, 126.941, 126.909, 126.901, 126.545, 126.856, 126.715, 118.95, 126.035, 124.211, 123.694, 123.81, 130.874, 128.52, 127.115, 134.303, 118.746, 117.343, 128.171, 131.518, 129.061, 125.246, 117.61, 116.756, 130.702, 116.946, 128.514, 120.268, 120.632, 120.276, 121.094, 123.832, 130.328, 130.932, 123.705, 123.644, 123.653, 128.609, 126.608, 134.455, 125.187, 117.756, 120.561, 126.629, 118.322, 121.093, 128.219, 131.699, 121.144, 118.371, 128.093, 119.387, 121.314, 120.22, 133.685, 124.616, 117.666, 127.248, 124.976, 123.993, 123.834, 135.082, 120.264, 119.971, 131.808, 123.858, 121.193, 127.082, 124.694, 128.317, 119.181, 120.783, 120.348, 126.828, 131.001, 
Time to set up datastructures: 8679.66ms
90.724, 84.0139, 82.907, 84.3432, 96.226, 102.867, 91.512, 102.184, 89.251, 95.947, 90.755, 93.657, 82.936, 83.8339, 90.646, 83.9031, 81.3138, 83.154, 82.3612, 104.438, 99.86, 90.0111, 97.2621, 92.6518, 105.068, 97.1222, 87.781, 93.133, 91.265, 86.23, 89.6902, 93.133, 83.5071, 91.965, 81.9011, 88.7461, 85.8698, 90.6751, 93.2739, 88.1529, 88.1581, 89.642, 94.4099, 91.2781, 103.704, 92.5589, 87.4372, 89.855, 83.149, 92.761, 81.301, 88.604, 88.8062, 91.49, 102.596, 83.755, 90.992, 98.995, 89.8411, 92.129, 90.2219, 92.5589, 93.0829, 93.6801, 83.4019, 89.8561, 90.2369, 104.673, 83.3809, 109.794, 83.4842, 84.0299, 82.052, 91.125, 94.5611, 82.5379, 86.6301, 99.7279, 93.595, 97.6381, 92.6468, 97.2819, 92.6919, 95.6671, 82.777, 94.0859, 100.569, 93.05, 106.488, 81.1479, 84.6848, 90.5352, 80.7128, 99.35, 96.679, 83.7469, 98.7701, 98.7589, 89.222, 102.703, 
Time to set up datastructures: 8679ms
82.952, 85.4831, 82.799, 68.8269, 62.9902, 70.3459, 72.367, 68.218, 67.6348, 85.8262, 78.9931, 70.0648, 88.9521, 70.735, 83.7591, 67.184, 78.4602, 77.4179, 90.1251, 68.6059, 84.3191, 72.969, 80.5311, 79.9649, 86.5309, 80.0309, 78.407, 83.3681, 84.3661, 81.2869, 79.716, 72.624, 68.238, 68.9468, 84.0991, 89.983, 77.7931, 81.3789, 71.243, 84.7239, 85.325, 74.229, 78.7921, 76.2651, 75.182, 71.805, 69.6189, 64.3911, 79.2699, 80.394, 66.421, 68.3241, 86.973, 67.9719, 70.6232, 81.728, 64.5149, 66.6821, 88.5, 81.0471, 79.838, 88.0909, 75.1979, 70.292, 68.3198, 67.765, 80.3781, 83.9601, 84.156, 73.6251, 77.9159, 90.5821, 70.158, 63.4401, 83.7698, 69.01, 89.088, 85.031, 71.003, 87.6238, 86.2532, 67.8949, 82.854, 81.337, 66.767, 69.6042, 80.3478, 88.9592, 83.9388, 81.7871, 76.364, 80.3559, 73.2951, 75.5119, 87.872, 81.099, 79.6468, 90.0109, 89.366, 88.5062, 
Time to set up datastructures: 8660.44ms
71.172, 69.417, 72.3002, 75.7658, 73.4632, 73.482, 55.6359, 67.43, 69.4821, 77.5778, 72.8252, 67.9669, 69.525, 62.129, 60.25, 69.4351, 72.747, 75.0551, 72.5758, 61.161, 76.0779, 57.3728, 58.5902, 76.268, 68.3131, 60.9009, 60.9841, 68.5, 62.598, 73.8831, 68.2988, 75.0031, 65.6068, 59.3772, 70.6809, 71.3892, 58.6159, 71.099, 62.623, 61.132, 68.538, 57.296, 60.113, 75.6202, 71.7919, 68.6572, 55.3269, 74.3721, 74.034, 75.331, 77.28, 63.0178, 73.4122, 57.2319, 55.7129, 69.699, 69.0269, 77.9908, 74.542, 75.3372, 67.9178, 58.3549, 63.3399, 61.594, 74.1801, 60.343, 70.9159, 61.861, 54.811, 61.5251, 73.8788, 71.5489, 69.994, 67.76, 67.8749, 68.8722, 68.1808, 72.2332, 66.4489, 60.2589, 55.84, 57.7672, 57.405, 55.232, 69.782, 72.4421, 58.6388, 55.675, 54.3861, 55.541, 57.4439, 70.3671, 56.1039, 75.906, 77.5411, 72.9539, 71.1889, 68.459, 57.178, 60.221, 
Time to set up datastructures: 8688.22ms
61.6221, 53.0138, 50.7131, 66.6561, 61.9619, 56.576, 50.525, 51.425, 49.8672, 50.5459, 52.6311, 52.309, 50.523, 50.734, 60.9848, 70.7791, 72.2671, 65.4368, 67.3032, 62.5429, 51.832, 50.5681, 64.2769, 65.2449, 61.373, 57.498, 64.538, 51.754, 52.6409, 60.3731, 57.848, 65.3059, 68.4931, 52.094, 50.8571, 51.125, 51.249, 54.1599, 66.052, 63.694, 54.0252, 64.7819, 55.1779, 50.7882, 65.0609, 52.397, 60.1089, 62.7861, 71.2121, 52.5339, 63.8151, 52.1491, 52.52, 51.3649, 59.948, 65.9201, 67.8461, 60.7529, 65.8531, 68.1329, 58.4321, 56.803, 63.019, 51.4538, 51.5871, 61.336, 62.7608, 51.8172, 71.8479, 52.2871, 50.93, 63.669, 51.0468, 50.1602, 51.3949, 49.762, 50.499, 60.164, 64.7521, 66.6339, 65.1071, 51.5211, 62.4321, 64.955, 53.1249, 51.3091, 60.5879, 51.676, 62.1212, 61.805, 68.5658, 62.7191, 51.3129, 64.7402, 62.012, 51.8029, 62.0911, 62.572, 62.2098, 62.6588, 
Time to set up datastructures: 8674.98ms
46.797, 47.1289, 46.7701, 56.268, 55.2509, 58.7101, 48.2061, 57.1821, 59.0348, 56.9201, 47.8511, 59.1929, 56.5481, 47.0369, 60.1411, 59.274, 56.9379, 56.0091, 51.228, 64.533, 47.6379, 46.968, 57.1611, 56.0429, 58.9862, 48.0859, 46.49, 47.091, 56.603, 46.854, 48.2419, 48.5032, 46.797, 54.702, 46.936, 47.4248, 54.316, 58.8162, 54.605, 47.462, 47.509, 46.6759, 56.5221, 47.2279, 47.611, 54.6732, 49.109, 55.6629, 57.663, 49.1791, 47.636, 46.5789, 47.2178, 47.401, 46.083, 54.194, 57.776, 53.575, 56.17, 47.323, 47.9021, 55.8069, 51.0361, 54.6949, 57.445, 47.576, 58.722, 55.9201, 58.0509, 47.421, 46.6509, 47.4031, 47.241, 59.9091, 61.6519, 57.97, 57.7481, 60.7078, 58.1422, 58.6751, 61.1029, 55.9711, 56.941, 49.1099, 47.406, 54.8, 56.8449, 58.192, 58.7668, 48.0342, 60.05, 67.2679, 59.8271, 58.6431, 47.7839, 59.6991, 60.7381, 48.2841, 47.8981, 58.0649, 
Time to set up datastructures: 8661.72ms
54.822, 55.8131, 47.781, 44.6219, 44.2588, 60.3311, 54.641, 55.7859, 57.1258, 62.0222, 47.8809, 44.369, 44.0109, 53.2601, 45.3448, 50.621, 44.5139, 52.232, 54.4729, 56.716, 45.3491, 52.4299, 56.4041, 45.48, 43.7579, 50.7381, 55.465, 45.8059, 52.057, 45.0361, 43.726, 45.9621, 53.581, 44.708, 51.295, 44.1968, 43.3838, 49.0282, 44.364, 44.174, 43.3872, 53.2708, 57.276, 45.294, 54.8229, 45.1322, 50.7829, 46.3121, 43.5569, 51.8301, 44.8599, 44.1072, 46.145, 44.3709, 44.126, 52.0551, 45.1589, 44.996, 44.3611, 43.942, 43.843, 53.2219, 45.0771, 52.7511, 49.9258, 56.5438, 52.9251, 44.9109, 45.9549, 52.1162, 44.6019, 54.0512, 46.5238, 56.488, 45.059, 52.8159, 51.7819, 44.6339, 44.0509, 55.4631, 44.821, 54.4569, 45.9452, 55.784, 57.7099, 54.455, 44.806, 44.903, 52.2699, 45.7931, 46.093, 53.194, 48.2841, 49.793, 54.8949, 45.9549, 44.7781, 55.254, 44.9131, 44.373, 
Time to set up datastructures: 8691.89ms
49.715, 50.9179, 50.0751, 42.496, 42.4349, 42.84, 48.619, 55.9471, 54.518, 53.1549, 42.9361, 48.754, 53.0648, 45.1369, 49.649, 42.9549, 43.689, 42.5298, 42.757, 52.5451, 42.9771, 49.0119, 44.7731, 43.813, 42.2359, 49.0298, 43.2918, 42.2461, 50.195, 42.6571, 48.6219, 43.2272, 42.4688, 49.572, 53.6692, 54.4779, 51.5959, 42.7651, 49.166, 42.9721, 51.5878, 43.179, 42.1951, 42.4681, 51.0859, 50.266, 46.731, 42.7299, 51.7581, 46.1071, 49.5698, 47.4932, 56.123, 43.7689, 50.853, 53.5431, 51.404, 58.84, 51.2078, 43.2441, 41.883, 46.0429, 48.2101, 42.727, 51.2969, 50.2341, 44.5352, 42.3648, 46.5581, 42.629, 42.397, 46.1199, 42.9349, 54.249, 51.4371, 43.319, 46.731, 42.568, 53.8051, 54.1289, 43.4129, 47.811, 49.423, 43.401, 45.0349, 52.3269, 48.9371, 42.4941, 48.9399, 49.412, 50.683, 53.2601, 43.1969, 53.9382, 50.4279, 48.409, 42.4609, 52.3882, 49.6099, 43.292, 
Time to set up datastructures: 8657.71ms
41.7051, 48.1241, 46.725, 41.5258, 49.8161, 51.326, 41.4698, 40.653, 46.886, 40.2369, 49.8691, 40.91, 49.2771, 50.127, 46.561, 40.7438, 47.0061, 41.5771, 42.8269, 41.3971, 40.18, 46.2792, 43.0028, 41.2631, 46.7861, 41.224, 41.4259, 41.713, 40.875, 54.575, 41.796, 41.496, 46.6311, 48.563, 45.3908, 49.3991, 41.5449, 40.431, 49.607, 43.426, 48.1169, 41.4979, 50.1618, 49.4971, 42.1619, 40.5669, 42.814, 40.705, 53.2532, 50.386, 41.6059, 40.8199, 51.722, 48.945, 42.161, 52.2521, 48.3971, 41.4259, 46.247, 48.1999, 41.4362, 41.1019, 46.756, 41.1019, 49.6261, 47.2269, 49.0451, 48.9631, 53.926, 48.9728, 41.5161, 41.4469, 46.9272, 41.2538, 41.0309, 42.8829, 40.6621, 48.5799, 49.1002, 46.104, 47.163, 46.2811, 46.2921, 40.863, 50.8571, 42.861, 48.1889, 41.3301, 46.478, 53.1418, 41.3601, 48.5001, 41.6758, 48.5041, 46.5879, 41.4472, 46.361, 49.582, 41.064, 40.8781, 
Time to set up datastructures: 8652.59ms
40.354, 39.135, 41.76, 46.494, 44.847, 40.4, 47.4582, 39.8328, 46.2701, 47.744, 45.115, 45.073, 39.5129, 39.0151, 40.416, 43.354, 39.3109, 46.489, 47.637, 50.9331, 46.4799, 39.6399, 39.4561, 40.179, 40.1161, 39.2311, 39.289, 39.6378, 39.4812, 43.6459, 41.9571, 40.988, 39.1679, 40.911, 39.289, 41.0941, 41.815, 39.7489, 39.3159, 44.1201, 39.4759, 45.1481, 40.462, 39.5598, 52.3932, 47.4439, 45.208, 40.024, 39.319, 44.934, 50.509, 47.3731, 46.783, 48.1968, 40.1351, 39.762, 39.3701, 47.1158, 41.507, 39.192, 40.1669, 42.2292, 45.651, 45.676, 41.4829, 39.4142, 39.634, 46.3119, 39.814, 46.8042, 39.7348, 45.82, 39.6101, 49.2549, 46.4332, 45.2578, 40.0441, 39.4871, 46.6959, 50.843, 45.0349, 40.2901, 39.9599, 39.531, 47.0569, 44.8589, 51.9531, 45.583, 39.824, 39.87, 50.2751, 45.7988, 40.0372, 39.5949, 39.3381, 47.03, 46.2561, 39.902, 39.3801, 44.6899, 
Time to set up datastructures: 8677.33ms
42.2411, 40.977, 43.7069, 45.311, 44.27, 44.9231, 40.0469, 38.501, 38.234, 39.0551, 38.9221, 44.1389, 38.8961, 43.5569, 38.816, 39.9899, 44.0271, 43.417, 41.0311, 39.021, 38.656, 44.6169, 43.164, 39.278, 38.903, 47.1649, 42.8691, 43.7691, 38.703, 40.6311, 45.6939, 45.9888, 43.946, 38.5661, 39.5589, 39.119, 45.0311, 44.3311, 44.0869, 43.3869, 38.1691, 45.754, 42.9559, 45.2681, 46.2601, 39.6419, 38.7731, 42.906, 45.3789, 44.261, 46.7892, 39.695, 44.7309, 38.332, 43.576, 39.0069, 38.6102, 45.8729, 41.2641, 44.9078, 44.5242, 44.3139, 41.846, 44.003, 43.901, 40.822, 40.5309, 39.2709, 43.2451, 39.469, 42.855, 40.1571, 43.7579, 44.7371, 39.959, 46.6039, 39.0911, 44.548, 40.8609, 43.3381, 43.431, 50.0309, 40.6401, 38.6999, 45.8519, 46.4401, 43.6869, 44.5352, 44.9328, 44.98, 39.3362, 38.7888, 38.81, 41.296, 45.3351, 38.482, 38.815, 43.8349, 43.997, 40.5951, 
Time to set up datastructures: 8666.25ms
42.2881, 42.6369, 39.6931, 44.148, 40.9629, 43.0121, 38.058, 37.4839, 42.388, 42.8832, 44.028, 41.193, 42.98, 43.977, 43.3359, 41.748, 41.847, 39.161, 40.626, 37.6182, 40.586, 43.3409, 39, 37.637, 37.684, 37.5159, 39.0401, 40.7231, 37.575, 43.4949, 40.7071, 37.4758, 40.5922, 42.979, 39.4819, 40.1671, 43.56, 44.5361, 38.4419, 37.3821, 40.0848, 42.537, 44.683, 43.1821, 42.295, 42.1331, 41.0058, 40.9441, 43.072, 37.4269, 39.216, 43.381, 37.8139, 38.465, 41.8439, 46.052, 42.737, 40.8471, 43.088, 41.486, 43.618, 37.8041, 42.4778, 37.647, 43.457, 46.2852, 39.8779, 42.279, 39.4258, 37.9591, 39.032, 40.6189, 46.823, 47.2531, 37.7209, 39.001, 37.4951, 41.8019, 44.9951, 37.185, 37.528, 46.2911, 40.518, 43.191, 45.0408, 37.5812, 41.8849, 40.585, 43.1359, 43.5672, 41.5609, 37.5659, 42.6722, 38.074, 37.581, 42.9821, 43.786, 44.431, 45.5959, 37.9791, 
Time to set up datastructures: 8695.84ms
43.0222, 37.08, 40.1709, 37.8461, 44.6229, 41.939, 38.8501, 38.749, 41.368, 39.1099, 39.315, 42.773, 42.933, 40.992, 42.8259, 42.748, 43.8318, 42.413, 43.2341, 45.7389, 42.5742, 40.9551, 39.7508, 37.7529, 41.7511, 43.1619, 41.5881, 37.3049, 41.646, 41.3928, 41.158, 42.3319, 40.06, 42.002, 43.6871, 41.2579, 38.717, 36.8941, 37.4122, 40.6621, 38.3558, 41.091, 37.7939, 39.0761, 41.6291, 41.3389, 42.4969, 38.1272, 41.3659, 44.26, 43.5901, 39.865, 45.0912, 41.569, 38.8598, 37.4091, 37.0841, 40.1518, 41.167, 40.966, 37.3681, 43.4711, 38.727, 45.0759, 41.0061, 45.7261, 40.6778, 42.516, 41.096, 37.2031, 40.7979, 38.4791, 39.243, 42.938, 41.096, 40.9119, 41.2052, 40.802, 40.1709, 41.559, 41.4929, 42.824, 40.488, 41.0571, 37.2519, 42.882, 42.968, 38.2471, 41.713, 42.917, 42.5389, 46.2081, 38.5051, 37.2429, 36.849, 41.9869, 40.9632, 40.9861, 37.7719, 38.533, 
Running Threadpool implementation with double the amount of partitions than threads
Time to set up datastructures: 8821.21ms
120.08, 120.671, 119.779, 120.342, 123.687, 120.192, 120.471, 120.584, 119.799, 120.139, 120.12, 120.275, 120.412, 120.006, 120.314, 120.086, 120.286, 119.829, 120.019, 120.185, 120.099, 120.157, 119.961, 120.648, 120.392, 120.349, 120.615, 119.789, 120.458, 120.348, 119.996, 120.343, 120.297, 120.231, 120.555, 120.054, 126.742, 120.259, 119.935, 120.453, 120.203, 120.422, 119.85, 120.034, 120.018, 120.187, 119.955, 120.194, 120.329, 120.222, 120.006, 119.991, 120.119, 120.136, 120.034, 120.123, 120.088, 120.382, 120.169, 120.094, 120.655, 120.139, 120.304, 119.89, 120.273, 120.472, 120.448, 120.727, 120.235, 120.203, 119.842, 120.117, 120.076, 120.518, 120.257, 119.908, 120.053, 119.938, 120.071, 120.087, 119.997, 120.302, 119.91, 120.419, 120.235, 120.082, 119.959, 120.141, 119.763, 120.324, 120.049, 120.183, 119.994, 120.354, 120.075, 120.094, 120.012, 120.27, 119.875, 120.219, 
Time to set up datastructures: 8817.24ms
89.0841, 89.8349, 87.4929, 88.006, 88.6769, 88.465, 88.8491, 88.8281, 89.7629, 88.079, 89.0181, 88.9819, 89.391, 90.471, 89.6652, 88.428, 89.1669, 89.9241, 89.134, 86.8981, 89.601, 89.0119, 89.6101, 89.3359, 87.9791, 90.219, 88.398, 88.7291, 89.324, 89.8211, 88.877, 86.756, 89.8321, 88.9559, 89.8268, 88.753, 89.1862, 89.6528, 89.087, 86.756, 89.854, 88.5451, 90.4989, 87.8699, 89.3331, 89.7591, 88.6068, 88.8491, 89.0031, 89.689, 88.9521, 89.0989, 89.0241, 89.633, 89.4029, 88.28, 89.628, 89.5431, 89.1709, 89.294, 88.3842, 89.1769, 89.6749, 89.309, 86.55, 89.4401, 88.7589, 89.5851, 89.6368, 88.0511, 90.1721, 89.1781, 89.772, 89.776, 88.464, 87.714, 88.845, 86.617, 89.5069, 88.8979, 89.6561, 87.8029, 89.6661, 89.916, 89.2639, 88.9931, 87.7621, 89.736, 88.4349, 89.6182, 89.592, 89.3109, 89.983, 88.376, 88.5921, 88.995, 89.097, 89.339, 88.6362, 87.692, 
Time to set up datastructures: 8813.51ms
69.0901, 69.0761, 68.774, 68.469, 69.1359, 68.578, 70.158, 71.4159, 68.9621, 69.4699, 69.3161, 71.104, 68.9869, 68.8431, 68.017, 67.9131, 70.04, 68.388, 69.243, 69.659, 69.7761, 68.6002, 69.382, 68.7909, 69.0701, 70.096, 69.2501, 68.4929, 68.944, 68.0869, 69.3052, 70.1509, 70.143, 69.6411, 68.63, 72.9451, 69.6678, 68.6798, 69.973, 68.1689, 70.189, 68.9452, 68.9478, 69.5832, 69.3209, 69.53, 68.6579, 68.9251, 69.4768, 70.94, 68.1891, 68.7659, 68.4321, 70.883, 69.0551, 69.263, 68.5308, 68.97, 68.3439, 69.6721, 68.7089, 69.0532, 68.4099, 68.9151, 70.2231, 68.505, 69.34, 68.6028, 69.2492, 70.2369, 69.3529, 68.511, 68.8431, 68.6629, 69.2301, 68.3761, 69.0351, 68.208, 68.073, 69.695, 70.189, 69.597, 68.676, 69.006, 68.3382, 69.736, 69.993, 68.7859, 69.1962, 68.747, 69.2439, 69.412, 69.6549, 68.5952, 69.3381, 68.4168, 69.6778, 68.512, 69.531, 68.5871, 
Time to set up datastructures: 8806.68ms
60.143, 57.375, 58.475, 59.4401, 58.028, 57.533, 57.5809, 57.585, 57.8959, 57.3971, 57.9989, 58.3582, 57.4479, 57.9779, 57.883, 58.1, 56.771, 57.153, 57.9932, 57.9998, 59.293, 58.5229, 57.8439, 57.6351, 57.5192, 57.8618, 57.3919, 58.4259, 57.312, 57.4739, 57.364, 57.3971, 58.6479, 58.0571, 57.7919, 59.015, 57.7941, 58.3808, 57.4689, 57.9209, 57.4231, 57.622, 58.996, 58.0301, 58.3289, 57.6892, 57.019, 57.42, 57.9948, 57.5471, 57.61, 58.2271, 56.524, 58.7931, 57.7738, 58.1081, 57.2729, 58.3968, 57.9412, 57.3618, 57.6441, 58.8739, 57.847, 57.9381, 57.6661, 57.44, 58.4059, 57.4291, 57.8849, 57.3201, 59.01, 58.017, 57.6749, 57.0312, 57.4749, 57.2331, 57.5671, 57.6348, 56.4811, 57.251, 57.899, 58.98, 57.864, 58.0149, 57.256, 57.7562, 57.4529, 57.864, 58.789, 57.991, 57.864, 57.6181, 57.364, 57.8809, 57.415, 58.2259, 57.874, 57.5402, 57.544, 57.725, 
Time to set up datastructures: 8801.4ms
51.178, 50.807, 50.637, 50.725, 50.3359, 50.6132, 50.8521, 50.91, 50.8339, 51.008, 50.5359, 50.39, 50.7619, 50.3001, 50.8459, 50.7231, 50.9009, 50.6802, 50.7488, 50.1521, 50.6861, 51.4169, 50.771, 50.6361, 51.053, 50.8099, 50.7112, 50.833, 50.8869, 50.7512, 51.0228, 50.441, 50.6711, 50.38, 50.8389, 51.2562, 50.4498, 50.5989, 50.4851, 50.693, 50.1888, 50.4651, 50.1001, 51.0819, 50.7221, 50.4699, 52.1591, 51.224, 51.6231, 50.555, 50.4971, 52.1829, 50.54, 53.1511, 50.9229, 50.724, 50.478, 50.4692, 51.059, 50.494, 51.007, 51.266, 51.234, 50.575, 52.238, 50.4501, 50.0078, 51.6162, 51.877, 51.1329, 50.982, 50.5121, 52.4938, 50.1132, 51.7418, 51.224, 50.6442, 50.988, 50.7879, 51.6822, 50.8108, 50.7841, 51.0859, 50.714, 50.657, 51.2059, 50.2942, 50.859, 49.942, 50.8859, 50.5512, 51.2798, 51.0752, 50.951, 52.2709, 55.2061, 50.7131, 50.5381, 50.7729, 51.6291, 
Time to set up datastructures: 8801.58ms
47.4439, 47.406, 56.267, 48.0411, 47.08, 47.339, 46.7119, 47.5421, 48.054, 46.771, 46.742, 46.7281, 47.19, 47.482, 47.214, 46.7429, 46.7091, 46.84, 46.613, 47.07, 47.2879, 47.848, 46.6909, 47.1079, 46.6189, 47.235, 47.2438, 49.309, 47.7841, 47.4091, 47.2291, 46.8159, 46.7591, 46.803, 46.7579, 46.7491, 46.7429, 46.7451, 46.6979, 46.7601, 47.1139, 46.6921, 46.689, 46.7401, 46.8628, 46.7451, 46.684, 46.5939, 46.7181, 46.685, 46.778, 46.7081, 46.665, 46.6571, 46.6721, 47.0479, 46.721, 46.5751, 47.03, 46.629, 47.138, 47.1902, 47.5378, 47.574, 47.2901, 47.38, 46.8929, 46.9019, 46.706, 46.71, 46.7911, 47.226, 46.8891, 46.5829, 46.7572, 46.706, 46.725, 46.8628, 46.7851, 46.7641, 46.7758, 46.7141, 46.6812, 46.7958, 46.876, 46.7458, 47.25, 47.5731, 47.739, 46.695, 46.649, 49.829, 47.5061, 46.9489, 46.6821, 47.1749, 47.1931, 47.363, 47.514, 47.142, 
Time to set up datastructures: 8804.2ms
44.4069, 44.2562, 44.3799, 44.3251, 44.3618, 44.3549, 44.25, 44.2629, 44.3678, 44.342, 44.306, 44.354, 44.1759, 44.297, 44.3251, 44.3871, 44.389, 44.3969, 44.0631, 44.1, 44.086, 44.2569, 44.1301, 44.172, 44.8511, 44.1239, 44.2591, 44.179, 44.317, 44.394, 44.117, 44.23, 44.245, 44.2929, 44.312, 44.261, 44.1561, 44.2321, 44.2338, 44.157, 44.153, 44.2288, 44.2071, 44.281, 44.291, 44.132, 44.307, 44.241, 44.2622, 44.1608, 44.2362, 44.245, 44.3649, 44.8442, 44.749, 49.021, 44.8558, 44.5771, 44.4541, 44.5731, 44.652, 44.7769, 44.5559, 44.6022, 44.4989, 44.6999, 44.596, 44.4539, 44.589, 44.6091, 44.6291, 44.446, 44.589, 44.7168, 44.6661, 44.6761, 44.3451, 44.6351, 44.6949, 45.963, 44.6401, 44.616, 44.7829, 44.6529, 44.5702, 44.6448, 44.6451, 44.4911, 44.5249, 44.553, 46.1471, 44.4059, 44.558, 44.642, 44.709, 44.7192, 44.6138, 44.5762, 44.4958, 44.718, 
Time to set up datastructures: 8787.81ms
42.866, 42.8431, 42.9468, 42.943, 42.8262, 43.0169, 45.5461, 42.9571, 42.8238, 43.1001, 42.9201, 42.932, 43.0129, 43.273, 42.901, 43.0028, 47.585, 43.2658, 42.773, 42.876, 43.031, 42.9611, 42.9139, 42.613, 42.7899, 42.9509, 42.7821, 42.659, 42.639, 42.721, 42.835, 42.7752, 42.9289, 42.6979, 42.805, 42.913, 42.7392, 42.6891, 42.836, 42.7969, 42.901, 42.825, 46.109, 42.9752, 42.82, 42.8109, 42.917, 42.8178, 42.8591, 42.8581, 42.9449, 42.491, 42.737, 43.1011, 42.7399, 42.731, 42.757, 43.087, 42.9351, 42.7439, 42.7639, 42.8479, 43.118, 43.083, 43.119, 42.5601, 42.6459, 42.5589, 42.7432, 42.6478, 42.4721, 42.711, 42.7799, 42.829, 42.804, 42.8929, 42.8011, 42.8219, 42.805, 42.8839, 42.906, 42.969, 43.01, 42.7122, 42.779, 43.0031, 42.989, 42.9339, 42.978, 43.0789, 42.969, 42.98, 42.8212, 42.9039, 42.7232, 42.805, 42.8519, 42.619, 42.6621, 42.6629, 
Time to set up datastructures: 8792.45ms
41.1601, 41.44, 41.4219, 41.4491, 41.199, 41.4081, 41.0759, 41.193, 41.0831, 41.1119, 41.1201, 41.2071, 41.399, 41.178, 41.3539, 41.2521, 41.1139, 41.2879, 41.0559, 41.2621, 41.223, 41.3389, 41.317, 41.2722, 41.2369, 41.342, 41.404, 41.4011, 41.255, 43.7541, 41.4009, 40.997, 41.1839, 41.2741, 41.1451, 41.328, 41.4901, 41.189, 41.0991, 41.4231, 41.1639, 41.322, 41.28, 41.2509, 41.3461, 41.1539, 41.322, 41.0461, 41.013, 41.26, 40.947, 41.3599, 41.2822, 41.275, 41.038, 41.224, 41.182, 41.06, 40.9908, 41.085, 41.3072, 41.2209, 41.208, 41.091, 41.0328, 41.0409, 40.9591, 41.1479, 41.126, 41.2529, 41.177, 40.9682, 41.147, 41.183, 41.265, 41.235, 41.142, 41.1351, 41.0709, 41.115, 40.9541, 41.0619, 41.1272, 41.2338, 41.2471, 41.1441, 41.29, 41.2529, 41.188, 41.2681, 40.946, 41.2409, 40.977, 41.2922, 41.3508, 41.141, 41.147, 41.2009, 41.363, 41.095, 
Time to set up datastructures: 8778.06ms
39.9299, 40.1182, 40.2899, 40.1721, 40.3109, 40.1201, 40.112, 40.097, 40.1258, 40.2341, 40.2501, 40.235, 40.046, 40.18, 40.184, 42.202, 40.0209, 40.0152, 39.9928, 39.8021, 40.1452, 40.103, 40.086, 40.061, 40.0879, 40.153, 40.0541, 40.1599, 40.03, 40.1981, 40.1771, 40.154, 40.0319, 39.8512, 39.9749, 40.112, 39.9959, 40.19, 40.0739, 39.9308, 40.0782, 40.1299, 40.2241, 40.1239, 40.024, 40.118, 40.1709, 40.06, 40.236, 39.9339, 40.1239, 39.916, 39.9261, 39.875, 39.957, 40.0522, 39.953, 41.9378, 39.7952, 39.989, 39.824, 40.112, 39.891, 39.912, 39.788, 39.6681, 39.9649, 40.103, 40.801, 40.036, 39.9601, 40.0238, 39.804, 39.9029, 40.158, 40.1011, 40.1289, 40.18, 40.0908, 40.107, 40.01, 40.112, 40.0858, 40.1111, 40.0121, 39.8481, 39.9339, 39.999, 39.9671, 40.133, 40.132, 40.2441, 40.036, 40.0879, 40.0131, 40.1709, 40.0672, 40.035, 39.9399, 40.1499, 
Time to set up datastructures: 8823.84ms
39.058, 39.027, 39.031, 39.114, 39.0379, 39.0031, 39.0549, 39.0329, 39.0232, 39.13, 38.9299, 38.8741, 38.913, 38.9678, 38.888, 38.8489, 38.9521, 39.026, 39.221, 39.2029, 38.8761, 38.9271, 39.1848, 38.9562, 38.98, 38.856, 38.955, 38.8749, 38.9481, 38.9371, 39.0151, 39.12, 38.9109, 38.9111, 39.201, 38.995, 39.036, 38.8081, 38.9569, 38.944, 38.904, 38.974, 39.0851, 39.093, 38.9218, 38.944, 39.0029, 38.878, 38.9738, 38.9872, 38.831, 39.0041, 38.851, 39.048, 38.9369, 39.047, 38.9261, 38.8489, 38.9421, 38.816, 38.9011, 38.9349, 38.867, 38.9431, 39.0201, 38.8148, 39.4192, 38.975, 39.1059, 39.201, 39.144, 38.918, 38.8761, 39.1161, 39.1939, 39.161, 38.815, 39.1371, 38.965, 38.9249, 38.8272, 38.871, 38.904, 38.9979, 38.919, 39.1562, 39.4659, 39.2239, 38.908, 39.115, 38.857, 38.903, 38.8529, 38.918, 38.9001, 38.9318, 38.975, 38.9621, 38.945, 38.918, 
Time to set up datastructures: 8811.14ms
37.992, 38.0049, 38.233, 38.0149, 37.7941, 37.9369, 38.0261, 38.0359, 37.972, 37.986, 38.0499, 37.883, 37.961, 37.9062, 40.1099, 38.0042, 37.9338, 37.904, 37.8962, 37.9031, 37.8919, 37.9121, 37.9169, 38.2152, 37.7908, 37.8592, 38.151, 37.9009, 37.8911, 37.868, 37.818, 37.956, 38.0089, 37.8671, 37.894, 37.818, 37.9541, 37.806, 37.874, 37.8141, 37.982, 37.9829, 38.1241, 38.0759, 37.8392, 37.852, 38.2359, 38.116, 38.0878, 38.208, 38.131, 38.1901, 38.09, 38.0991, 38.0969, 38.311, 38.1572, 38.1289, 38.2559, 38.0778, 38.1439, 38.125, 38.2531, 37.797, 37.796, 37.868, 37.8759, 38.4281, 38.209, 38.1422, 38.0609, 38.1379, 38.1169, 38.064, 38.0011, 37.8001, 37.9, 37.801, 37.895, 37.8509, 37.864, 38.126, 38.1069, 38.043, 38.2259, 38.0392, 38.0189, 38.023, 38.1491, 38.1, 38.1529, 38.1241, 38.0878, 37.8251, 38.24, 37.8702, 37.895, 37.801, 37.8561, 37.812, 
Time to set up datastructures: 8779.17ms
37.787, 37.7581, 37.6999, 37.6761, 37.725, 37.6439, 37.648, 37.6899, 37.7162, 37.8139, 37.744, 37.72, 37.585, 37.6949, 37.7162, 37.5719, 37.714, 37.704, 37.6389, 37.679, 37.708, 37.662, 37.7121, 37.766, 37.6351, 37.5409, 37.7741, 37.3931, 37.673, 37.4749, 37.724, 37.72, 37.724, 37.745, 37.6232, 37.4939, 37.787, 37.5638, 37.7822, 37.632, 37.631, 37.6019, 37.75, 37.6551, 37.6408, 37.7631, 37.6551, 37.7278, 37.76, 37.7328, 37.7669, 37.652, 37.8089, 37.4691, 37.621, 39.572, 42.5789, 37.7381, 37.4949, 37.4911, 37.601, 37.564, 37.6539, 37.6081, 37.5221, 37.7419, 37.5991, 37.5841, 37.637, 37.6461, 37.565, 37.39, 37.432, 37.3731, 37.497, 37.5409, 37.4219, 37.4939, 37.6041, 37.5619, 37.59, 37.9221, 37.8449, 37.7371, 37.5869, 37.617, 37.6258, 37.668, 38.2268, 37.6179, 37.57, 37.5891, 37.5319, 37.5409, 37.6, 37.734, 37.4019, 37.533, 37.5021, 37.6689, 
Running CRSMerge implementation
Time to set up datastructures: 12429.4ms
105.845, 105.724, 105.493, 105.597, 105.421, 105.488, 105.391, 105.428, 105.662, 105.648, 105.545, 105.765, 105.452, 105.565, 105.555, 105.551, 105.792, 105.456, 105.515, 105.809, 105.508, 105.585, 105.433, 105.32, 105.49, 105.428, 105.465, 105.46, 105.498, 105.579, 105.562, 105.545, 105.57, 105.637, 105.505, 105.59, 105.493, 105.561, 105.545, 105.877, 105.544, 105.464, 105.611, 105.451, 105.547, 105.578, 105.419, 105.551, 105.513, 105.656, 105.371, 105.596, 105.581, 105.561, 105.666, 105.525, 105.438, 105.683, 105.432, 105.512, 105.717, 105.488, 105.478, 105.533, 105.42, 105.535, 105.52, 105.48, 105.68, 105.448, 105.663, 105.424, 105.512, 105.421, 105.376, 105.524, 105.543, 105.545, 105.531, 105.561, 105.405, 105.514, 105.547, 105.417, 105.518, 105.506, 105.433, 105.674, 105.319, 105.408, 105.798, 105.615, 105.866, 105.314, 105.54, 105.584, 105.701, 105.51, 105.43, 105.324, 
Time to set up datastructures: 10002.6ms
75.7999, 76.0319, 76.072, 76.426, 76.1321, 75.9299, 75.906, 75.8581, 75.9239, 75.9711, 76.2169, 75.9649, 75.891, 75.8679, 75.8631, 75.906, 75.784, 75.7639, 75.7451, 75.793, 75.937, 75.825, 75.716, 75.989, 76.0319, 75.7689, 75.8672, 75.7558, 75.9561, 75.789, 75.7811, 75.84, 75.8169, 75.8281, 75.8221, 75.7558, 76.2222, 75.8159, 75.834, 75.839, 75.876, 75.727, 75.8979, 75.9079, 75.846, 75.83, 75.8049, 75.8631, 75.9339, 75.974, 76.221, 75.789, 75.7892, 75.7589, 76.025, 76.1189, 77.5461, 75.985, 76.2999, 75.9251, 75.963, 75.922, 75.8669, 76.1809, 75.9251, 75.9969, 75.959, 75.819, 75.788, 75.738, 75.815, 75.808, 75.753, 75.722, 75.824, 75.8669, 76.0701, 75.8271, 75.974, 75.9048, 75.7761, 76.052, 75.9621, 75.7608, 75.835, 75.7999, 75.753, 75.8941, 75.774, 76.1709, 75.8901, 75.8369, 75.8102, 75.774, 75.794, 75.753, 75.7668, 75.8879, 75.876, 75.8591, 
Time to set up datastructures: 14074.2ms
60.2992, 60.3628, 60.3292, 60.2648, 60.3471, 60.2789, 60.3471, 60.2541, 60.281, 60.1249, 60.3158, 60.3261, 60.364, 60.2479, 60.178, 60.292, 60.2641, 60.2639, 60.2031, 60.245, 60.2639, 60.225, 60.2179, 60.251, 60.2632, 60.1709, 60.241, 60.2059, 60.1799, 60.1749, 60.2531, 60.3371, 60.2908, 60.1771, 60.225, 60.2911, 60.2009, 60.1871, 60.1699, 60.2369, 60.256, 60.257, 60.277, 60.2551, 60.2379, 60.1869, 60.246, 60.2052, 60.1678, 60.1642, 60.174, 60.1981, 60.2238, 60.2431, 60.267, 60.25, 60.2481, 60.2949, 60.2121, 60.25, 60.2369, 60.173, 60.225, 60.225, 60.231, 60.205, 60.1909, 60.168, 60.1189, 60.2632, 60.2751, 60.1778, 60.0941, 60.2729, 60.2391, 60.2551, 60.1649, 60.1439, 60.1141, 60.2388, 60.1881, 60.133, 60.205, 60.1702, 60.0739, 60.163, 60.2782, 60.3349, 60.3759, 60.1981, 60.317, 60.2779, 60.183, 60.3161, 60.3559, 60.199, 60.5428, 60.7262, 60.4179, 60.195, 
Time to set up datastructures: 13587.5ms
50.9861, 50.914, 50.9319, 51.0261, 51.053, 51.0368, 51.013, 51.023, 51.024, 50.997, 50.9949, 51.203, 51.059, 50.9441, 50.9219, 50.8869, 50.925, 50.8752, 50.946, 50.931, 50.961, 51.0111, 50.8881, 50.9708, 50.9491, 50.91, 50.976, 50.9231, 50.9119, 50.89, 50.931, 50.981, 50.9591, 50.8881, 50.9188, 50.89, 51.0509, 50.9491, 50.8459, 50.8971, 50.8869, 50.899, 50.925, 50.885, 50.9641, 51.1229, 50.9212, 50.8559, 50.936, 50.998, 50.9012, 50.941, 50.9219, 50.842, 50.837, 50.8361, 50.947, 50.92, 50.9081, 50.9188, 50.9071, 50.9639, 51.0139, 51.0099, 51.0039, 50.9632, 50.8909, 50.941, 50.9071, 50.997, 50.972, 50.9319, 50.936, 50.844, 50.9269, 50.8959, 50.9639, 50.9231, 50.925, 50.93, 50.9479, 50.8561, 50.914, 50.9279, 50.935, 50.8749, 50.8711, 50.889, 50.916, 51.0411, 51.0108, 50.957, 50.9121, 50.9629, 50.9741, 50.848, 50.869, 50.8449, 50.889, 50.9372, 
Time to set up datastructures: 13999.2ms
44.9591, 44.9979, 44.975, 44.9929, 44.884, 44.908, 44.8771, 44.9059, 44.898, 44.9531, 44.909, 44.9879, 45.218, 45.1221, 44.9779, 44.92, 44.8692, 44.9529, 44.889, 44.915, 44.837, 45.0201, 45.0971, 44.904, 44.908, 44.872, 44.924, 44.8349, 44.9061, 44.9319, 44.9491, 44.821, 44.8611, 44.8029, 44.8241, 44.8759, 44.8451, 44.945, 44.8241, 44.8461, 44.878, 44.879, 44.8558, 44.8411, 46.03, 44.991, 44.8849, 44.8899, 44.7812, 44.915, 44.9541, 44.858, 44.8899, 44.9319, 44.899, 44.8649, 44.8961, 44.934, 44.894, 44.9541, 44.8499, 44.8339, 44.852, 44.836, 44.842, 44.8551, 44.8909, 44.908, 44.7881, 44.826, 44.8599, 44.8411, 44.9691, 44.94, 44.8821, 44.908, 44.9231, 44.807, 44.9641, 44.8308, 44.8868, 44.781, 44.852, 44.842, 44.8549, 44.852, 44.8961, 44.8351, 44.8668, 44.852, 44.848, 44.8918, 44.7791, 44.807, 44.8692, 44.848, 44.842, 44.909, 44.8699, 44.8711, 
Time to set up datastructures: 14828.9ms
41.574, 41.528, 41.6191, 41.497, 41.533, 41.492, 41.5611, 41.5199, 41.4732, 41.4789, 41.4271, 41.4519, 41.491, 41.3821, 41.4279, 41.4162, 41.3339, 41.4381, 41.4929, 41.399, 41.512, 41.476, 41.456, 41.434, 41.419, 41.4259, 41.4171, 41.4228, 41.4679, 41.435, 41.405, 41.461, 41.5812, 41.4789, 41.4751, 41.4941, 41.472, 41.5239, 41.5361, 41.5049, 41.4371, 41.518, 41.523, 41.4331, 41.4751, 41.4639, 41.4579, 41.4081, 41.4579, 41.4531, 41.429, 41.4741, 41.5158, 41.46, 41.3771, 41.4329, 41.445, 41.4119, 41.4209, 41.4169, 41.3489, 41.4391, 41.414, 41.357, 41.3969, 41.455, 41.4522, 41.5838, 41.4691, 41.46, 41.4441, 41.4259, 41.5111, 41.4741, 41.4109, 41.5161, 41.4059, 41.5001, 41.446, 41.482, 41.4751, 41.3821, 41.364, 41.4829, 41.4798, 41.4522, 41.487, 41.4538, 41.5001, 41.4679, 41.5521, 41.5862, 41.4379, 41.5502, 41.558, 41.471, 41.405, 41.471, 41.44, 41.4469, 
Time to set up datastructures: 14675.3ms
39.0751, 39.0639, 39.1409, 39.0451, 38.9919, 39.0661, 39.0151, 39.1791, 39.041, 39.068, 39.063, 39.1099, 39.021, 39.046, 39, 39.0441, 39.083, 38.9879, 38.9171, 38.9731, 39.0399, 38.9602, 39.0389, 38.9891, 39.031, 38.9459, 38.945, 39.0251, 38.985, 38.9721, 38.9879, 38.954, 39.0129, 38.96, 38.9311, 38.9969, 38.974, 39.108, 38.9509, 39.046, 39.238, 39.3281, 39.0139, 38.9919, 39.0201, 38.981, 40.055, 39.5341, 39.042, 39.0179, 39.0241, 39.0091, 38.9869, 38.965, 39.0971, 38.9369, 38.9581, 39.0279, 38.975, 38.9881, 38.9171, 38.9569, 38.9512, 39.0289, 38.9409, 38.981, 38.9409, 39.01, 38.98, 38.9931, 38.9819, 39.0441, 39.0549, 39.021, 39.0279, 38.9631, 39.012, 38.9552, 38.9879, 38.9171, 38.923, 38.9068, 38.944, 38.9628, 38.9521, 39.0251, 38.8839, 38.8629, 39, 39.1421, 38.976, 38.934, 39.01, 38.9719, 38.9922, 38.955, 38.928, 38.949, 38.944, 38.897, 
Time to set up datastructures: 14741.8ms
37.358, 37.3678, 37.4281, 37.3359, 37.3051, 37.3139, 37.3371, 37.2541, 37.2829, 37.303, 37.25, 37.2319, 37.261, 37.2672, 37.293, 37.2369, 37.1771, 37.2391, 37.339, 37.271, 37.282, 37.2491, 37.2028, 37.256, 37.209, 37.225, 37.1821, 37.1161, 37.1959, 37.2531, 37.277, 37.1599, 37.215, 37.3471, 37.214, 37.148, 37.2891, 37.2839, 37.209, 37.2601, 37.1749, 37.2281, 37.185, 37.2241, 37.2181, 37.1988, 37.1861, 37.163, 37.2632, 37.164, 37.25, 37.1439, 37.1969, 37.1721, 37.219, 37.24, 37.164, 37.169, 37.178, 37.1919, 37.231, 37.235, 37.261, 37.2109, 37.127, 37.1041, 37.209, 37.2269, 37.184, 37.178, 37.2641, 37.3318, 37.1549, 37.245, 37.1799, 37.1561, 37.2019, 37.1201, 37.215, 37.1981, 37.2241, 37.2469, 37.1821, 37.143, 37.291, 37.158, 37.2598, 37.2958, 37.1459, 37.219, 37.235, 37.255, 37.1821, 37.209, 37.293, 37.2241, 37.3518, 37.3721, 37.4279, 38.6212, 
Time to set up datastructures: 14243.2ms
36.006, 35.9569, 35.9421, 35.99, 36.063, 35.9991, 35.9449, 35.9681, 36, 35.924, 35.995, 35.857, 35.8801, 35.9161, 35.902, 35.893, 35.8891, 35.9459, 35.871, 35.8109, 35.938, 35.8591, 35.912, 35.969, 35.862, 35.9209, 35.9011, 35.8379, 36.4461, 35.938, 35.8369, 35.8491, 35.871, 35.9058, 35.8949, 35.9271, 35.886, 35.8269, 35.8009, 35.9011, 35.913, 35.841, 35.871, 35.821, 35.898, 35.8582, 35.821, 35.9049, 35.8891, 35.8379, 35.913, 35.846, 35.816, 35.8849, 35.784, 35.872, 35.8751, 35.9089, 35.795, 35.8272, 35.8379, 35.9001, 35.9159, 35.917, 35.8331, 35.8109, 35.8322, 35.8498, 35.8238, 35.82, 35.8791, 35.805, 35.8031, 35.9209, 35.8779, 35.7981, 35.8391, 35.84, 35.8701, 35.949, 35.903, 35.928, 35.8701, 35.8729, 35.872, 35.821, 35.8429, 35.8932, 35.81, 35.7521, 35.799, 35.7988, 35.8582, 35.8589, 35.8398, 35.8582, 35.872, 35.83, 35.8279, 35.8131, 
Time to set up datastructures: 14362ms
35.238, 35.229, 35.218, 35.2349, 35.289, 35.311, 35.2411, 35.1739, 35.14, 35.264, 35.2001, 35.156, 35.1629, 35.1629, 35.1961, 35.392, 35.409, 35.224, 35.2211, 35.1861, 35.1448, 35.1679, 35.485, 35.1241, 35.2678, 35.2259, 35.203, 35.111, 35.1069, 35.1841, 35.1999, 35.2261, 35.197, 35.1889, 35.2292, 35.1398, 35.1949, 35.193, 35.2349, 35.181, 35.121, 35.161, 35.1069, 35.2039, 35.0831, 35.1341, 35.1548, 35.0831, 35.1281, 35.1419, 35.145, 35.12, 35.1191, 35.213, 35.1291, 35.2111, 35.079, 35.095, 35.0981, 35.0978, 35.1572, 35.177, 35.192, 35.131, 35.146, 35.1751, 35.2108, 35.0971, 35.125, 35.166, 35.0449, 35.2042, 35.27, 35.429, 35.2211, 35.1889, 35.1939, 35.182, 35.3098, 35.2361, 35.337, 35.3191, 35.0361, 35.145, 35.1279, 35.1541, 35.114, 35.08, 35.1391, 35.1589, 35.13, 35.1691, 35.1388, 35.145, 35.207, 35.1601, 35.1238, 35.0761, 35.0769, 35.2881, 
Time to set up datastructures: 14399.4ms
34.8399, 34.879, 34.9, 34.925, 34.899, 34.867, 34.878, 34.8549, 34.8101, 34.7571, 34.8699, 34.8032, 34.9069, 34.863, 34.9121, 34.771, 34.853, 34.8661, 34.8811, 34.801, 34.8001, 34.7779, 34.729, 34.7929, 34.878, 34.857, 34.863, 34.868, 34.8151, 34.821, 34.8401, 34.8339, 34.8551, 34.8451, 34.807, 34.8098, 34.7521, 34.837, 34.7841, 34.7309, 34.8051, 34.8239, 34.74, 34.795, 34.8091, 34.754, 34.8239, 34.8001, 34.8539, 34.8022, 34.8339, 34.812, 34.832, 34.852, 34.7822, 34.7929, 34.761, 34.853, 34.833, 34.786, 34.7929, 34.8501, 34.79, 34.8208, 34.9081, 34.8692, 34.7829, 34.663, 35.0392, 35.1069, 34.8251, 34.879, 34.811, 34.7869, 34.8382, 34.817, 34.771, 34.837, 34.7631, 34.7719, 34.771, 34.837, 34.713, 34.745, 34.8051, 34.7519, 34.7462, 34.78, 34.8148, 34.7209, 34.9181, 34.8029, 34.8241, 34.7378, 34.8001, 34.7919, 34.7481, 34.8179, 34.775, 34.791, 
Time to set up datastructures: 15384.6ms
34.349, 34.3919, 34.3721, 34.3771, 34.3418, 34.3101, 34.3361, 34.3308, 34.272, 34.3232, 34.3499, 34.3161, 34.359, 34.287, 34.3142, 34.3459, 34.301, 34.292, 34.2731, 34.3668, 34.3158, 34.302, 34.431, 34.3189, 34.313, 34.3099, 34.3621, 34.2879, 34.272, 34.3089, 34.3549, 34.3392, 34.3628, 34.3561, 34.3931, 34.3359, 34.3361, 34.3151, 34.3418, 34.26, 34.307, 34.2679, 34.245, 34.3361, 34.271, 34.2309, 34.272, 34.271, 34.2791, 34.3528, 34.306, 34.266, 34.214, 34.282, 34.308, 34.256, 34.3082, 34.261, 34.2638, 34.245, 34.2901, 34.343, 34.322, 34.306, 34.3559, 34.25, 34.2829, 34.24, 34.255, 34.291, 34.2619, 34.2431, 34.2529, 34.3261, 34.3571, 34.2729, 34.2569, 34.2622, 34.3699, 34.2538, 34.25, 34.306, 34.307, 34.353, 34.3881, 34.296, 34.786, 38.933, 34.7941, 34.6549, 34.5192, 34.421, 34.441, 34.4069, 34.415, 34.3878, 34.318, 34.322, 34.3862, 34.328, 
Time to set up datastructures: 14346.6ms
33.9441, 33.808, 33.8299, 33.8991, 33.8771, 33.9298, 33.8402, 33.8249, 33.8831, 33.808, 33.855, 33.8662, 33.9379, 33.941, 33.8721, 33.8948, 33.8612, 33.85, 33.884, 33.941, 33.8218, 33.7861, 33.7319, 33.7999, 33.8221, 33.793, 33.766, 33.788, 33.8249, 33.849, 33.8941, 33.968, 33.8249, 33.8471, 33.8311, 33.8678, 33.7741, 33.8149, 33.8111, 33.8521, 33.7958, 33.8001, 33.8049, 33.7892, 33.9, 33.993, 33.8469, 33.834, 33.8368, 33.7861, 33.8449, 33.808, 33.886, 33.7901, 33.7901, 33.8588, 33.7992, 33.7589, 33.7541, 33.7739, 33.7999, 33.8211, 33.7169, 33.778, 33.8509, 33.8039, 33.813, 33.7422, 33.8099, 33.7961, 33.8199, 33.838, 33.8709, 33.9129, 33.8371, 33.7939, 33.8051, 33.8368, 33.8712, 33.8008, 33.7708, 33.7932, 33.824, 33.808, 33.8209, 33.8652, 33.8149, 33.776, 33.782, 33.7491, 33.844, 33.783, 33.8399, 33.8252, 33.8998, 33.8328, 33.8571, 33.7551, 33.7739, 33.7741, 
Running CSB implementation
Time to set up datastructures: 14130.7ms
74.6651, 74.646, 74.667, 74.846, 74.666, 74.523, 74.693, 74.7621, 74.6551, 74.6019, 74.532, 74.8119, 74.5592, 74.636, 74.5409, 74.6582, 74.6679, 74.749, 74.5878, 74.5711, 74.724, 74.5502, 74.554, 74.4898, 74.5931, 74.5661, 74.6019, 74.748, 74.775, 74.753, 74.8081, 74.6019, 74.5852, 75.1069, 74.5411, 74.62, 74.6651, 74.5058, 74.7619, 74.5811, 74.7578, 74.6472, 74.7669, 74.6009, 74.6582, 74.4779, 74.6121, 74.544, 74.5192, 74.558, 74.5919, 74.5161, 74.5449, 74.5602, 74.434, 74.8188, 74.682, 74.9002, 74.713, 74.904, 74.831, 74.65, 74.7051, 74.574, 74.5699, 74.913, 74.7669, 74.805, 74.7411, 74.862, 74.651, 74.6191, 74.569, 74.554, 74.5349, 74.4581, 74.6751, 74.7159, 74.6081, 74.8861, 74.594, 74.5668, 74.661, 74.7511, 74.9431, 74.5759, 75.2621, 75.8109, 74.5091, 74.621, 74.6121, 74.5308, 74.97, 74.7321, 74.7409, 74.7938, 74.5611, 74.7631, 74.7819, 74.5561, 
Time to set up datastructures: 14243.3ms
56.334, 56.3469, 56.329, 56.463, 56.412, 56.3488, 56.499, 56.4182, 56.3319, 56.5641, 56.478, 56.653, 56.3819, 56.627, 56.5729, 56.334, 56.4311, 56.4051, 56.314, 56.4139, 56.416, 56.386, 56.371, 56.309, 56.4141, 56.3431, 56.4148, 56.3681, 56.397, 56.356, 56.4981, 56.356, 56.329, 56.3869, 56.679, 56.6401, 56.633, 56.706, 56.5791, 56.4411, 56.35, 56.3269, 56.3641, 56.3869, 56.416, 56.32, 56.772, 56.5012, 56.3719, 56.376, 56.3982, 56.355, 56.427, 56.3669, 56.479, 56.6711, 56.2971, 56.3838, 56.3362, 56.339, 56.2739, 56.329, 56.4439, 56.2251, 56.3431, 56.3359, 56.5269, 56.3798, 56.2942, 56.6339, 56.5109, 56.51, 56.5541, 56.4492, 56.4878, 59.7072, 56.767, 56.5169, 56.459, 56.8051, 56.566, 56.6959, 56.829, 56.6361, 56.504, 56.385, 56.4411, 56.5178, 56.3402, 56.3869, 56.3641, 56.3769, 56.3111, 56.3769, 56.345, 56.365, 56.3011, 56.4089, 56.356, 56.2911, 
Time to set up datastructures: 15750.7ms
48.568, 48.5899, 48.5411, 48.5389, 48.5511, 48.6009, 48.526, 48.5861, 48.4929, 48.6841, 48.5249, 48.4631, 48.516, 48.461, 48.6331, 48.614, 48.465, 48.4579, 48.543, 48.5139, 48.697, 48.4791, 48.4121, 48.4679, 48.4929, 48.4622, 48.537, 48.4118, 48.512, 48.5411, 48.5241, 48.5039, 48.485, 48.4841, 48.4149, 48.4419, 48.5802, 48.516, 48.563, 48.5311, 48.5849, 48.5671, 48.466, 48.3711, 48.5029, 48.5361, 48.542, 48.3599, 48.5251, 48.6131, 48.501, 48.6369, 48.6262, 48.4939, 48.631, 48.5291, 48.569, 48.475, 48.456, 48.4791, 48.5611, 48.557, 48.5559, 48.595, 48.5461, 48.521, 48.7111, 48.5768, 48.5988, 48.4312, 48.399, 48.522, 48.414, 48.5439, 48.5971, 48.507, 48.5799, 48.6212, 48.578, 48.558, 48.517, 48.7251, 48.5568, 48.5442, 48.6009, 48.6469, 48.7099, 48.5599, 48.502, 48.6939, 48.6531, 48.384, 48.5611, 48.526, 48.5129, 48.4691, 48.496, 48.5139, 48.5141, 48.4011, 
Time to set up datastructures: 16544.5ms
43.9739, 44.0671, 44.045, 44.2028, 45.1851, 43.931, 43.8082, 43.8759, 43.8159, 43.756, 43.8321, 43.9911, 43.8619, 43.999, 43.8859, 43.798, 43.911, 44.0121, 43.9141, 43.9489, 43.833, 43.89, 43.8161, 43.895, 43.8941, 43.9348, 43.798, 43.7799, 43.7989, 43.787, 43.7751, 43.8218, 43.8948, 43.8142, 44.0159, 43.9141, 43.8459, 43.807, 43.838, 43.788, 43.8912, 43.746, 43.8571, 43.8259, 43.931, 43.843, 43.9651, 43.896, 43.9751, 43.926, 44.065, 43.7911, 43.7911, 43.807, 43.752, 43.7899, 43.9892, 43.8149, 43.8731, 43.895, 44.029, 43.895, 43.8161, 43.911, 43.74, 43.889, 43.9, 43.9169, 43.833, 43.7729, 43.8411, 43.926, 43.9219, 43.8509, 43.7982, 43.7949, 43.8251, 43.7639, 43.8199, 43.8859, 43.848, 43.8662, 43.9079, 43.726, 43.8151, 43.8771, 43.819, 43.8991, 43.8139, 43.8318, 43.7472, 43.931, 43.9038, 43.931, 43.9181, 43.8831, 43.885, 43.8929, 43.849, 43.9, 
Time to set up datastructures: 17829.7ms
42.0561, 42.176, 42.099, 42.1309, 42.0821, 42.1159, 42.15, 42.1522, 42.233, 42.0001, 42.094, 42.233, 42.1929, 42.1669, 42.1102, 42.022, 41.9099, 42.078, 42.0489, 41.965, 42.1028, 42.1722, 42.2599, 42.165, 42.1519, 42.1312, 42.1338, 42.0542, 42.1889, 42.069, 42.089, 42.2139, 42.11, 42.1171, 42.135, 42.0959, 42.094, 42.2058, 42.079, 42.109, 42.022, 42.124, 42.165, 42.2609, 42.1822, 42.2199, 42.2561, 41.986, 42.2201, 42.2618, 42.33, 42.119, 42.2239, 42.089, 42.1219, 42.299, 42.1541, 42.0601, 42.1839, 42.151, 42.048, 42.11, 42.052, 42.0029, 42.084, 41.9562, 42.017, 42.1031, 42.094, 41.9779, 42.2239, 42.4719, 41.9981, 42.1219, 42.3081, 42.1, 42.135, 42.0101, 42.1631, 42.403, 42.2828, 42.1932, 42.305, 42.1259, 42.0489, 42.1381, 42.2649, 42.2101, 42.1009, 42.1109, 42.1429, 42.1538, 42.119, 42.0351, 42.1619, 42.2282, 42.1319, 42.3489, 42.2702, 42.1259, 
Time to set up datastructures: 17638.8ms
41.162, 41.209, 41.1661, 41.229, 41.0919, 41.3361, 41.254, 41.1689, 41.151, 41.204, 41.2271, 41.245, 41.189, 41.285, 41.1479, 41.2052, 41.167, 41.2929, 41.137, 41.1351, 41.1439, 41.1491, 41.126, 41.291, 41.2819, 41.2111, 41.4279, 41.2312, 41.218, 41.152, 41.209, 41.2679, 41.1048, 41.1561, 41.3392, 41.1708, 41.1901, 41.358, 41.105, 41.2889, 41.1651, 41.266, 41.1961, 41.1479, 41.1689, 41.172, 41.189, 41.2569, 41.029, 41.1692, 41.1849, 41.189, 41.1701, 41.209, 41.1551, 41.0879, 41.1441, 41.1, 41.029, 41.27, 41.172, 41.146, 41.2049, 41.2211, 41.1758, 41.2049, 41.362, 41.158, 41.317, 41.2462, 41.223, 41.224, 41.194, 41.3051, 41.271, 41.223, 41.1541, 41.2068, 41.225, 41.254, 41.1642, 41.095, 41.204, 41.2829, 41.245, 41.105, 41.1482, 41.07, 41.1849, 41.0399, 41.3101, 41.2211, 41.1799, 41.2571, 41.1289, 41.1692, 41.0919, 41.2462, 41.131, 41.1749, 
Time to set up datastructures: 18222.2ms
41.1849, 41.1, 41.0361, 41.0249, 41.0769, 41.1732, 41.0719, 40.976, 41.131, 41.023, 41.1279, 41.0001, 41.0969, 41.05, 41.1062, 40.997, 40.993, 41.158, 41.1551, 41.0941, 41.189, 41.131, 41.0368, 41.0888, 41.1081, 41.039, 41.1, 41.1839, 41.1041, 41.096, 41.225, 41.1301, 40.9379, 41.1081, 41.1179, 41.1, 41.0008, 41.1081, 41.1119, 41.0001, 41.1088, 41.1179, 41.019, 41.204, 41.0872, 41.1668, 41.007, 41.0402, 41.055, 41.0199, 41.1069, 41.0552, 41.111, 41.1561, 41.2381, 41.1799, 41.132, 41.1141, 41.0111, 41.0249, 40.9572, 40.988, 41.0089, 41.0979, 41.1649, 41.038, 41.117, 41.0831, 41.1351, 41.013, 41.0879, 41.1811, 41.1398, 41.0562, 41.1611, 41.0919, 40.8111, 41.0061, 41.0929, 41.091, 41.173, 41.2221, 41.0759, 40.9701, 41.182, 41.0929, 41.0361, 41.0531, 41.081, 41.0621, 41.1789, 41.003, 41.168, 41.0349, 41.0891, 41.0411, 40.993, 41.024, 41.0552, 41.065, 
Time to set up datastructures: 18203.1ms
41.028, 41.024, 41.0261, 41.0089, 41.0099, 41.0011, 40.9391, 41.069, 41.039, 40.9029, 41.0731, 40.9591, 40.9939, 41.1429, 40.915, 40.988, 40.9629, 41.1081, 40.982, 40.9191, 40.9908, 41.0421, 40.946, 40.9601, 41.012, 41.0569, 41.0531, 41.002, 40.9901, 41.0969, 41.106, 41.012, 41.055, 40.8661, 41.0628, 41.019, 41.039, 40.9398, 40.9241, 40.9431, 40.925, 41.0309, 40.978, 41.086, 41.0171, 41.0399, 41.014, 41.1041, 41.014, 41.101, 41.0862, 40.9899, 41.064, 41.11, 41.049, 41.028, 41.1022, 41.0089, 41.075, 41.007, 41.0478, 41.0671, 41.023, 41.018, 40.827, 41.0101, 41.028, 41.0399, 41.0941, 41.0221, 40.9129, 40.942, 41.049, 41.0142, 41.0309, 41.1041, 40.9999, 40.9658, 41.0421, 40.9601, 41.106, 41.0511, 40.971, 41.1899, 41.05, 40.946, 40.997, 40.993, 40.8781, 41.0149, 40.9441, 40.946, 41.095, 40.9651, 41.055, 40.9989, 40.967, 40.9791, 41.1088, 41.1742, 
Time to set up datastructures: 17578.6ms
40.9901, 40.9229, 41.4732, 44.6849, 41.0712, 41.1239, 40.879, 41.023, 40.9391, 40.9551, 40.952, 41.0011, 40.9269, 41.013, 40.9961, 40.9839, 41.0111, 40.9129, 40.8862, 40.9338, 40.9451, 40.987, 40.921, 40.941, 40.967, 40.9439, 41.1198, 41.014, 41.0159, 41.1062, 41.008, 40.9548, 40.915, 40.8759, 40.9329, 40.9911, 40.91, 40.9951, 40.9319, 40.94, 41.0321, 41.09, 41.0159, 40.889, 40.9961, 40.9651, 40.983, 40.9489, 40.8812, 40.9629, 40.848, 40.9379, 41.028, 40.916, 40.983, 40.941, 40.9729, 40.916, 40.9012, 40.987, 40.9389, 40.993, 40.972, 40.9391, 40.9601, 40.92, 40.849, 40.9019, 40.9861, 40.935, 40.8909, 41.007, 40.926, 40.9951, 41.028, 40.9029, 41.0011, 41.522, 40.957, 40.9529, 40.9391, 40.9241, 40.8969, 40.941, 40.9472, 40.9298, 40.9749, 40.9532, 41.029, 41.08, 41.0271, 41.029, 40.8938, 41.0161, 41.013, 41.024, 40.93, 40.8421, 40.9191, 40.8731, 
Time to set up datastructures: 17869ms
41.6811, 41.4159, 41.4979, 41.4479, 41.6751, 41.256, 41.2631, 41.3051, 41.245, 41.1251, 41.213, 41.199, 41.261, 41.7161, 41.6069, 41.6169, 41.2621, 41.46, 41.3229, 41.436, 41.3201, 41.2629, 41.2049, 41.311, 41.2269, 41.254, 41.2021, 41.3029, 41.3001, 41.4751, 41.5139, 41.348, 41.5392, 41.6169, 41.5101, 41.4569, 41.616, 41.2791, 41.3721, 41.415, 41.5339, 41.3899, 41.4338, 41.4271, 41.326, 41.4379, 41.512, 41.4672, 41.467, 41.296, 41.5959, 41.44, 41.276, 41.2722, 41.2018, 41.2052, 41.312, 41.316, 41.3189, 41.3361, 41.177, 41.3079, 41.3501, 41.539, 41.4929, 41.5342, 41.3909, 41.2481, 41.292, 41.3339, 41.4951, 41.4851, 41.296, 41.4701, 41.4269, 41.4631, 41.312, 41.6489, 41.394, 41.4319, 41.244, 41.528, 41.358, 41.5101, 41.322, 41.5349, 41.6031, 41.5721, 41.332, 41.6451, 41.501, 41.327, 41.5211, 41.4228, 41.424, 41.291, 41.2619, 41.183, 41.2271, 41.2409, 
Time to set up datastructures: 17837ms
41.8689, 41.7941, 41.8291, 42.028, 41.8589, 41.976, 41.7888, 41.5449, 41.7309, 41.6989, 41.779, 41.873, 41.6379, 41.733, 41.7471, 41.851, 41.8239, 41.8761, 41.7321, 41.7778, 41.7731, 41.7562, 41.8639, 41.903, 41.755, 41.8141, 41.8179, 41.7571, 41.8279, 41.877, 41.872, 41.8351, 41.898, 41.9359, 41.8711, 41.945, 41.9171, 41.7261, 41.9409, 41.837, 42.896, 44.641, 41.8088, 41.8389, 41.7681, 41.7359, 41.8291, 41.8899, 41.852, 41.7721, 41.7469, 41.676, 41.873, 42.2819, 41.858, 41.6031, 41.7671, 41.851, 41.7941, 41.8289, 41.858, 41.9152, 41.7039, 41.8069, 42.0382, 41.971, 41.666, 42.0148, 41.78, 41.8, 42.0771, 41.671, 41.806, 41.9109, 42.1932, 41.6038, 41.985, 41.9731, 41.8999, 41.801, 41.815, 41.7161, 41.8501, 41.862, 41.8899, 41.8961, 41.7998, 41.775, 41.816, 41.837, 41.8861, 41.997, 41.8029, 41.7938, 41.7411, 41.6999, 42.0461, 41.923, 41.9068, 41.837, 
Time to set up datastructures: 17913.3ms
41.9431, 41.822, 41.9888, 42.0599, 41.8861, 41.908, 41.9528, 41.9891, 41.9431, 41.9719, 41.991, 41.8169, 42.001, 41.925, 41.8711, 41.8251, 41.9559, 41.888, 41.9171, 41.841, 42.0039, 41.893, 42.274, 42.0361, 41.904, 41.8901, 42.0129, 42.006, 42.012, 41.9741, 41.9619, 41.976, 41.985, 42.1031, 41.8091, 41.6338, 42.0051, 41.9631, 41.99, 42.0129, 41.791, 41.923, 41.878, 41.9641, 41.9741, 41.79, 41.904, 41.822, 42.2101, 42.0489, 41.93, 41.836, 41.975, 42.028, 41.8472, 41.945, 41.898, 41.9338, 41.996, 42.001, 41.9021, 41.883, 41.934, 41.9891, 41.908, 41.832, 41.9519, 41.919, 42.001, 41.9641, 41.8429, 41.949, 41.883, 41.703, 41.9161, 41.9068, 41.9319, 41.831, 42.1081, 41.8041, 41.8909, 42.0022, 41.8949, 41.9111, 41.924, 42.0001, 41.9219, 41.9412, 42.007, 42.078, 42.062, 41.96, 41.9109, 41.934, 42.016, 41.961, 41.9102, 41.976, 41.888, 41.997, 
Time to set up datastructures: 17962.4ms
42.299, 42.182, 42.2051, 42.2969, 42.1979, 42.2902, 42.1848, 42.4552, 42.244, 42.275, 42.0961, 42.2349, 42.155, 42.3021, 42.3169, 42.2671, 42.4149, 42.1681, 42.258, 42.2239, 42.2459, 42.1259, 42.3632, 42.2778, 42.2192, 42.208, 41.9979, 42.243, 42.259, 42.2101, 42.397, 42.1989, 42.237, 42.3751, 42.2909, 42.311, 42.243, 42.2361, 42.392, 42.429, 42.3162, 42.2978, 42.3551, 42.1669, 42.309, 42.3131, 42.1538, 42.4719, 42.3131, 42.1889, 42.2981, 42.14, 42.2361, 42.2518, 42.392, 42.1982, 42.268, 42.2518, 42.2282, 42.2509, 42.1631, 42.208, 42.1591, 42.3708, 42.2521, 42.2351, 42.3069, 42.273, 42.305, 42.407, 42.3429, 42.392, 42.3582, 42.253, 42.4209, 42.14, 42.1891, 42.3648, 42.4151, 42.284, 42.397, 42.2921, 42.2959, 42.418, 42.1429, 42.3889, 42.275, 42.315, 42.217, 42.165, 42.5191, 42.196, 42.407, 42.1379, 42.237, 42.264, 42.449, 42.1631, 42.177, 42.366, 
Running BlockCOH implementation
Time to set up datastructures: 19469.7ms
111.572, 111.385, 111.449, 111.475, 111.642, 111.773, 111.442, 111.587, 111.572, 111.659, 111.59, 111.338, 111.541, 111.454, 111.467, 111.604, 112.199, 112.278, 111.406, 111.53, 111.47, 111.525, 111.625, 111.657, 111.675, 111.436, 111.665, 111.434, 111.571, 111.489, 111.422, 111.506, 111.467, 111.482, 111.393, 111.742, 111.448, 111.619, 111.479, 111.638, 111.596, 111.659, 111.513, 111.457, 111.55, 111.641, 111.709, 111.567, 111.587, 111.465, 111.57, 111.553, 111.629, 111.85, 111.546, 111.509, 111.494, 111.465, 111.602, 111.814, 111.506, 111.629, 111.908, 111.494, 111.601, 111.504, 111.702, 111.479, 111.619, 111.299, 111.707, 112.74, 111.535, 111.604, 111.536, 111.714, 111.989, 111.808, 111.641, 111.384, 112.043, 111.567, 111.529, 111.486, 111.449, 111.646, 111.631, 111.429, 111.438, 111.848, 111.425, 111.602, 111.783, 111.787, 111.709, 111.969, 111.697, 111.706, 111.539, 111.574, 
Time to set up datastructures: 17224.7ms
82.602, 82.4921, 82.422, 82.3739, 82.402, 82.5572, 82.6578, 83.1292, 82.5529, 82.5839, 82.453, 82.3512, 82.5229, 82.4351, 82.4008, 82.391, 82.4621, 82.4962, 82.7708, 82.7248, 82.4389, 82.2461, 82.407, 82.3979, 82.3481, 82.37, 82.2649, 82.4041, 82.3169, 82.5341, 82.3729, 82.602, 82.5441, 82.943, 82.3698, 82.4881, 82.567, 82.552, 82.381, 82.552, 82.454, 82.3431, 82.727, 82.4659, 82.3441, 82.4711, 82.351, 82.4549, 82.4778, 82.305, 82.5849, 82.3791, 82.6659, 82.319, 82.4211, 82.8099, 82.8412, 82.68, 82.5009, 82.391, 82.499, 82.454, 82.499, 82.5222, 82.4909, 82.4609, 82.3462, 82.88, 82.5279, 82.5231, 82.36, 82.458, 82.3569, 82.459, 82.3641, 82.489, 82.6139, 82.3271, 82.7279, 82.2041, 82.6859, 82.5779, 82.4728, 82.6082, 82.5989, 82.432, 82.428, 82.386, 82.346, 82.5591, 82.4921, 82.7799, 82.4292, 82.5179, 82.3262, 82.4249, 82.376, 82.4192, 82.468, 82.37, 
Time to set up datastructures: 17993.1ms
67.8141, 67.822, 67.605, 67.713, 67.6851, 67.7309, 67.6179, 67.7919, 67.733, 67.7929, 67.5602, 67.76, 67.791, 67.668, 67.575, 67.6341, 67.7149, 67.6641, 67.7581, 67.704, 67.7099, 67.735, 67.821, 67.8251, 67.6529, 67.852, 67.6742, 67.755, 67.719, 67.683, 67.7049, 67.7152, 67.692, 67.647, 67.606, 67.5571, 67.7509, 67.816, 67.606, 67.6799, 67.5981, 67.8101, 67.667, 67.6839, 67.7371, 67.6799, 67.6241, 67.6279, 67.662, 67.6699, 67.714, 67.7381, 67.6632, 67.6038, 67.6711, 67.723, 67.6141, 67.6169, 67.7431, 67.7979, 67.7972, 67.673, 67.6849, 67.62, 67.7359, 67.7831, 67.642, 67.7211, 67.5859, 67.692, 67.5399, 67.6479, 67.8949, 67.672, 67.75, 67.6949, 67.661, 67.6081, 67.6658, 67.7562, 67.77, 67.6899, 67.7462, 67.7519, 67.837, 67.677, 67.7521, 67.651, 67.7769, 67.7559, 67.6839, 67.62, 67.555, 67.8279, 67.6911, 67.5409, 67.7071, 67.677, 67.524, 67.5831, 
Time to set up datastructures: 19101.6ms
61.2271, 60.9939, 61.1911, 61.193, 61.1091, 61.271, 61.2609, 61.4722, 61.4638, 61.1711, 60.8292, 61.543, 61.075, 61.1141, 61.096, 60.9231, 60.9679, 61.0311, 60.9059, 60.977, 61.142, 61.053, 61.058, 61.2121, 61.311, 61.074, 61.0571, 61.177, 60.864, 61.352, 61.111, 61.0771, 61.224, 61.136, 61.106, 61.131, 61.271, 61.0011, 61.305, 61.1289, 61.1951, 61.177, 61.3029, 61.105, 60.838, 61.218, 61.0859, 60.9941, 61.0609, 61.377, 60.936, 61.116, 60.9932, 61.2898, 60.8499, 61.126, 61.048, 60.919, 61.161, 61.094, 61.429, 61.095, 61.023, 61.192, 61.4848, 61.146, 61.4982, 61.327, 60.9159, 61.0271, 61.034, 61.0349, 61.255, 61.3139, 61.0201, 61.1708, 61.1372, 60.895, 61.3449, 61.2221, 61.3492, 61.285, 61.1629, 61.2521, 61.326, 61.147, 61.332, 61.219, 61.214, 61.096, 61.264, 61.368, 60.873, 61.0619, 61.1861, 61.0311, 61.2218, 60.9791, 61.142, 61.2309, 
Time to set up datastructures: 19896.9ms
60.0829, 59.7751, 60.075, 59.9868, 59.865, 59.9568, 60.034, 60.0641, 60.1141, 60.0688, 59.871, 59.9792, 60.0228, 59.962, 60.0631, 60.0359, 60.034, 60.1499, 59.9391, 60.07, 59.963, 59.916, 59.8259, 59.7651, 60.0021, 60.0529, 59.8822, 59.7689, 60.0691, 60.1208, 59.983, 59.9802, 59.8609, 60.092, 59.9499, 59.8912, 59.799, 59.8309, 60.1091, 60.0719, 60.107, 59.957, 59.989, 60.0071, 59.901, 59.916, 59.9511, 59.911, 60.128, 59.9029, 59.9449, 60.0359, 59.9148, 59.9718, 59.8371, 60.0629, 60.111, 59.9871, 59.974, 60.1289, 59.8502, 60.0619, 60.045, 59.9639, 59.8831, 59.902, 59.9549, 59.8531, 60.0481, 60.0479, 60.014, 59.9508, 60.153, 60.014, 59.9542, 60.1618, 60.112, 60.0541, 60.194, 60.061, 60.029, 60.0262, 59.7069, 59.9151, 59.911, 59.926, 59.8421, 60.133, 59.921, 60.1008, 59.9811, 60.0071, 59.9358, 59.8941, 60.1201, 59.9649, 60.07, 60.1211, 60.015, 59.819, 
Time to set up datastructures: 20252.8ms
57.8501, 57.9939, 57.8232, 57.6749, 57.807, 57.7481, 58.0389, 57.852, 57.7481, 57.986, 57.5781, 57.9221, 57.837, 57.6649, 57.955, 58.0211, 57.646, 57.7071, 57.8289, 58.0311, 57.795, 57.8179, 57.883, 59.3269, 57.5142, 57.6859, 57.569, 57.9891, 57.5199, 57.8849, 58.0282, 57.606, 57.8308, 58.027, 57.9958, 57.8341, 57.941, 57.6279, 57.9481, 57.8401, 57.719, 57.935, 57.8148, 57.9212, 57.9329, 57.8301, 57.6119, 57.9669, 57.8382, 57.987, 57.9259, 57.658, 57.9171, 57.909, 57.862, 57.9929, 57.678, 57.8551, 57.8198, 57.6172, 57.75, 58.033, 57.9429, 58.0142, 58.0881, 57.838, 57.8699, 58.012, 57.8821, 57.8411, 57.8668, 57.797, 57.801, 57.863, 57.7941, 57.759, 57.6599, 58.0621, 58.0499, 57.997, 57.801, 57.6401, 57.9021, 57.961, 57.606, 57.7681, 57.8361, 57.8449, 57.878, 57.8051, 57.452, 57.961, 58.1169, 57.6291, 57.7071, 57.58, 58.1021, 58.2819, 57.7331, 57.8191, 
Time to set up datastructures: 20391.1ms
55.953, 55.9499, 55.918, 55.8949, 55.8159, 56.0179, 55.86, 56.118, 55.9301, 56.143, 55.8848, 55.917, 55.9411, 56.0191, 55.824, 56.025, 55.9649, 56.015, 55.8121, 56.0949, 55.922, 55.866, 55.9802, 55.9809, 55.793, 55.9921, 56.0029, 55.9762, 55.975, 55.9039, 55.974, 55.9342, 55.9149, 55.8951, 55.841, 56.021, 55.9342, 55.9468, 55.9661, 55.8231, 55.8159, 55.8341, 56.0579, 55.9039, 55.968, 56.035, 55.9301, 55.9199, 55.891, 56.031, 55.9289, 55.9311, 55.8801, 56.0479, 55.9311, 55.9349, 55.872, 55.8631, 56.0069, 55.999, 55.8591, 55.9189, 55.958, 56.1481, 55.9661, 55.948, 55.8479, 55.9201, 55.9349, 55.8591, 55.8701, 55.8629, 55.866, 56.0119, 55.9661, 55.9599, 55.9371, 56.035, 55.9549, 55.867, 55.9731, 56.165, 55.9411, 55.954, 55.8989, 56.0999, 56.041, 56.1111, 55.8741, 55.99, 56.0188, 55.9652, 55.9189, 55.8059, 56.02, 55.9201, 55.9759, 55.9042, 55.9719, 56.0472, 
Time to set up datastructures: 20598.7ms
54.883, 55.1341, 54.986, 54.8799, 54.944, 54.889, 54.935, 54.8539, 54.9049, 54.8708, 54.858, 54.8649, 55.012, 54.8999, 54.8408, 54.8842, 54.961, 54.8949, 54.9181, 55.1119, 54.8751, 55.0239, 54.9572, 54.955, 54.7831, 54.92, 54.9641, 55.0489, 54.9459, 55.6028, 55.027, 55.0492, 54.925, 54.8921, 54.9169, 54.944, 54.93, 55.042, 54.915, 54.9331, 54.894, 54.94, 54.9779, 54.884, 54.8491, 54.95, 54.8699, 54.8761, 54.872, 54.8539, 54.9061, 55.0349, 54.8642, 54.8708, 55.136, 55.0349, 54.8992, 54.9228, 54.961, 54.9119, 54.8751, 54.8909, 54.8711, 54.9569, 54.9791, 55.038, 54.9581, 54.8589, 54.872, 54.8811, 54.8949, 55.0551, 54.971, 54.9359, 54.929, 54.9541, 54.944, 54.9319, 54.9061, 54.924, 54.822, 54.9121, 54.925, 55.032, 54.9121, 54.9159, 54.944, 54.8871, 54.894, 55.0179, 54.9541, 54.9428, 54.985, 55.0022, 54.9259, 54.9471, 54.9378, 54.908, 54.8201, 54.9459, 
Time to set up datastructures: 20577.3ms
53.9382, 53.957, 53.9589, 53.9589, 54.0881, 53.988, 54.2459, 54.2662, 54.0209, 54.0841, 54.208, 54.1029, 53.9901, 54.152, 54.1799, 54.1282, 54.07, 54.1279, 54.178, 54.141, 53.9892, 54.2219, 54.2672, 53.9649, 54.033, 54.0199, 54.0869, 54.0481, 54.0569, 54.1701, 54.1649, 53.9839, 54.126, 53.9551, 54.162, 54.157, 53.9711, 54.003, 53.9382, 54.0121, 53.9551, 54.1799, 54.0349, 54.1391, 53.9699, 54.1921, 54.069, 54.1201, 54.1489, 54.0681, 53.853, 54.173, 54.1341, 54.111, 54.0619, 53.9172, 54.0988, 54.0888, 54.0588, 54.1229, 54.105, 54.178, 54.0819, 54.1661, 54.2049, 54.09, 54.1191, 54.0109, 54.0171, 54.1461, 54.055, 54.1849, 54.0471, 53.9639, 54.1241, 54.0199, 54.028, 54.0271, 54.086, 54.1239, 54.126, 54.0302, 54.1439, 54.2271, 53.997, 54.1978, 54.1792, 54.2529, 53.9522, 54.2078, 54.1449, 54.3211, 54.1511, 54.095, 54.111, 54.045, 53.9572, 54.2219, 53.9291, 54.1279, 
Time to set up datastructures: 20327.5ms
53.236, 53.606, 53.7221, 53.6509, 53.606, 53.663, 53.427, 53.529, 53.5381, 53.3631, 53.288, 53.4539, 53.493, 53.5481, 53.262, 53.3869, 53.791, 53.5409, 53.6609, 53.6211, 53.6489, 53.7431, 53.401, 53.2711, 53.3769, 53.6351, 53.38, 53.3469, 53.5319, 53.3831, 53.4329, 53.5369, 53.7181, 53.2091, 53.597, 53.5312, 53.484, 53.4599, 53.576, 53.4761, 53.6211, 53.601, 53.5991, 53.4461, 53.472, 53.4489, 53.695, 53.576, 53.441, 53.5481, 53.484, 53.545, 53.4849, 53.4172, 53.401, 53.5119, 53.6411, 53.4201, 53.659, 53.4689, 53.494, 53.437, 53.546, 53.5579, 53.4298, 53.36, 53.6439, 53.427, 53.134, 53.329, 53.679, 53.5071, 53.3929, 53.5598, 53.4322, 53.2918, 53.4461, 53.4661, 53.669, 53.3731, 53.4871, 53.524, 53.4039, 53.9069, 53.9639, 53.37, 53.5078, 53.956, 53.3271, 53.1359, 53.7179, 53.844, 53.5581, 53.504, 53.6129, 53.736, 54.307, 53.771, 53.4401, 53.5951, 
Time to set up datastructures: 19883.1ms
52.35, 52.1381, 52.2361, 52.4111, 52.4108, 52.3031, 52.4309, 52.2902, 52.3479, 52.5279, 52.3138, 52.4559, 52.2039, 52.2959, 52.3739, 52.2761, 52.4631, 52.2649, 52.356, 52.525, 52.2559, 52.2819, 52.423, 52.284, 52.4931, 52.3701, 52.2869, 52.212, 52.444, 52.3572, 52.2819, 52.4061, 52.2029, 52.48, 52.2609, 52.3381, 52.3469, 52.331, 52.2192, 52.3539, 52.377, 52.5601, 52.315, 52.335, 52.3522, 52.2099, 52.3989, 52.465, 52.2571, 52.228, 52.412, 52.361, 52.4271, 52.4161, 52.4321, 52.393, 52.2211, 52.598, 52.443, 52.305, 52.182, 52.2761, 52.386, 52.521, 52.5501, 52.387, 52.161, 52.4931, 52.331, 52.1328, 52.3911, 52.4251, 52.4149, 52.13, 52.516, 52.4662, 52.2358, 52.283, 52.3651, 52.2349, 52.4118, 52.2962, 52.268, 53.7329, 54.1379, 54.3239, 53.6871, 53.854, 53.9839, 54.2061, 54.332, 54.265, 53.988, 54.0299, 54.4431, 54.2819, 54.3292, 54.0178, 54.152, 54.1198, 
Time to set up datastructures: 20357.5ms
62.5241, 63.0569, 65.7902, 61.8489, 60.838, 64.6441, 62.4189, 61.708, 63.266, 62.85, 62.9551, 62.5238, 62.3369, 61.589, 61.178, 60.041, 62.4421, 62.9261, 62.6268, 62.799, 58.8429, 62.71, 62.8719, 59.0868, 62.2058, 61.393, 60.9851, 60.0441, 61.6798, 59.4642, 62.3899, 59.288, 59.7332, 61.605, 62.144, 59.3081, 58.708, 61.6601, 59.761, 58.8188, 60.5571, 60.169, 59.119, 60.1451, 61.27, 56.5038, 61.1341, 59.253, 58.9521, 58.701, 59.849, 61.6879, 57.2011, 60.163, 56.673, 56.6549, 60.3521, 56.7799, 61.007, 56.356, 58.614, 58.744, 58.9671, 58.6519, 56.113, 58.4412, 58.6069, 57.5941, 55.9421, 59.0389, 58.6021, 56.886, 56.592, 58.676, 58.367, 55.9919, 56.9971, 56.288, 58.9609, 55.2611, 58.62, 55.4099, 58.0621, 55.8591, 56.8969, 56.2081, 55.5301, 58.4719, 55.9959, 56.0641, 57.6, 55.2459, 55.8131, 56.5901, 55.9719, 55.1031, 57.0929, 55.141, 55.248, 55.692, 
Time to set up datastructures: 20131.4ms
50.0181, 50.1549, 50.0209, 50.1711, 49.9599, 49.998, 50.137, 50.2419, 49.89, 49.9821, 50.0071, 49.9389, 49.803, 50.117, 49.974, 50.1399, 49.9892, 50.108, 50.102, 50.087, 50.0979, 50.142, 49.993, 50.1111, 49.9549, 50.1051, 50.03, 49.993, 49.9089, 50.087, 50.0021, 49.994, 50.046, 49.988, 50.0381, 50.2141, 50.0278, 50.189, 50.108, 50.082, 49.9279, 50.216, 50.0119, 50.0681, 50.1189, 50.446, 49.9809, 50.1132, 49.8579, 50.0081, 49.9821, 50.1671, 50.0519, 50.0779, 49.9642, 49.9899, 50.1668, 50.22, 50.0481, 50.106, 49.921, 50.2739, 50.1671, 50.0939, 50.1652, 49.947, 50.097, 50.1039, 50.02, 49.947, 50.0791, 50.0429, 50.1041, 50.3979, 50.0441, 50.0271, 50.0491, 49.8469, 50.0751, 49.948, 50.24, 49.9411, 49.8981, 50.0979, 50.133, 50, 50.169, 49.9671, 50.0071, 50.2861, 50.0689, 50.0782, 50.051, 49.978, 50.1978, 50.1299, 50.056, 49.9701, 50.0729, 50.1001, 

run on commit: 260dbfb5cc251e2ca5b57530ef04bc70282bc3e6