2 3 4 5 6 7 8 9 10 11 12 13 14
Running sequential algorithm
Time to set up datastructures: 3497ms
252.082, 252.531, 252.197, 252.057, 252.335, 252.655, 252.108, 252.198, 252.19, 252.623, 252.837, 252.2, 252.151, 252.039, 252.122, 252.326, 252.045, 252.302, 252.286, 252.364, 252.491, 252.477, 252.002, 252.212, 252.249, 252.541, 252.839, 252.273, 251.975, 252.01, 252.194, 252.423, 252.255, 252.28, 252.328, 252.347, 252.125, 252.497, 252.061, 252.338, 252.16, 252.096, 252.274, 252.361, 252.101, 252.263, 252.009, 252.342, 252.002, 252.148, 252.284, 252.218, 252.26, 252.308, 252.143, 252.111, 252.181, 252.325, 252.206, 252.281, 252.014, 252.062, 252.046, 252.151, 252.236, 252.283, 252.06, 252.345, 252.978, 252.029, 252.417, 252.45, 252.366, 252.246, 252.231, 252.174, 252.268, 252.134, 252.287, 252.235, 252.226, 252.276, 252.321, 252.38, 252.575, 252.059, 252.224, 252.031, 252.132, 252.191, 252.385, 252.374, 252.092, 252.076, 252.509, 252.086, 252.099, 252.174, 252.195, 252.1, 
Running OpenMP implementation
Time to set up datastructures: 5005.67ms
169.156, 169.041, 169.076, 169.386, 169.208, 169.178, 169.182, 169.345, 169.236, 169.184, 169.328, 169.027, 169.071, 169.023, 169.176, 169.164, 169.241, 169.073, 169.092, 169.132, 169.339, 169.257, 169.03, 169.009, 169.016, 169.066, 169.102, 169.069, 169.111, 169.008, 170.181, 169.241, 169.087, 169.118, 169.179, 169.099, 169.149, 169.129, 169.208, 169.066, 169.33, 169.172, 168.942, 169.158, 169.022, 169.296, 169.221, 169.013, 169.118, 169.136, 169.201, 169.238, 169.207, 169.076, 169.276, 169.167, 169.117, 169.188, 169.119, 169.124, 169.175, 169.219, 169.218, 169.486, 169.145, 169.02, 169.254, 169.059, 169.137, 169.29, 169.032, 169.193, 169.287, 169.013, 169.011, 169.162, 169.138, 169.205, 169.103, 169.093, 169.147, 169.108, 169.216, 169.067, 169.026, 169.07, 169.099, 169.208, 169.166, 169.072, 169.213, 169.418, 169.227, 169.304, 169.021, 169.082, 169.126, 169.137, 169.11, 169.134, 
Time to set up datastructures: 4127.51ms
144.643, 144.72, 144.512, 144.47, 144.559, 144.499, 144.678, 144.581, 144.691, 144.503, 144.617, 144.502, 144.481, 144.58, 144.753, 144.922, 145.149, 144.59, 144.626, 144.416, 144.695, 144.979, 144.512, 144.538, 144.635, 144.508, 144.574, 144.822, 145.009, 144.436, 144.433, 144.482, 144.499, 144.438, 144.714, 144.622, 144.559, 144.803, 144.723, 144.674, 144.589, 144.796, 144.938, 144.723, 145.08, 144.568, 144.535, 144.664, 144.563, 144.707, 144.602, 144.832, 144.62, 144.527, 144.647, 144.702, 144.909, 144.665, 144.523, 144.566, 144.485, 144.638, 144.562, 144.443, 144.471, 144.621, 144.508, 144.548, 144.667, 144.518, 145.005, 144.806, 144.757, 144.511, 144.506, 144.616, 144.488, 145.314, 145.18, 144.539, 144.499, 144.538, 144.619, 144.512, 144.807, 144.516, 144.558, 144.576, 144.558, 144.743, 144.993, 144.603, 144.569, 144.588, 144.693, 144.447, 144.679, 144.488, 145.095, 145.33, 
Time to set up datastructures: 6775.83ms
136.918, 136.983, 136.933, 136.905, 136.883, 136.918, 136.834, 136.944, 136.975, 136.956, 136.631, 136.837, 136.948, 136.906, 136.857, 136.998, 136.951, 136.979, 136.886, 136.903, 136.902, 136.885, 136.876, 136.909, 136.92, 136.755, 136.874, 137.041, 136.938, 136.982, 136.997, 136.878, 136.919, 136.845, 136.912, 136.86, 136.87, 136.85, 136.932, 136.792, 136.618, 136.758, 136.811, 136.931, 136.977, 136.995, 136.855, 136.889, 136.817, 136.868, 136.814, 136.794, 136.989, 136.919, 136.798, 136.885, 136.844, 136.899, 136.907, 136.91, 137.059, 136.789, 136.797, 136.996, 136.918, 136.904, 136.835, 136.983, 136.929, 137.15, 136.821, 137.036, 136.919, 136.896, 136.955, 136.919, 136.888, 136.804, 136.936, 137.003, 136.858, 136.754, 136.934, 136.866, 136.724, 136.872, 136.84, 136.877, 136.882, 136.874, 136.831, 136.909, 136.956, 136.829, 136.823, 136.887, 136.944, 136.757, 136.89, 136.66, 
Time to set up datastructures: 6783.04ms
134.81, 134.871, 134.639, 134.513, 134.618, 134.739, 134.602, 134.659, 134.724, 134.675, 134.673, 134.642, 134.665, 134.664, 134.647, 134.638, 134.562, 134.622, 134.711, 134.723, 134.681, 134.659, 134.683, 134.571, 134.9, 134.709, 134.592, 134.628, 135.054, 134.777, 134.719, 134.675, 134.663, 134.642, 134.588, 134.627, 134.681, 134.728, 135.006, 134.742, 134.863, 134.88, 134.757, 134.637, 134.669, 134.575, 134.743, 134.744, 134.734, 134.973, 134.756, 134.745, 134.736, 134.89, 134.999, 134.636, 134.552, 134.611, 134.745, 134.631, 134.899, 134.67, 134.564, 134.655, 134.702, 134.697, 134.747, 134.568, 134.723, 134.809, 134.703, 134.76, 134.571, 134.917, 134.804, 134.574, 134.771, 134.721, 134.75, 134.734, 134.515, 134.614, 134.705, 134.714, 134.75, 134.59, 134.675, 134.612, 134.644, 134.792, 134.568, 134.673, 134.68, 134.611, 134.618, 134.656, 135.066, 134.775, 134.943, 134.769, 
Time to set up datastructures: 7249.42ms
132.89, 133.095, 132.513, 132.656, 133.027, 132.541, 133.111, 133.053, 133.016, 132.995, 132.702, 133.166, 133.089, 132.814, 132.718, 132.682, 132.94, 132.821, 133.09, 132.932, 133.031, 132.633, 132.884, 133.001, 132.767, 132.655, 132.889, 132.952, 132.907, 132.799, 132.93, 132.78, 132.825, 132.969, 133.038, 133.001, 132.701, 133.032, 132.867, 132.844, 132.802, 132.584, 133.19, 132.771, 133.01, 132.846, 132.932, 132.594, 132.806, 132.92, 132.507, 133, 132.694, 132.965, 132.603, 133.051, 133.258, 132.911, 132.978, 133.282, 132.645, 132.943, 133.127, 132.838, 132.584, 133.22, 132.631, 133, 132.715, 132.874, 133.028, 133.323, 133.123, 133.003, 132.587, 132.638, 133.078, 132.718, 132.842, 132.557, 132.82, 132.777, 132.538, 133.081, 132.787, 132.991, 133.196, 132.838, 132.815, 132.681, 132.844, 132.923, 132.955, 132.693, 133.134, 132.867, 132.46, 132.929, 133.038, 132.907, 
Time to set up datastructures: 7180.35ms
129.776, 129.943, 129.915, 130.009, 129.631, 130.079, 129.891, 130.298, 130.119, 129.767, 129.982, 129.996, 130.118, 130.247, 130.187, 129.96, 129.641, 129.702, 129.75, 130.075, 129.854, 129.975, 129.98, 129.953, 130.231, 130.053, 129.9, 130.197, 130.116, 130.232, 129.919, 129.975, 130.079, 129.887, 129.868, 130.277, 130.135, 129.809, 130.044, 129.999, 129.765, 129.926, 130.119, 130.274, 130.098, 130.076, 130.027, 130.159, 130.343, 130.142, 129.82, 129.686, 129.812, 129.981, 130.129, 130.193, 130.129, 130.086, 130.198, 130.472, 130.315, 129.828, 129.957, 129.938, 129.803, 130.411, 129.844, 129.853, 129.9, 130.07, 130.117, 130.056, 130.131, 129.833, 130.192, 129.909, 129.715, 130.026, 130.206, 129.712, 129.978, 130.068, 130.3, 129.906, 129.933, 129.944, 129.985, 129.924, 130.044, 129.97, 130.285, 130.082, 129.724, 129.696, 129.752, 129.883, 129.871, 129.846, 130.03, 130.163, 
Time to set up datastructures: 7034.23ms
127.894, 127.924, 127.891, 127.781, 127.789, 127.401, 127.891, 127.841, 127.87, 127.94, 127.755, 127.806, 127.841, 127.226, 127.905, 127.883, 127.872, 127.511, 127.852, 127.814, 127.702, 127.774, 127.859, 127.823, 127.906, 127.838, 127.839, 127.806, 127.817, 127.922, 127.98, 127.742, 127.875, 127.879, 127.889, 127.991, 127.77, 127.799, 127.792, 127.175, 127.822, 127.812, 127.853, 127.8, 127.786, 127.863, 127.77, 127.911, 127.852, 127.739, 127.88, 127.879, 127.82, 127.88, 127.887, 127.934, 127.808, 127.868, 127.998, 127.071, 127.175, 127.758, 127.801, 127.882, 127.926, 127.817, 127.893, 127.415, 127.83, 127.465, 127.723, 127.742, 127.771, 127.808, 127.764, 127.764, 127.679, 127.316, 127.796, 127.743, 127.902, 127.722, 127.814, 127.437, 127.842, 127.697, 127.917, 127.796, 127.775, 127.906, 127.891, 127.819, 127.885, 127.838, 127.784, 128.079, 127.868, 127.904, 127.587, 127.799, 
Time to set up datastructures: 7528.24ms
124.912, 124.887, 125.219, 125.137, 124.891, 124.908, 124.813, 124.877, 125.152, 124.881, 124.948, 124.782, 123.927, 125.009, 124.58, 124.769, 124.908, 124.961, 124.8, 124.878, 124.979, 124.83, 124.845, 124.889, 124.936, 124.891, 124.824, 124.842, 124.938, 124.907, 124.856, 125.189, 124.86, 124.831, 124.886, 124.974, 124.827, 126.044, 124.976, 124.784, 124.968, 124.882, 124.945, 124.879, 124.911, 124.79, 124.912, 124.901, 124.806, 124.951, 123.946, 125.014, 124.326, 124.846, 124.566, 124.899, 124.995, 124.853, 125.003, 124.09, 123.731, 124.971, 123.969, 123.378, 123.491, 126.327, 124.695, 126.051, 124.893, 124.917, 124.845, 124.693, 124.833, 124.959, 124.819, 124.884, 124.798, 126.292, 124.872, 124.75, 124.835, 124.862, 124.784, 125.001, 124.864, 124.932, 124.854, 124.659, 124.935, 124.974, 124.969, 124.897, 124.98, 126.35, 125.97, 125.273, 124.865, 124.893, 125.002, 126.173, 
Time to set up datastructures: 7319.88ms
124.086, 124.296, 124.14, 123.782, 123.752, 124.134, 123.782, 123.485, 123.557, 123.631, 123.432, 124.26, 123.834, 124.158, 123.503, 123.723, 123.674, 124.356, 123.822, 124, 124.317, 124.192, 124.392, 124.372, 123.868, 123.734, 123.415, 123.96, 123.967, 123.577, 124.326, 123.931, 124.267, 123.476, 124.283, 124.293, 123.602, 123.496, 123.629, 123.613, 123.569, 123.929, 124.135, 123.932, 124.113, 124.322, 123.946, 123.443, 123.625, 123.55, 123.781, 123.718, 125.484, 123.902, 123.526, 123.493, 123.59, 124.258, 124.327, 124.047, 123.457, 123.716, 123.669, 123.701, 123.77, 123.753, 123.974, 124.337, 125.061, 125.088, 124.042, 124.114, 123.588, 123.872, 123.896, 123.676, 123.592, 123.635, 123.441, 123.743, 124.265, 123.559, 123.611, 123.561, 123.621, 123.51, 123.481, 123.613, 123.821, 123.796, 124.297, 123.663, 123.628, 123.575, 123.487, 123.532, 123.493, 123.56, 123.579, 123.839, 
Time to set up datastructures: 7272.52ms
128.683, 130.307, 129.554, 129.405, 129.853, 129.643, 129.506, 130.065, 129.915, 129.772, 129.605, 129.821, 129.821, 129.932, 129.439, 129.749, 129.262, 129.884, 129.682, 129.933, 130.391, 129.186, 129.765, 129.838, 130.427, 129.844, 129.882, 129.638, 129.591, 129.721, 129.505, 129.378, 129.71, 129.528, 129.72, 129.906, 129.939, 128.799, 129.836, 130.194, 129.861, 129.865, 129.688, 129.233, 129.701, 128.943, 128.935, 129.918, 129.411, 129.581, 129.787, 129.586, 129.859, 129.85, 129.916, 130.49, 129.017, 129.359, 129.877, 129.551, 129.992, 130.6, 129.501, 129.411, 129.898, 129.338, 129.982, 130.121, 129.564, 128.865, 129.826, 129.892, 129.864, 129.3, 129.834, 129.393, 129.78, 129.018, 129.517, 129.801, 129.642, 129.894, 129.784, 129.911, 129.403, 129.618, 129.679, 129.375, 129.282, 129.574, 129.286, 129.674, 129.426, 130.301, 129.876, 129.91, 129.858, 130.079, 129.809, 128.796, 
Time to set up datastructures: 7343.47ms
128.825, 129.915, 129.006, 129.67, 129.396, 129.458, 129.131, 129.916, 128.862, 129.532, 129.719, 129.546, 128.889, 129.761, 129.666, 128.957, 129.574, 129.335, 129.285, 129.489, 129.26, 129.906, 129.623, 129.535, 129.695, 129.838, 129.554, 129.072, 129.535, 129.506, 129.353, 129.314, 129.273, 129.31, 129.032, 129.234, 129.348, 129.534, 129.1, 129.507, 128.768, 129.963, 129.25, 129.4, 129.939, 128.819, 129.781, 129.35, 129.521, 128.951, 129.809, 128.909, 129.826, 129.012, 129.349, 129.104, 129.089, 129.775, 128.64, 129.379, 128.849, 129.948, 129.39, 129.574, 129.19, 129.739, 128.945, 129.827, 129.088, 129.744, 129.645, 129.387, 129.086, 129.872, 129.414, 129.437, 129.127, 129.704, 129.256, 129.37, 129.143, 129.244, 129.383, 129.675, 129.409, 129.209, 129.702, 129.508, 129.061, 129.84, 128.781, 130, 129.362, 129.583, 129.124, 129.207, 129.51, 129.208, 129.866, 129.186, 
Time to set up datastructures: 7342.08ms
128.571, 128.539, 128.518, 128.521, 128.608, 128.447, 128.596, 128.566, 128.582, 128.54, 128.574, 128.527, 128.511, 128.503, 128.514, 128.575, 128.621, 128.598, 128.589, 128.564, 128.511, 128.439, 128.508, 128.692, 128.546, 128.446, 128.582, 130.448, 128.529, 128.554, 128.45, 128.558, 128.652, 128.63, 128.589, 128.592, 128.614, 128.536, 128.62, 128.591, 128.483, 128.47, 128.66, 128.387, 128.636, 128.452, 128.538, 128.537, 128.476, 128.566, 128.552, 128.601, 128.447, 128.495, 128.654, 128.608, 128.589, 128.491, 128.545, 128.562, 128.628, 128.591, 128.475, 128.484, 128.552, 128.542, 128.546, 128.483, 128.556, 128.653, 128.548, 128.521, 128.562, 128.59, 128.538, 128.538, 128.739, 128.652, 128.587, 128.463, 128.654, 128.621, 128.504, 128.537, 128.519, 128.532, 128.537, 128.591, 128.539, 128.789, 128.525, 128.758, 128.499, 128.423, 128.471, 128.704, 128.644, 128.615, 128.458, 128.623, 
Time to set up datastructures: 7305.36ms
123.284, 123.405, 123.112, 123.481, 123.85, 123.666, 122.976, 123.471, 123.313, 123.18, 123.426, 123.497, 122.856, 123.336, 123.564, 123.404, 123.153, 122.908, 123.38, 123.096, 123.374, 123.083, 123.074, 123.375, 122.947, 123.389, 124.308, 123.47, 130.93, 128.804, 125.837, 123.615, 123.037, 123.483, 123.37, 123.369, 123.458, 123.484, 123.466, 123.728, 123.504, 122.901, 123.511, 122.967, 123.233, 123.334, 123.436, 123.022, 123.379, 124.12, 124.241, 123.737, 123.27, 123.306, 123.94, 123.436, 122.982, 123.322, 123.315, 123.344, 127.919, 123.659, 123.467, 123.594, 123.055, 123.253, 123.426, 123.111, 123.397, 123.415, 123.527, 122.273, 123.389, 123.152, 123.393, 123.368, 123.388, 123.469, 124.297, 123.111, 123.055, 122.893, 123.495, 123.373, 122.989, 123.655, 122.742, 122.855, 123.483, 123.517, 122.891, 123.435, 122.988, 123.309, 123.533, 123.166, 124.178, 123.453, 123.251, 123.299, 
Running TBB implementation
Time to set up datastructures: 5311.52ms
185.977, 185.812, 185.881, 185.855, 186.023, 185.808, 185.854, 185.879, 185.942, 185.759, 186.094, 185.856, 185.912, 185.943, 186.128, 185.867, 186.166, 185.962, 185.977, 186.148, 185.841, 185.887, 185.85, 185.895, 185.951, 185.873, 185.966, 185.935, 185.931, 185.934, 185.845, 185.968, 186.27, 186.234, 185.798, 185.857, 185.869, 186.135, 186.093, 185.924, 186.011, 185.883, 185.951, 186.016, 186.041, 186.023, 185.955, 186.042, 186.066, 186.165, 185.864, 186.069, 185.814, 186.188, 185.808, 185.7, 185.858, 185.822, 185.973, 185.855, 185.911, 185.933, 186.168, 186.118, 186.609, 185.942, 186.015, 186.204, 185.887, 185.861, 185.899, 185.901, 185.98, 185.936, 185.877, 186.307, 185.862, 185.824, 186.075, 185.814, 185.99, 185.874, 186.034, 185.972, 186.063, 185.902, 185.929, 185.844, 185.923, 185.993, 186.033, 185.997, 185.854, 186.242, 186.082, 186.088, 186.532, 186.065, 185.885, 185.929, 
Time to set up datastructures: 4135.57ms
150.379, 147.374, 148.952, 147.094, 147.234, 148.955, 147.697, 148.855, 149.34, 147.403, 150.422, 146.997, 150.2, 146.565, 149.126, 149.095, 148.756, 147.277, 149.01, 144.733, 151.177, 148.059, 149.068, 149.409, 148.706, 148.755, 149.642, 147.227, 149.824, 146.535, 149.749, 149.767, 147.233, 149.443, 148.372, 148.266, 148.304, 150.345, 146.308, 147.933, 149.85, 146.219, 148.035, 150.019, 148.339, 149.9, 146.729, 147.807, 148.108, 148.925, 147.598, 147.274, 146.807, 151.121, 145.413, 149.65, 149.364, 148.728, 148.448, 146.763, 149.593, 149.389, 147.528, 148.095, 149.839, 146.413, 147.319, 148.482, 149.595, 149.125, 149.373, 148.286, 149.665, 148.59, 148.325, 146.287, 149.253, 148.09, 150.41, 150.537, 150.58, 147.625, 149.278, 147.4, 148.549, 146.636, 148.77, 147.906, 147.746, 146.346, 146.024, 149.861, 149.776, 147.21, 146.146, 149.583, 149.579, 147.598, 150.73, 149.948, 
Time to set up datastructures: 6832.06ms
132.011, 142.902, 143.09, 143.142, 143.129, 126.391, 143.817, 129.875, 136.152, 126.974, 130.953, 143.894, 143.342, 143.499, 135.627, 143.448, 135.348, 143.042, 128.423, 127.396, 142.218, 131.889, 129.568, 137.327, 143.722, 135.413, 129.253, 144.617, 143.282, 125.986, 128.5, 131.554, 143.842, 143.244, 143.057, 143.204, 129.405, 137.384, 126.885, 143.606, 128.361, 127.071, 142.762, 143.78, 129.02, 144.657, 125.955, 131.198, 135.972, 126.975, 135.751, 125.381, 142.971, 143.258, 135.487, 128.212, 138.087, 128.863, 144.45, 143.241, 130.015, 138.579, 143.704, 133.078, 136.753, 142.788, 143.339, 143.593, 143.583, 143.192, 133.217, 142.87, 128.605, 144.29, 136.383, 132.694, 143.729, 143.385, 143.378, 131.59, 143.648, 127.882, 129.745, 143.867, 136.225, 143.361, 143.289, 129.752, 143.782, 124.265, 136.634, 143.109, 129.184, 131.621, 129.48, 143.426, 143.281, 128.616, 143.613, 128.218, 
Time to set up datastructures: 6511.58ms
130.103, 130.605, 125.994, 126.624, 134.636, 130.816, 130.238, 123.047, 131.263, 124.929, 122.976, 129.744, 128.377, 122.88, 128.523, 132.755, 130.882, 134.868, 130.114, 129.922, 130.439, 120.525, 128.828, 130.985, 131.001, 125.505, 132.789, 128.596, 134.526, 121.325, 127.44, 130.632, 128.771, 126.426, 132.704, 127.02, 133.161, 126.906, 123.375, 126.195, 125.689, 132.865, 126.749, 130.304, 119.514, 132.082, 130.626, 128.987, 126.28, 137.4, 128.783, 136.396, 136.211, 125.616, 128.148, 130.069, 129.643, 128.445, 130.696, 119.786, 126.823, 129.465, 129.554, 131.424, 129.94, 122.75, 127.859, 127.44, 128.63, 129.868, 133.841, 130.364, 128.982, 130.407, 129.844, 123.104, 129.259, 129.776, 123.422, 128.207, 125.167, 132.126, 131.833, 130.152, 137.052, 129.494, 130.183, 128.699, 126.932, 130.257, 126.184, 133.46, 133.543, 129.091, 131.098, 128.651, 127.451, 135.158, 117.608, 124.821, 
Time to set up datastructures: 7058.18ms
127.041, 126.411, 127.463, 125.962, 123.228, 126.154, 127.337, 127.867, 125.909, 120.928, 118.284, 121.612, 116.266, 120.097, 121.121, 129.46, 112.606, 131.829, 129.4, 133.117, 128.638, 132.47, 124.448, 125.065, 131.519, 126.401, 121.374, 125.154, 120.008, 126.728, 130.898, 128.031, 122.436, 128.387, 128.142, 124.201, 130.86, 131.426, 132.179, 121.637, 130.441, 130.608, 119.308, 123.797, 129.205, 115.557, 127.41, 122.699, 129.187, 126.158, 121.811, 120.298, 123.356, 128.116, 118.808, 129.489, 127.941, 129.777, 123.748, 122.841, 122.917, 127.332, 123.433, 128.259, 122.933, 131.558, 130.247, 122.616, 126.07, 123.301, 119.402, 131.565, 132.075, 126.693, 124.776, 130.371, 124.479, 128.829, 120.862, 128.855, 126.133, 123.286, 130.194, 126.996, 128.569, 130.581, 126.594, 130.871, 123.021, 121.977, 129.884, 135.961, 120.848, 129.989, 122.242, 128.332, 118.503, 125.633, 123.918, 128.771, 
Time to set up datastructures: 7105.05ms
124.441, 130.696, 118.879, 119.39, 115.279, 118.183, 130.485, 122.89, 122.945, 124.724, 131.9, 123.746, 115.504, 118.518, 129.055, 125.266, 125.491, 120.55, 113.519, 116.216, 127.426, 123.996, 128.152, 125.175, 125.495, 121.481, 132.916, 125.63, 129.531, 124.179, 126.723, 121.679, 128.018, 116.929, 121.902, 125.218, 123.412, 120.697, 124.972, 125.23, 123.98, 119.736, 124.023, 126.99, 128.067, 125.999, 119.012, 127.989, 120.164, 122.099, 119.586, 126.968, 131.81, 122.678, 119.525, 129.013, 118.698, 120.583, 122.706, 124.414, 126.755, 128.659, 127.181, 124.213, 121.009, 126.75, 119.169, 125.165, 121.049, 125.481, 125.246, 129.862, 125.479, 123.165, 121.168, 125.985, 118.819, 123.676, 121.803, 123.291, 122.366, 128.166, 123.363, 124.533, 120.618, 130.399, 123.666, 129.704, 119.818, 117.2, 125.231, 121.732, 123.451, 122.056, 125.628, 125.843, 125.989, 125.659, 118.447, 124.171, 
Time to set up datastructures: 7072.05ms
111.385, 122.865, 126.207, 123.704, 127.376, 121.457, 123.234, 121.286, 127.705, 131.853, 121.49, 115.697, 122.047, 114.322, 123.509, 119.846, 123.992, 124.774, 111.742, 117.758, 124.455, 128.87, 117.374, 125.882, 121.078, 115.642, 116.184, 121.625, 112.934, 124.89, 127.592, 117.535, 125.556, 128.942, 122.793, 119.09, 120.368, 124.865, 111.475, 128.663, 119.303, 119.607, 125.719, 130.155, 112.767, 118.577, 113.801, 122.894, 117.758, 117.808, 123.715, 124.36, 118.94, 119.77, 124.35, 116.367, 119.849, 130.709, 122.634, 105.483, 123.841, 119.96, 125.551, 123.562, 121.148, 123.9, 114.93, 124.088, 126.334, 111.749, 130.129, 124.965, 119.051, 118.414, 115.823, 124.516, 124.966, 113.138, 126.216, 123.598, 113.15, 120.733, 127.42, 118.523, 118.75, 123.443, 115.759, 126.188, 120.323, 123.329, 126.943, 119.011, 121.45, 123.495, 120.814, 122.751, 121.401, 123.444, 127.755, 120.799, 
Time to set up datastructures: 7235.49ms
115.26, 123.748, 112.083, 117.793, 118.288, 119.191, 126.459, 118.184, 113.198, 121.966, 113.73, 123.442, 118.063, 122.297, 116.002, 116.264, 122.575, 117.691, 116.156, 119.64, 118.404, 123.174, 119.444, 113.091, 119.846, 121.037, 121.963, 116.819, 121.879, 118.108, 114.759, 122.727, 117.2, 125.656, 120.232, 110.057, 124.657, 119.009, 122.752, 120.491, 114.507, 124.875, 119.33, 121.011, 119.298, 122.717, 111.709, 115.814, 122.063, 121.565, 120.886, 122.65, 113.672, 116.64, 124.687, 118.303, 116.948, 117.927, 116.441, 122.517, 119.672, 124.053, 122.033, 119.56, 122.287, 115.543, 121.611, 113.021, 120.18, 121.116, 126.545, 112.114, 122.505, 119.039, 121.771, 120.066, 122.196, 119.403, 123.908, 115.416, 120.609, 119.496, 117.52, 119.941, 121.28, 122.479, 120.799, 113.289, 125.975, 118.184, 115.013, 118.265, 116.859, 118.641, 118.714, 119.347, 118.302, 116.991, 117.067, 121.409, 
Time to set up datastructures: 7376.97ms
121.379, 112.394, 117.802, 121.258, 118.16, 118.054, 117.129, 112.297, 123.814, 121.526, 120.507, 125.136, 121.31, 118.043, 122.083, 114.93, 124.336, 106.898, 119.392, 119.546, 125.65, 119.417, 125.247, 120.443, 107.202, 122.794, 125.588, 117.34, 123.483, 123.454, 117.376, 124.468, 118.885, 117.335, 118.468, 116.756, 122.845, 117.592, 116.303, 117.509, 112.955, 121.64, 123.598, 117.592, 114.649, 119.127, 123.151, 115.458, 123.779, 121.706, 116.604, 118.837, 126.311, 114.661, 105.257, 125.182, 117.662, 117.931, 115.477, 118.764, 120.511, 124.632, 122.47, 108.922, 118.573, 122.125, 117.143, 118.907, 111.167, 118.875, 112.406, 127.23, 118.729, 119.152, 119.351, 104.686, 125.949, 121.25, 114.692, 113.943, 124.032, 119.527, 122.634, 119.108, 125.033, 116.671, 120.409, 113.499, 112.466, 125.009, 127.138, 123.038, 109.974, 123.892, 114.499, 122.07, 114.399, 119.837, 113.33, 121.553, 
Time to set up datastructures: 7122.64ms
113.973, 117.098, 105.142, 116.188, 117.311, 115.248, 114.73, 109.013, 125.74, 121.886, 114.319, 111.924, 122.219, 124.48, 117.515, 123.304, 117.632, 112.694, 118.425, 117.372, 116.292, 121.549, 108.53, 119.151, 122.091, 123.872, 114.13, 120.627, 119.556, 115.267, 119.944, 121.621, 116.305, 116.322, 116.962, 115.328, 121.707, 112.423, 115.185, 121.513, 121.568, 114.109, 117.857, 103.2, 116.119, 124.762, 120.538, 116.131, 120.86, 111.681, 125.802, 116.145, 121.117, 120.731, 118.428, 121.575, 117.597, 121.328, 118.31, 121.904, 120.628, 106.224, 110.747, 116.341, 101.799, 122.288, 120.544, 120.115, 109.544, 119.603, 122.306, 123.677, 116.192, 123.029, 122.729, 109.122, 113.562, 116.008, 122.04, 121.539, 116.855, 118.188, 118.061, 117.988, 119.056, 121.105, 120.749, 118.249, 117.613, 115.46, 122.345, 112.937, 122.853, 122.326, 114.997, 120.828, 117.777, 111.529, 122.736, 115.713, 
Time to set up datastructures: 7270.05ms
120.609, 117.093, 127.323, 122.686, 123.142, 112.892, 126.538, 111.962, 115.838, 123.877, 111.545, 116.643, 113.235, 107.33, 114.409, 123.19, 108.756, 122.026, 109.859, 113.978, 114.108, 111.653, 119.679, 114.518, 116.052, 121.195, 116.966, 119.159, 120.021, 125.704, 116.463, 119.792, 118.799, 121.213, 123.762, 121.499, 120.648, 118.455, 121.871, 114.741, 120.034, 119.027, 122.437, 120.742, 118.007, 116.255, 121.008, 121.141, 124.02, 117.843, 123.043, 119.946, 121.338, 115.109, 123.022, 119.863, 119.738, 120.954, 118.189, 120.28, 120.863, 122.079, 118.616, 118.723, 121.969, 120.753, 113.874, 116.907, 118.682, 119.853, 116.772, 119.182, 120.559, 118.039, 115.931, 118.766, 117.862, 110.547, 119.968, 120.527, 119.931, 123.459, 117.667, 119.004, 116.852, 118.483, 119.601, 117.786, 119.436, 116.015, 116.747, 120.727, 117.819, 119.773, 118.258, 124.789, 116.526, 119.978, 117.657, 121.445, 
Time to set up datastructures: 7233.12ms
120.423, 119.689, 116.42, 114.19, 116.911, 106.865, 109.002, 118.792, 113.523, 121.647, 113.839, 118.611, 113.528, 111.946, 120.037, 109.169, 122.871, 120.27, 119.666, 116.317, 122.646, 118.848, 114.8, 125.497, 125.057, 112.899, 114.026, 117.431, 122.279, 120.524, 121.104, 116.816, 119.156, 115.395, 123.592, 112.442, 122.356, 119.885, 117.278, 119.917, 121.747, 124.794, 114.438, 114.713, 122.225, 120.928, 108.38, 117.903, 116.096, 109.888, 114.347, 112.865, 118.324, 118.485, 125.198, 122.12, 115.324, 115.61, 122.425, 116.2, 117.593, 114.108, 126.089, 118.318, 110.992, 106.424, 120.467, 115.844, 115.27, 120.459, 120.039, 122.87, 118.457, 121.518, 112.723, 113.656, 119.087, 119.594, 115.527, 114.194, 105.154, 115.349, 109.886, 108.828, 118.23, 118.565, 118.696, 116.08, 113.744, 120.683, 107.773, 117.171, 117.405, 123.5, 119.6, 112.218, 119.472, 116.74, 108.491, 116.716, 
Time to set up datastructures: 7175.58ms
118.888, 114.605, 116.338, 113.853, 122.793, 111.131, 116.559, 122.826, 119.34, 120.735, 108.504, 120.632, 119.36, 112.121, 121.532, 112.178, 119.994, 124.397, 118.592, 120.955, 122.184, 118.885, 108.897, 117.269, 110.822, 108.326, 112.007, 112.601, 114.922, 109.835, 114.557, 124.883, 118.779, 120.031, 125.955, 117.779, 121.556, 117.589, 120.042, 107.488, 119.786, 122.492, 116.476, 116.682, 115.939, 112.735, 116.496, 115.903, 117.787, 121.354, 119.859, 117.235, 113.018, 118.084, 112.879, 108.468, 112.095, 116.003, 111.303, 117.739, 124.19, 115.302, 117.759, 115.617, 109.975, 117.848, 114.437, 111.269, 115.734, 117.673, 118.331, 115.794, 124.176, 114.227, 121.332, 111.008, 115.304, 119.8, 120.997, 114.486, 117.789, 106.558, 118.562, 114.624, 117.508, 120.338, 110.636, 111.909, 117.764, 118.224, 118.892, 113.632, 120.851, 118.06, 120.66, 103.674, 111.759, 100.719, 118.976, 113.791, 
Running TBB_graphs implementation with double the amount of partitions than threads
Time to set up datastructures: 3502.32ms
188.996, 183.923, 186.859, 184.995, 185.011, 188.448, 190.723, 188.215, 185.584, 192.277, 186.905, 189.097, 191.118, 193.993, 191.179, 189.225, 191.392, 187.306, 185.849, 189.177, 184.816, 186.463, 186.566, 189.126, 193.669, 189.315, 187.141, 186.955, 185.914, 185.888, 186.98, 192.82, 183.989, 189.122, 186.127, 186.797, 188.157, 186.587, 188.945, 186.526, 189.93, 194.166, 189.375, 190.936, 186.41, 184.932, 186.425, 186.68, 187.664, 186.597, 186.402, 186.21, 184.604, 183.738, 193.787, 184.868, 187.036, 186.16, 191.459, 183.665, 189.394, 185.205, 186.044, 185.866, 191.524, 194.145, 187.204, 184.702, 189.541, 186.109, 186.481, 186.955, 186.319, 186.567, 192.071, 185.963, 185.383, 190.185, 184.496, 186.21, 186.922, 187.079, 189.332, 189.455, 189.153, 186.386, 191.233, 190.767, 185.891, 189.523, 185.317, 188.283, 186.476, 190.257, 186.431, 185.617, 184.756, 185.998, 186.103, 188.411, 
Time to set up datastructures: 3515.31ms
159.581, 156.498, 158.901, 157.375, 155.243, 159.548, 159.978, 159.025, 155.662, 153.518, 152.804, 157.056, 157.571, 153.466, 153.54, 159.329, 154.609, 155.565, 156.393, 157.992, 158.609, 158.271, 159.551, 159.024, 156.12, 158.137, 156.505, 156.655, 155.648, 157.209, 157.487, 159.893, 159.152, 151.334, 156.769, 156.53, 160.275, 153.133, 158.187, 157.212, 159.266, 157.693, 158.215, 153.325, 156.485, 156.375, 154.853, 153.093, 157.845, 160.135, 156.046, 162.011, 155.606, 157.873, 155.528, 161.395, 160.856, 160.594, 155.282, 158.326, 150.511, 157.479, 150.542, 156.972, 154.207, 157.498, 158.201, 158.426, 157.113, 153.926, 153.648, 157.485, 155.986, 160.098, 154.851, 153.932, 158.889, 157.838, 156.278, 155.599, 155.641, 157.775, 160.975, 156.876, 156.729, 157.824, 156.982, 154.674, 155.081, 158.302, 157.727, 160.315, 153.901, 156.98, 159.005, 155.845, 157.171, 154.886, 158.473, 157.527, 
Time to set up datastructures: 3502.24ms
143.367, 141.741, 145.804, 144.65, 144.019, 141.852, 139.564, 140.78, 140.418, 145.6, 143.16, 144.023, 134.718, 141.809, 135.34, 139.94, 138.812, 136.015, 137.588, 139.282, 137.526, 142.046, 147.967, 145.195, 143.167, 143.419, 144.523, 141.802, 146.313, 138.207, 143.738, 135.943, 138.844, 140.179, 142.685, 146.484, 144.349, 139.519, 141.266, 143.081, 139.897, 138.174, 138.304, 135.665, 143.393, 142.956, 138.059, 143.33, 135.02, 142.815, 142.595, 146.241, 141.916, 142.721, 139.207, 140.8, 139.97, 138.796, 143.184, 138.858, 140.288, 148.128, 144.92, 141.726, 139.515, 146.031, 134.877, 140.206, 140.576, 142.814, 144.649, 138.181, 144.565, 143.456, 140.12, 145.306, 139.905, 138.316, 136.326, 141.951, 139.416, 140.425, 137.288, 142.209, 136.246, 145.378, 142.535, 141.764, 138.171, 145.834, 143.595, 142.461, 136.819, 144.393, 143.857, 145.418, 140.668, 143.102, 143.305, 144.129, 
Time to set up datastructures: 3480.75ms
136.835, 135.516, 127.503, 131.993, 129.69, 130.092, 133.751, 139.563, 141.467, 133.656, 128.981, 133.08, 133.59, 132.361, 129.752, 138.078, 131.369, 143.044, 131.782, 132.578, 138.103, 138.219, 131.24, 131.361, 130.433, 134.723, 133.135, 137.22, 131.726, 135.158, 134.476, 133.354, 135.277, 141.407, 137.493, 132.826, 138.078, 142.309, 136.574, 136.565, 141.085, 133.24, 131.883, 132.89, 137.154, 135.929, 129.288, 131.125, 137.747, 134.2, 131.001, 134.378, 130.626, 132.435, 137.604, 133.328, 130.739, 134.813, 138.409, 141.408, 134.677, 140.157, 134.581, 139.135, 132.659, 139.529, 137.134, 134.136, 132.725, 135.355, 139.703, 137.505, 139.812, 133.123, 127.603, 136.203, 139.616, 137.318, 140.659, 135.192, 140.957, 133.386, 137.086, 136.302, 136.465, 132.5, 140.07, 136.017, 134.663, 131.02, 137.22, 133.758, 139.515, 133.128, 140.286, 135.901, 135.537, 136.277, 134.133, 138.243, 
Time to set up datastructures: 3487.87ms
139.311, 131.232, 129.998, 134.009, 132.237, 126.523, 129.727, 133.185, 129.781, 131.817, 129.962, 137.263, 136.566, 128.618, 133.093, 135.089, 138.121, 135.243, 131.937, 130.842, 133.017, 133.493, 138.443, 129.724, 123.159, 133.948, 134.433, 132.185, 133.718, 125.1, 133.332, 135.151, 129.118, 127.592, 127.754, 130.4, 132.927, 125.01, 131.092, 136.137, 129.561, 134.163, 137.664, 129.11, 130.433, 134.86, 129.283, 132.683, 131.49, 127.67, 133.056, 131.417, 126.822, 130.842, 137.078, 130.916, 132.713, 132.254, 127.37, 136.02, 132.889, 134.539, 134.304, 134.128, 129.196, 132.672, 129.118, 141.165, 133.796, 133.682, 131.681, 136.041, 131.461, 128.997, 137.403, 134.951, 133.313, 122.555, 136.703, 129.408, 131.089, 130.98, 130.51, 128.291, 134.941, 123.696, 132.707, 131.078, 134.994, 138.869, 135.701, 122.292, 130.891, 134.394, 130.333, 131.82, 130.811, 134.958, 132.052, 139.102, 
Time to set up datastructures: 3504.69ms
120.495, 133.863, 127.503, 131.027, 116.937, 127.795, 126.991, 131.908, 128.655, 130.886, 129.877, 133.002, 127.982, 130.765, 131.652, 129.807, 131.77, 126.641, 127.948, 127.344, 130.5, 126.324, 129.385, 131.903, 132.955, 124.427, 132.033, 127.572, 131.414, 131.24, 124.263, 127.95, 133.327, 129.722, 132.439, 126.914, 130.245, 131.294, 121.577, 127.236, 138.997, 130.696, 125.289, 130.325, 127.56, 130.247, 128.724, 128.767, 129.297, 131.631, 130.129, 132.503, 121.576, 130.676, 129.172, 134.987, 132.115, 131.496, 129.795, 124.624, 131.081, 129.613, 130.035, 126.392, 125.788, 127.046, 129.31, 130.269, 125.32, 133.267, 128.08, 132.549, 125.158, 124.174, 130.763, 129.71, 125.326, 134.916, 129.554, 131.149, 130.287, 133.504, 129.223, 132.06, 129.8, 126.818, 125.856, 133.202, 127.923, 132.855, 126.484, 123.778, 131.668, 125.694, 123.538, 131.521, 123.996, 127.877, 130.974, 129.351, 
Time to set up datastructures: 3480.06ms
128.503, 126.063, 128.163, 131.753, 130.594, 130.612, 129.487, 124.9, 128.875, 125.852, 128.369, 131.362, 132.666, 125.325, 129.062, 124.568, 128.796, 123.535, 131.447, 132.368, 127.649, 128.568, 127.864, 128.277, 130.342, 127.505, 135.671, 124.317, 127.935, 128.507, 125.417, 129.504, 128.12, 131.651, 123.131, 129.849, 119.94, 124.622, 129.526, 127.18, 126.76, 127.158, 120.211, 125.016, 125.584, 134.394, 134.295, 126.633, 124.859, 129.134, 124.738, 123.227, 128.654, 127.74, 124.9, 124.416, 125.161, 129.718, 121.199, 129.251, 121.452, 126.03, 123.99, 127.173, 130.329, 130.488, 128.253, 120.117, 126.515, 120.003, 128.316, 122.839, 130.22, 122.693, 130.86, 121.213, 125.439, 128.549, 122.341, 123.503, 126.393, 125.748, 142.78, 126.095, 131.472, 125.748, 123.825, 124.937, 121.328, 125.418, 131.136, 123.238, 127.055, 125.359, 131.063, 124.196, 138.585, 130.207, 129.625, 128.774, 
Time to set up datastructures: 3498.58ms
126.075, 121.713, 126.125, 128.474, 121.793, 128.234, 124.27, 122.727, 127.094, 127.495, 124.7, 124.843, 127.131, 122.262, 118.455, 124.529, 125.747, 121.616, 121.855, 129.153, 119.997, 123.086, 117.402, 123.613, 124.518, 125.862, 121.715, 126.482, 127.745, 125.695, 126.572, 111.379, 129.737, 127.189, 115.277, 120.492, 112.36, 125.787, 124.207, 121.813, 125.879, 127.821, 118.899, 126.169, 121.172, 122.75, 125.677, 123.487, 132.777, 127.762, 122.426, 128.471, 125.705, 116.199, 124.455, 121.02, 122.931, 124.971, 119.972, 125.19, 124.441, 129.335, 122.882, 120.348, 117.854, 122.988, 122.911, 122.503, 120.907, 125.472, 114.411, 119.758, 126.893, 117.939, 127.704, 124.316, 125.027, 125.547, 119.478, 128.209, 127.24, 123.752, 115.422, 126.05, 122.061, 126.539, 127.27, 128.374, 125.576, 118.599, 129.452, 120.607, 124.224, 122.463, 126.361, 124.005, 125.896, 122.944, 123.948, 126.79, 
Time to set up datastructures: 3493.71ms
127.538, 127.374, 126.927, 125.055, 127.009, 120.712, 124.883, 127.88, 130.462, 126.423, 129.863, 115.037, 125.365, 126.52, 126.739, 127.449, 127.238, 126.207, 127.948, 125.429, 124.179, 122.206, 122.042, 125.937, 125.365, 127.42, 118.332, 124.42, 121.269, 122.174, 124.881, 122.628, 127.327, 118.972, 124.462, 126.759, 123.269, 125.304, 123.58, 121.332, 122.077, 122.802, 119.364, 127.822, 127.539, 122.311, 119.924, 128.953, 127.912, 125.107, 125.551, 127.097, 121.55, 124.404, 129.492, 125.346, 124.562, 124.202, 119.893, 118.915, 125.776, 121.852, 124.332, 128.241, 122.956, 120.895, 119.687, 122.781, 134.516, 115.601, 122.677, 120.899, 131.204, 124.883, 123.351, 122.561, 123.722, 115.746, 121.089, 125.588, 117.134, 123.405, 120.685, 127.657, 124.158, 125.253, 125.744, 123.202, 120.733, 120.536, 125.641, 121.678, 122.585, 124.91, 124.716, 121.091, 126.128, 125.563, 125.647, 123.81, 
Time to set up datastructures: 3477.42ms
115.194, 128.1, 124.163, 132.089, 121.803, 127.477, 124.944, 116.825, 127.041, 125.702, 118.874, 126.045, 124.809, 118.558, 127.61, 123.915, 126.166, 121.582, 121.635, 124.659, 123.274, 124.84, 125.379, 121.686, 124.482, 122.108, 122.107, 122.996, 119.205, 120.142, 119.257, 125.185, 122.55, 124.976, 121.88, 124.926, 123.183, 127.998, 130.012, 122.252, 127.954, 123.611, 120.627, 122.976, 124.125, 120.079, 125.375, 119.973, 127.85, 122.113, 125.102, 124.209, 121.57, 123.532, 123.848, 124.118, 121.107, 122.571, 123.311, 113.038, 122.812, 124.597, 127.92, 123.655, 123.335, 125.991, 126.504, 117.45, 126.648, 119.703, 113.68, 114.892, 126.958, 124.536, 127.55, 126.311, 120.05, 123.524, 125.687, 126.436, 130.925, 127.037, 129.958, 124.584, 128.152, 118.878, 124.044, 127.276, 122.949, 125.247, 134.18, 121.268, 120.892, 122.012, 120.556, 126.959, 123.937, 122.438, 121.747, 120.008, 
Time to set up datastructures: 3519.92ms
126.875, 123.07, 123.297, 117.949, 122.001, 127.548, 124.485, 126.148, 121.932, 120.244, 117.909, 122.417, 126.46, 125.683, 129.053, 129.901, 124.607, 125.374, 127.637, 128.175, 125.172, 125.543, 121.108, 126.333, 126.17, 126.723, 119.567, 121.726, 127.326, 124.022, 125.505, 125.495, 127.637, 122.448, 118.022, 116.546, 127.39, 123.089, 127, 122.331, 125.231, 126.03, 125.052, 122.358, 121.068, 124.736, 124.906, 127.833, 128.403, 123.883, 123.609, 127.333, 125.542, 126.271, 121.929, 123.108, 131.247, 126.617, 127.562, 122.552, 127.295, 126.263, 115.971, 123.898, 126.097, 125.425, 125.788, 117.106, 126.486, 122.636, 126.23, 121.186, 129.304, 116.83, 121.127, 126.554, 126.676, 121.758, 124.985, 126.083, 123.698, 124.853, 118.524, 120.759, 123.266, 124.944, 127.473, 127.862, 125.626, 123.421, 123.256, 122.46, 131.033, 119.81, 123.628, 120.984, 124.019, 124.99, 125.691, 121.863, 
Time to set up datastructures: 3507.09ms
124.193, 126.49, 125.627, 128.772, 122.153, 119.231, 120.108, 124.328, 127.959, 122.905, 127.602, 127.853, 126.449, 125.383, 122.472, 122.216, 115.824, 121.19, 122.407, 121.578, 126.507, 122.683, 124.309, 127.359, 124.213, 132.495, 123.186, 125.155, 123.278, 126.708, 126.561, 126.747, 121.922, 117.582, 119.786, 121.641, 125.261, 126.816, 124.663, 116.229, 127.299, 125.425, 122.908, 125.798, 119.394, 119.189, 125.177, 117.809, 124.897, 126.448, 123.058, 121.324, 125.281, 125.102, 123.037, 119.94, 126.164, 118.646, 121.639, 119.104, 128.026, 123.953, 116.778, 124.928, 122.709, 117.338, 122.567, 122.126, 124.912, 124.237, 127.67, 125.485, 116.021, 128.106, 125.638, 124.349, 124.859, 121.711, 116.524, 126.027, 123.392, 122.637, 124.981, 122.95, 119.086, 123.177, 129.783, 121.694, 133.289, 124.028, 123.373, 126.836, 131.744, 124.711, 115.546, 127.034, 124.358, 124.387, 126.129, 122.389, 
Time to set up datastructures: 3492.62ms
125.15, 124.015, 128.868, 124.102, 127.105, 127.071, 126.273, 124.272, 127.107, 124.989, 126.99, 118.573, 132.54, 125.95, 125.428, 123.456, 123.898, 123.375, 119.461, 123.757, 120.351, 122.866, 125.319, 127.428, 121.2, 126.365, 120.574, 122.155, 128.024, 123.162, 127.303, 123.457, 119.576, 128.026, 112.241, 124.755, 122.98, 124.543, 119.285, 125.713, 126.275, 126.17, 122.854, 124.426, 121.401, 126.063, 127.604, 129.406, 129.373, 122.774, 127.408, 129.238, 123.311, 124.852, 125.176, 126.883, 126.1, 128.053, 123.537, 127.099, 125.735, 123.505, 127.535, 122.314, 127.959, 128.134, 122.954, 124.716, 125.663, 122.265, 123.142, 130.49, 125.985, 120.504, 123.667, 118.664, 127.657, 129.236, 124.31, 120.221, 122.589, 127.489, 129.824, 126.104, 127.347, 118.116, 123.89, 125.393, 123.601, 122.826, 124.078, 124.148, 124.285, 129.406, 128.42, 128.127, 127.932, 123.951, 118.298, 125.39, 
Running Threadpool implementation with double the amount of partitions than threads
Time to set up datastructures: 3590.19ms
188.08, 186.535, 189.352, 184.934, 184.77, 184.602, 184.535, 188.739, 185.481, 188.407, 184.67, 184.525, 185.297, 184.923, 188.341, 185.611, 186.18, 184.74, 186.135, 185.575, 185.125, 188.648, 185.255, 185.09, 184.734, 187.616, 184.819, 185.163, 186.13, 184.823, 187.521, 184.679, 186.968, 184.732, 187.393, 184.615, 185.931, 185.079, 185.751, 186.28, 186.14, 188.495, 185.277, 184.795, 185.511, 189.979, 185.33, 185.012, 188.059, 185.193, 184.963, 184.614, 188.398, 185.149, 185.072, 185.15, 184.923, 186.384, 184.612, 189.012, 185.636, 184.887, 185.322, 185.418, 184.878, 184.656, 187.976, 185.154, 186.961, 185.206, 186.053, 184.583, 186.604, 188.372, 184.314, 184.371, 184.7, 185.328, 185.147, 184.786, 184.602, 188.544, 186.441, 187.23, 186.696, 185.005, 184.877, 184.736, 184.678, 185.189, 189.568, 184.936, 185.092, 185.115, 184.947, 186.007, 189.235, 187.347, 185.306, 184.893, 
Time to set up datastructures: 3598.53ms
149.459, 151.885, 151.817, 152.904, 151.176, 152.382, 152.115, 152.085, 151.632, 151.817, 152.291, 151.346, 151.97, 151.652, 151.554, 152.198, 151.446, 151.833, 151.661, 152.399, 151.894, 151.817, 152.342, 152.241, 151.545, 152.556, 151.156, 152.547, 151.984, 152.077, 152.342, 151.672, 150.783, 150.963, 150.692, 150.513, 151.374, 151.934, 151.775, 152.641, 151.678, 151.985, 152.308, 152.227, 152.046, 151.959, 152.436, 152.223, 151.624, 152.533, 152.374, 153.38, 151.849, 151.577, 151.222, 151.892, 152.566, 151.88, 152.273, 151.706, 151.977, 152.084, 152.589, 151.937, 152.623, 152.435, 151.001, 151.7, 152.6, 151.967, 150.687, 152.311, 150.779, 151.583, 150.821, 151.649, 152.307, 153.224, 152.098, 150.397, 152.168, 151.373, 151.813, 150.249, 151.793, 151.698, 152.338, 151.854, 152.087, 152.381, 152.546, 152.577, 150.551, 151.104, 152.02, 152.281, 151.802, 151.926, 152.38, 151.502, 
Time to set up datastructures: 3581.94ms
138.656, 136.486, 133.108, 135.355, 134.609, 135.617, 134.921, 136.067, 135.782, 137.126, 135.698, 135.624, 136.218, 135.954, 137.433, 134.877, 137.473, 137.4, 134.77, 136.057, 132.954, 136.643, 135.67, 134.635, 136.079, 136.988, 135.846, 133.521, 135.083, 135.789, 135.421, 135.054, 135.613, 136.038, 135.316, 135.781, 134.252, 135.255, 133.687, 135.299, 135.11, 135.305, 136.337, 136.109, 134.614, 136.058, 137.922, 135.059, 136.368, 135.028, 136.141, 135.799, 133.495, 136.57, 137.497, 135.403, 135.73, 135.465, 136.098, 135.317, 135.098, 137.189, 135.454, 133.797, 135.485, 136.544, 135.903, 135.261, 135.543, 135.433, 135.829, 135.052, 134.644, 135.911, 136.268, 137.091, 135.191, 135.761, 135.135, 134.808, 135.471, 135.245, 134.799, 136.149, 135.332, 133.9, 133.315, 135.669, 135.495, 135.058, 136.466, 136.092, 134.967, 135.142, 135.955, 136.537, 135.208, 135.172, 132.657, 136.685, 
Time to set up datastructures: 3577.83ms
128.003, 127.553, 127.96, 126.66, 128.195, 127.516, 128.476, 128.652, 128.048, 129.363, 128.48, 128.01, 128.182, 128.439, 128.019, 129.38, 128.958, 128.37, 126.243, 127.759, 127.453, 127.425, 128.506, 128.217, 127.547, 128.55, 129.105, 128.032, 128.35, 127.217, 128.145, 129.084, 128.778, 127.611, 127.585, 127.332, 128.549, 127.875, 128.714, 127.507, 126.404, 125.765, 128.963, 128.823, 127.823, 129.209, 127.679, 128.851, 129.48, 126.759, 129.648, 128.626, 128.536, 127.161, 128.326, 127.539, 127.043, 125.816, 128.579, 128.563, 127.592, 126.796, 126.952, 129.221, 128.518, 128.457, 127.998, 126.461, 128.201, 127.244, 128.956, 128.198, 127.538, 127.831, 127.363, 126.873, 127.489, 127.229, 128.699, 128.231, 129.52, 127.671, 128.766, 126.502, 127.787, 127.168, 127.06, 129.584, 129.317, 127.416, 129.14, 128.037, 126.857, 128.136, 127.701, 126.385, 126.819, 124.276, 127.287, 128.007, 
Time to set up datastructures: 3586.17ms
125.238, 125.544, 125.292, 125.324, 124.496, 127.684, 124.78, 123.82, 124.649, 128.122, 126.824, 125.865, 125.846, 125.492, 128.073, 126.275, 126.614, 126.038, 123.958, 125.748, 124.482, 124.822, 126.428, 128.098, 126.374, 123.712, 125.303, 126.413, 127.084, 126.304, 124.693, 124.868, 125.034, 125.195, 124.192, 124.701, 125.539, 125.302, 126.662, 125.307, 123.525, 123.534, 125.258, 125.556, 125.271, 124.538, 123.484, 125.383, 125.223, 125.059, 124.995, 124.825, 124.785, 127.636, 122.76, 127.063, 128.575, 126.277, 125.349, 124.786, 123.974, 124.12, 125.121, 125.12, 125.1, 124.636, 125.434, 125.474, 125.09, 124.737, 126.374, 124.755, 124.314, 125.053, 125.85, 126.135, 125.355, 125.528, 126.303, 125.378, 125.242, 124.425, 124.113, 125.266, 125.368, 122.737, 126.032, 126.185, 123.79, 124.339, 124.439, 125.314, 126.873, 122.545, 126.069, 124.228, 125.313, 125.287, 125.101, 125.574, 
Time to set up datastructures: 3576.04ms
122.092, 124.795, 119.538, 119.324, 118.144, 118.029, 117.947, 120.965, 118.858, 122.397, 120.864, 122.152, 119.145, 117.673, 119.632, 117.907, 117.879, 118.468, 120.019, 119.722, 120.05, 118.453, 117.98, 119.199, 120.795, 120.61, 123.642, 120.474, 120.109, 117.041, 118.084, 122.036, 121.53, 122.29, 124.297, 118.657, 118.192, 117.448, 119.165, 120.982, 122.797, 121.816, 120.662, 120.352, 120.422, 120.347, 118.098, 121.362, 118.566, 119.977, 119.603, 118.558, 124.986, 122.432, 122.557, 121.445, 118.061, 119.505, 122.759, 118.955, 121.561, 120.331, 122.52, 119.673, 123.905, 122.917, 119.948, 117.413, 119.653, 124.572, 122.825, 120.707, 116.792, 118.474, 119.298, 117.453, 118.155, 121.334, 117.761, 118.874, 118.101, 120.999, 121.428, 122.952, 121.819, 118.628, 118.058, 118.229, 120.364, 119.168, 119.047, 121.744, 122.699, 118.882, 120.267, 120.177, 119.712, 123.271, 121.988, 118.492, 
Time to set up datastructures: 3573.91ms
128.773, 128.252, 126.751, 127.372, 122.779, 125.365, 125.773, 125.438, 129.307, 126.12, 124.785, 126.296, 129.662, 128.446, 122.382, 124.079, 129.386, 125.951, 127.229, 123.932, 126.852, 129.28, 124.985, 122.987, 125.474, 127.431, 127.206, 123.392, 122.026, 127.781, 128.109, 127.635, 127.145, 127.073, 127.895, 127.158, 122.504, 129.406, 126.898, 125.465, 126.228, 128.187, 128.892, 128.61, 126.324, 125.71, 125.376, 128.787, 123.063, 129.908, 127.378, 125.8, 124.074, 120.553, 129.42, 124.058, 129.031, 127.555, 129.256, 126.554, 123.564, 130.124, 122.505, 121.535, 129.589, 129.596, 125.489, 123.97, 123.929, 126.28, 128.065, 123.176, 124.555, 128.679, 128.119, 120.572, 128.597, 129.077, 128.524, 127.951, 127.857, 129.89, 126.436, 129.959, 129.114, 125.005, 128.483, 126.571, 123.949, 128.703, 119.419, 128.271, 128.097, 124.707, 125.903, 127.565, 120.652, 125.235, 128.448, 126.276, 
Time to set up datastructures: 3607.07ms
113.69, 113.995, 111.014, 113.215, 110.871, 110.554, 107.901, 109.61, 108.845, 114.454, 113.386, 113.712, 111.991, 111.305, 112.743, 113.563, 111.128, 112.181, 113.031, 111.739, 110.378, 114.785, 113.225, 108.311, 107.006, 112.974, 114.219, 111.678, 112.085, 106.538, 108.856, 109.373, 112.743, 112.381, 115.143, 113.737, 110.888, 107.287, 108.318, 116.629, 114.22, 110.889, 110.677, 111.092, 108.928, 112.738, 112.589, 111.364, 110.308, 114.679, 111.926, 112.724, 115.712, 110.543, 111.942, 112.157, 111.536, 110.943, 110.281, 112.853, 113.392, 111.174, 113.226, 111.757, 110.589, 111.697, 111.269, 111.188, 115.239, 114.229, 112.019, 117.999, 110.778, 114.137, 110.91, 113.167, 111.11, 107.146, 110.763, 107.395, 107.909, 109.24, 110.813, 114.008, 112.003, 118.772, 113.455, 111.091, 111.713, 110.436, 111.039, 116.38, 110.521, 110.796, 110.077, 112.361, 111.264, 112.801, 111.894, 112.208, 
Time to set up datastructures: 3567.68ms
122.827, 125.339, 119.893, 121.607, 124.489, 121.902, 124.112, 120.922, 118.996, 126.352, 120.89, 121.209, 126.565, 122.433, 121.175, 122.551, 126.597, 123.517, 123.996, 121.935, 122.495, 122.623, 122.235, 121.415, 122.901, 121.207, 117.483, 123.775, 122.055, 126.344, 125.169, 122.65, 118.334, 121.64, 119.211, 121.52, 124.672, 121.062, 120.724, 125.485, 121.746, 125.855, 121.798, 123.844, 126.264, 121.203, 122.491, 122.989, 120.446, 125.394, 122.738, 120.542, 120.602, 119.43, 121.623, 122.589, 122.29, 122.002, 125.773, 120.82, 124.991, 123.352, 123.626, 124.388, 122.312, 126.16, 123.061, 123.057, 122.453, 123.686, 126.581, 121.861, 121.056, 125.738, 124.737, 123.14, 121.771, 122.116, 124.577, 121.639, 123.232, 126.105, 124.344, 123.326, 120.526, 117.051, 118.918, 125.232, 125.074, 124.813, 125.047, 122.319, 123.367, 123.931, 121.456, 119.86, 121.71, 123.618, 123.937, 125.959, 
Time to set up datastructures: 3581.7ms
117.371, 117.428, 118.851, 118.76, 116.338, 116.229, 116.045, 117.402, 117.251, 117.793, 111.593, 116.173, 117.033, 120.897, 114.951, 117.458, 116.792, 116.951, 117.373, 119.718, 118.398, 117.87, 120.603, 115.631, 120.934, 115.899, 114.859, 120.599, 119.736, 116.149, 115.975, 115.252, 118.294, 119.6, 115.152, 121.461, 121.776, 118.473, 121.005, 116.586, 114.049, 121.25, 120.132, 117.775, 114.863, 115.162, 119.266, 113.203, 116.213, 113.428, 120.275, 114.945, 117.524, 121.11, 114.098, 117.597, 115.506, 114.091, 114.469, 120.781, 115.984, 115.768, 115.296, 113.61, 118.117, 118.914, 114.457, 120.097, 122.13, 117.55, 116.643, 120.904, 119.364, 116.945, 115.692, 123.155, 121.004, 116.574, 119.014, 115.976, 119.297, 118.692, 117.29, 116.276, 120.067, 117.165, 114.895, 115.422, 117.276, 115.317, 114.353, 112.848, 118.016, 116.241, 113.866, 117.175, 116.913, 115.882, 119.678, 114.982, 
Time to set up datastructures: 3567.9ms
111.494, 111.267, 112.093, 110.613, 113.071, 111.331, 112.143, 112.019, 109.626, 111.563, 111.656, 112.198, 111.226, 113.177, 112.62, 110.55, 111.685, 112.164, 111.373, 112.217, 114.024, 111.585, 112.464, 112.401, 111.109, 115.564, 114.102, 111.295, 111.83, 112.713, 112.301, 110.431, 114.413, 111.781, 112.641, 112.955, 113.113, 112.182, 114.491, 111.352, 111.454, 114.723, 115.927, 111.898, 111.76, 112.826, 111.964, 115.968, 112.379, 111.677, 110.857, 112.199, 111.728, 113.001, 112.876, 112.593, 111.225, 112.956, 112.06, 112.392, 112.239, 112.278, 114.091, 116.045, 112.148, 112.869, 110.179, 112.264, 113.435, 111.221, 113.109, 112.378, 110.427, 119.363, 112.797, 111.226, 111.479, 112.262, 111.522, 113.215, 112.154, 111.581, 113.236, 111.841, 110.579, 113.302, 112.779, 112.08, 110.549, 111.62, 111.264, 112.209, 115.433, 114.924, 112.756, 111.877, 112.547, 115.226, 113.486, 113.371, 
Time to set up datastructures: 3588.08ms
113.136, 110.515, 113.417, 112.432, 113.914, 112.54, 113.36, 112.42, 112.3, 113.302, 113.826, 113.502, 114.275, 112.941, 112.964, 113.105, 113.102, 113.974, 113.002, 113.884, 113.058, 113.318, 113.335, 113.716, 113.316, 113.844, 112.797, 113.874, 113.246, 113.123, 113.105, 115.158, 113.065, 112.617, 113.242, 113.851, 113.416, 113.465, 113.285, 114, 113.623, 113.695, 111.655, 114.363, 113.032, 113.61, 113.371, 112.876, 113.485, 113.552, 110.537, 113.633, 113.649, 113.481, 113.492, 113.479, 113.889, 113.51, 112.377, 112.392, 112.869, 113.475, 113.921, 113.013, 113.426, 113.641, 115.263, 113.106, 113.285, 113.115, 113.262, 113.235, 113.716, 112.854, 113.375, 112.539, 113.72, 115.874, 113.412, 112.962, 112.675, 112.929, 111.9, 114.122, 113.274, 114.167, 114.246, 111.885, 112.534, 110.963, 113.544, 112.817, 113.115, 113.834, 113.068, 113.223, 113.163, 113.478, 112.808, 112.733, 
Time to set up datastructures: 3568.35ms
116.17, 116.593, 114.975, 119.89, 115.668, 115.938, 116.632, 116.513, 117.596, 115.09, 116.181, 117.41, 116.03, 114.162, 118.727, 117.036, 116.107, 116.868, 114.735, 117.086, 117.393, 115.509, 116.408, 116.799, 117.111, 116.534, 117.053, 115.31, 115.272, 116.736, 114.426, 116.614, 114.48, 119.559, 114.845, 114.176, 114.183, 117.599, 114.39, 115.288, 115.482, 116.161, 115.475, 116.688, 115.936, 115.933, 115.718, 119.753, 115.435, 119.564, 116.213, 116.912, 115.327, 115.964, 115.761, 115.785, 116.367, 115.114, 115.971, 116.831, 116.086, 115.107, 115.853, 117.134, 115.932, 116.667, 116.223, 116.615, 117.269, 114.126, 117.29, 114.606, 116.783, 115.703, 117.253, 115.971, 113.205, 116.72, 115.066, 116.741, 115.291, 117.126, 115.732, 115.848, 115.851, 117.652, 114.291, 118.04, 114.24, 117.729, 115.666, 115.391, 118.948, 116.77, 115.901, 114.994, 117.44, 116.881, 114.275, 115.995, 
Running CRSMerge implementation
Time to set up datastructures: 5069.17ms
171.403, 171.477, 171.531, 171.502, 171.635, 171.444, 171.506, 171.606, 171.402, 171.534, 171.55, 171.522, 171.522, 171.508, 171.412, 171.65, 171.561, 171.506, 171.55, 171.566, 171.554, 171.811, 171.537, 171.535, 171.581, 171.378, 171.579, 171.5, 171.539, 171.546, 171.591, 171.511, 171.408, 171.233, 171.449, 171.541, 171.608, 171.531, 171.513, 171.378, 171.437, 171.451, 171.435, 171.34, 171.542, 171.531, 171.61, 171.574, 171.468, 171.457, 171.499, 171.438, 171.518, 171.667, 171.605, 171.393, 171.51, 171.542, 171.564, 171.503, 171.389, 171.543, 171.365, 171.558, 171.46, 171.481, 171.516, 171.605, 171.396, 171.503, 171.467, 171.39, 171.497, 171.544, 171.672, 171.482, 171.463, 171.644, 171.54, 171.583, 171.497, 171.705, 171.665, 171.529, 171.547, 171.502, 171.543, 171.724, 171.545, 171.458, 171.372, 171.464, 171.573, 171.723, 171.466, 171.656, 171.603, 171.421, 171.434, 171.537, 
Time to set up datastructures: 4136.56ms
147.387, 147.533, 147.21, 147.274, 147.19, 147.364, 147.625, 148.026, 147.514, 147.264, 147.5, 147.327, 147.209, 147.413, 147.185, 148.198, 147.189, 147.205, 147.255, 147.226, 147.25, 147.579, 147.185, 147.232, 147.257, 147.275, 147.321, 147.447, 147.402, 147.434, 147.209, 147.491, 147.466, 147.38, 147.202, 147.445, 147.165, 147.278, 147.451, 147.153, 147.404, 147.329, 147.674, 147.359, 147.235, 147.228, 147.613, 147.42, 147.483, 147.271, 147.313, 147.264, 147.262, 147.34, 147.295, 147.169, 147.467, 147.349, 147.228, 147.358, 147.24, 147.222, 147.449, 147.264, 147.231, 147.265, 147.188, 147.421, 147.385, 147.864, 147.59, 147.208, 147.297, 147.241, 147.527, 147.325, 147.325, 147.261, 147.207, 147.318, 147.319, 147.337, 147.17, 147.776, 147.202, 147.314, 147.348, 147.352, 147.253, 147.436, 147.297, 147.3, 147.359, 147.192, 147.274, 147.487, 147.526, 147.61, 147.247, 147.29, 
Time to set up datastructures: 6816.59ms
141.615, 141.588, 141.701, 141.667, 141.653, 141.535, 141.671, 141.532, 141.424, 141.697, 141.662, 141.639, 141.728, 141.635, 141.595, 141.575, 141.636, 141.766, 141.661, 141.652, 141.642, 141.723, 141.398, 141.623, 141.556, 141.698, 141.775, 141.561, 141.647, 141.563, 141.589, 141.682, 141.641, 141.657, 141.627, 141.632, 141.487, 141.501, 141.646, 141.739, 141.616, 141.568, 141.609, 141.621, 141.511, 141.638, 141.603, 141.543, 141.665, 142.043, 142.267, 141.343, 141.609, 141.727, 141.774, 141.608, 141.591, 141.614, 141.618, 141.579, 141.692, 141.68, 141.579, 141.621, 141.619, 141.422, 141.603, 141.587, 141.649, 141.587, 141.629, 141.58, 141.568, 141.654, 141.571, 141.661, 141.652, 141.615, 141.606, 141.396, 141.649, 141.654, 141.64, 141.611, 141.563, 141.608, 141.572, 141.615, 141.499, 141.634, 141.568, 141.698, 141.676, 141.383, 141.543, 141.66, 141.69, 141.676, 141.675, 141.636, 
Time to set up datastructures: 6511.36ms
137.194, 137.015, 136.986, 137.081, 137.12, 137.206, 137.029, 137.254, 137.107, 137.177, 137.114, 137.018, 137.078, 137.069, 137.087, 137.066, 137.439, 137.056, 137.171, 136.966, 137.05, 137.119, 137.164, 137.086, 137.053, 137.081, 137.226, 137.115, 137.073, 137.146, 137.106, 137.213, 137.138, 137.036, 137.411, 137.156, 137.03, 137.111, 137.216, 137.173, 137.068, 137.09, 137.074, 137.363, 137.083, 137.181, 137.15, 137.241, 137.051, 137.097, 137.36, 137.047, 137.038, 137.179, 137.04, 137.352, 137.2, 137.04, 137.379, 137.031, 137.1, 137.214, 137.03, 137.135, 137.212, 137.044, 137.148, 137.102, 137.13, 137.061, 137.225, 137.2, 137.067, 137.282, 137.214, 137.043, 137.073, 137.476, 137.068, 137.02, 137.046, 137.168, 137.014, 137.05, 137.114, 137.569, 137.003, 137.112, 137.344, 137.042, 136.999, 137.083, 137.086, 137.099, 137.087, 137.125, 137.048, 137.09, 137.172, 137.046, 
Time to set up datastructures: 7113.09ms
133.758, 133.832, 133.716, 133.899, 133.848, 133.935, 133.914, 134.154, 133.741, 133.711, 133.755, 133.77, 133.862, 133.954, 133.724, 133.754, 133.842, 133.829, 133.897, 133.791, 134.02, 133.875, 133.881, 133.883, 133.746, 133.815, 133.682, 133.965, 133.875, 133.966, 133.742, 133.83, 133.689, 133.989, 133.682, 134.098, 133.963, 133.939, 133.887, 133.698, 133.929, 133.737, 134.013, 133.892, 133.91, 133.965, 133.916, 133.892, 133.771, 133.829, 133.894, 133.82, 133.882, 133.696, 133.996, 133.907, 133.794, 133.817, 133.871, 133.852, 133.723, 133.835, 133.805, 133.928, 133.994, 133.831, 133.995, 133.672, 133.907, 133.687, 133.936, 133.621, 134.052, 133.862, 133.781, 133.819, 133.838, 133.818, 133.907, 133.661, 133.876, 133.866, 133.868, 133.784, 133.914, 133.931, 133.758, 133.732, 133.943, 133.732, 133.976, 133.655, 134.396, 133.851, 134.008, 133.873, 134.148, 133.804, 134.071, 133.755, 
Time to set up datastructures: 7263.49ms
127.344, 128.821, 127.379, 127.333, 127.322, 127.322, 127.382, 127.274, 127.338, 127.335, 127.307, 127.286, 127.42, 127.452, 127.369, 127.358, 127.265, 127.273, 127.221, 127.285, 127.312, 127.35, 127.431, 127.41, 127.368, 127.317, 127.247, 127.278, 127.369, 127.272, 127.408, 127.291, 127.36, 127.33, 127.374, 127.301, 127.329, 127.373, 127.346, 127.244, 127.365, 127.315, 127.351, 127.344, 127.269, 127.271, 127.245, 127.251, 127.286, 127.287, 127.331, 127.294, 127.436, 127.404, 127.312, 127.365, 127.334, 127.281, 127.269, 127.273, 127.344, 127.339, 127.322, 127.443, 127.414, 127.335, 127.32, 127.402, 127.274, 127.206, 127.391, 127.336, 127.231, 127.28, 127.251, 127.326, 127.264, 127.305, 127.299, 127.265, 127.293, 127.334, 127.456, 127.353, 127.461, 127.366, 127.317, 127.37, 127.4, 127.38, 127.266, 127.377, 127.347, 127.295, 127.319, 127.389, 127.316, 127.286, 127.281, 127.273, 
Time to set up datastructures: 7113.73ms
127.751, 127.889, 127.941, 127.981, 127.581, 127.694, 127.772, 127.62, 127.694, 127.92, 127.548, 127.944, 128.097, 127.829, 128.031, 127.855, 127.566, 127.798, 127.633, 127.807, 127.742, 127.996, 127.728, 127.696, 127.876, 128.018, 127.631, 127.792, 127.814, 127.679, 127.783, 127.952, 127.881, 127.905, 127.733, 127.892, 127.91, 127.774, 127.618, 127.875, 127.866, 127.837, 127.867, 127.932, 127.756, 127.977, 127.777, 127.441, 127.81, 127.967, 127.883, 127.883, 127.855, 127.823, 127.483, 127.76, 127.888, 127.522, 127.873, 127.901, 127.831, 127.818, 127.591, 127.779, 127.858, 127.518, 127.799, 127.424, 127.798, 127.812, 127.815, 127.791, 127.729, 127.979, 127.92, 127.952, 127.714, 127.859, 127.784, 127.297, 127.812, 127.929, 127.657, 127.975, 128.025, 127.954, 127.757, 127.69, 127.893, 127.918, 127.838, 127.86, 127.894, 127.76, 127.513, 127.823, 127.875, 127.831, 127.856, 127.611, 
Time to set up datastructures: 7468.66ms
127.051, 127.052, 127.041, 127.042, 127.059, 127.017, 127.033, 127.104, 127.069, 127.142, 127.047, 127.026, 127.062, 127.074, 127.065, 127.164, 126.965, 126.998, 127.075, 127.086, 127.077, 127.054, 127.1, 127.022, 126.987, 127.044, 127.082, 127.057, 127.083, 127.053, 127.16, 127.141, 127.054, 127.034, 127.084, 127.082, 126.981, 127.057, 126.963, 127.131, 127.032, 127.043, 127.039, 127.054, 127.012, 127.111, 127.037, 127.136, 127.004, 127.126, 127.078, 127.015, 127.066, 127.003, 127.104, 127.129, 126.809, 127.049, 127.031, 127.068, 127.15, 127.024, 126.988, 127.095, 127.031, 127.125, 128.974, 126.815, 127.094, 127.042, 127.065, 127.028, 127.017, 127.052, 127.027, 127.075, 127.08, 127.049, 127.117, 127.014, 127.098, 127.022, 127.068, 127.06, 127.066, 127.038, 127.025, 127.022, 127.115, 127.19, 127.079, 127.109, 127.145, 127.132, 127.111, 127.066, 127.372, 127.087, 127.062, 127.053, 
Time to set up datastructures: 7267.2ms
127.831, 127.717, 127.769, 127.71, 127.829, 127.033, 127.622, 128.019, 126.63, 128.155, 127.176, 127.785, 126.878, 127.708, 126.945, 127.931, 127.105, 127.886, 127.762, 127.532, 127.158, 127.394, 127.853, 126.859, 127.611, 127.42, 126.895, 128.159, 126.645, 127.798, 127.527, 127.728, 127.221, 128.071, 126.944, 127.89, 126.962, 127.853, 127.363, 127.402, 126.74, 127.683, 126.748, 128.072, 127.422, 127.83, 127.093, 127.675, 128.249, 127.028, 127.744, 128.02, 127.06, 127.99, 126.67, 128.081, 127.457, 127.117, 127.726, 127.257, 127.723, 126.774, 127.565, 126.951, 127.629, 127.124, 128.223, 127.024, 127.512, 126.811, 127.71, 127.687, 127.118, 128.026, 127.068, 127.631, 127.484, 127.179, 127.027, 127.061, 127.607, 127.727, 126.734, 127.732, 126.742, 128.005, 126.78, 127.927, 127.46, 127.671, 127.954, 126.867, 127.671, 127.203, 127.002, 126.837, 127.959, 127.676, 127.897, 126.636, 
Time to set up datastructures: 7323.34ms
128.25, 128.295, 128.144, 128.483, 128.373, 128.216, 128.302, 128.374, 128.258, 128.305, 128.261, 128.362, 128.222, 128.327, 128.573, 128.244, 128.206, 128.375, 128.361, 128.273, 128.56, 128.626, 128.613, 128.318, 128.242, 128.283, 128.344, 128.319, 128.244, 128.534, 128.207, 128.199, 128.205, 128.303, 128.349, 128.487, 128.287, 128.355, 128.336, 128.236, 128.41, 128.367, 128.356, 128.31, 128.265, 128.534, 128.294, 128.185, 128.213, 128.248, 128.329, 128.276, 128.248, 128.283, 128.426, 128.26, 128.261, 128.425, 128.313, 128.364, 128.28, 128.217, 128.274, 128.388, 128.254, 128.321, 128.384, 128.315, 128.28, 128.231, 128.506, 128.271, 128.288, 128.32, 128.312, 128.245, 128.423, 128.415, 128.23, 128.301, 128.263, 128.308, 128.311, 128.205, 128.336, 128.301, 128.248, 128.279, 128.294, 128.319, 128.252, 128.27, 128.265, 128.272, 128.257, 128.378, 128.294, 128.242, 128.364, 128.248, 
Time to set up datastructures: 7292.36ms
129.693, 129.688, 129.693, 129.605, 129.731, 129.69, 129.685, 129.746, 129.713, 129.721, 129.721, 129.716, 129.581, 129.598, 129.412, 129.43, 129.94, 129.6, 129.658, 129.705, 129.612, 129.793, 129.701, 129.528, 129.671, 129.682, 129.719, 129.54, 129.831, 129.706, 129.742, 129.751, 129.738, 129.592, 129.73, 129.929, 129.533, 129.543, 129.641, 129.695, 129.687, 129.629, 129.763, 129.664, 129.73, 129.608, 129.61, 129.737, 129.634, 129.639, 129.79, 129.518, 129.468, 129.628, 129.608, 129.753, 129.652, 129.846, 130.325, 129.241, 129.625, 129.586, 129.732, 129.736, 129.626, 129.613, 129.564, 129.801, 129.7, 129.702, 129.7, 129.769, 129.684, 129.737, 129.645, 129.594, 129.598, 129.653, 129.674, 129.56, 129.602, 129.717, 129.629, 129.806, 129.652, 129.612, 129.744, 129.631, 129.691, 129.687, 129.639, 129.636, 129.654, 130.334, 130.474, 129.556, 129.591, 129.692, 129.801, 129.789, 
Time to set up datastructures: 7379.06ms
127.677, 127.88, 127.617, 127.974, 128.009, 127.52, 127.717, 128.003, 127.917, 127.628, 127.931, 127.677, 127.895, 127.874, 128.105, 128.195, 127.396, 128.183, 127.942, 127.671, 128.097, 127.661, 127.8, 128.037, 127.733, 127.935, 127.723, 127.528, 127.953, 127.753, 127.776, 128.12, 128.068, 128.022, 127.198, 127.79, 127.22, 127.515, 128.005, 127.416, 127.697, 128.071, 127.593, 127.881, 127.708, 127.857, 128.203, 127.597, 127.612, 127.775, 128.179, 127.567, 127.901, 127.738, 128.203, 128.091, 127.918, 127.616, 127.352, 127.545, 127.934, 127.693, 127.93, 127.435, 127.996, 127.861, 127.411, 127.31, 127.644, 128.022, 127.625, 127.742, 127.734, 127.644, 127.522, 127.97, 128.097, 127.565, 127.946, 127.429, 128.059, 127.845, 127.817, 127.924, 127.756, 128.04, 127.884, 127.675, 128.006, 128.192, 127.576, 127.886, 128.002, 128.464, 128.23, 127.868, 127.339, 127.872, 127.402, 127.69, 
Time to set up datastructures: 7196.74ms
124.913, 124.247, 124.818, 122.471, 124.985, 124.298, 124.806, 124.075, 124.784, 124.196, 123.719, 124.184, 124.801, 124.094, 123.499, 124.836, 124.266, 124.818, 124.461, 124.725, 124.443, 125.131, 122.781, 125.003, 124.649, 123.027, 124.757, 124.174, 124.685, 124.158, 122.449, 124.882, 124.136, 124.721, 124.203, 124.944, 124.135, 122.788, 124.943, 124.168, 124.86, 124.466, 124.817, 124.396, 124.934, 122.618, 124.978, 124.074, 124.634, 124.29, 122.286, 125.017, 122.519, 124.97, 124.671, 122.428, 125.033, 124.222, 124.817, 124.161, 122.957, 123.087, 124.999, 124.383, 124.795, 124.296, 124.863, 124.206, 122.396, 124.891, 124.549, 124.725, 124.208, 124.797, 124.375, 124.873, 124.696, 124.352, 124.768, 122.414, 124.722, 124.181, 124.755, 124.659, 124.509, 124.898, 124.413, 124.85, 124.266, 124.851, 124.325, 124.917, 122.981, 124.852, 124.291, 122.358, 124.732, 124.016, 124.826, 124.301, 
Running CSB implementation
Time to set up datastructures: 8704.24ms
122.658, 122.502, 122.559, 122.425, 122.577, 122.589, 122.653, 122.521, 122.622, 122.595, 122.765, 122.593, 123.06, 122.441, 122.487, 122.667, 122.77, 122.86, 122.63, 122.554, 122.687, 122.536, 122.598, 122.668, 122.518, 122.577, 122.716, 122.61, 122.634, 122.59, 122.765, 122.876, 122.518, 122.644, 122.518, 122.559, 122.581, 122.742, 122.665, 122.682, 122.521, 121.775, 122.575, 122.671, 122.548, 122.55, 122.721, 122.529, 122.559, 122.552, 123.722, 122.577, 122.445, 122.44, 122.646, 122.943, 122.683, 122.567, 122.509, 122.679, 122.581, 122.784, 122.604, 123.248, 122.915, 122.658, 122.588, 122.477, 122.616, 122.652, 122.591, 122.688, 122.812, 122.749, 122.635, 122.861, 122.47, 122.613, 123.142, 123.194, 122.959, 122.879, 123.112, 122.616, 122.654, 122.531, 122.577, 122.921, 122.798, 122.991, 122.845, 122.579, 122.62, 122.773, 122.759, 123.038, 123.18, 123.047, 122.649, 122.884, 
Time to set up datastructures: 8746.08ms
99.8819, 99.479, 99.9858, 99.7801, 100.25, 99.7081, 99.7059, 100.083, 99.8778, 99.5641, 100.11, 100.054, 100.082, 99.864, 99.642, 100.058, 100.311, 99.468, 100.235, 99.4599, 99.8881, 99.7381, 99.7229, 99.766, 99.9441, 99.4771, 99.9999, 99.776, 99.37, 99.3659, 100.052, 99.7071, 99.6699, 99.5221, 99.4899, 99.91, 99.7441, 100.03, 100.011, 99.834, 99.7779, 99.8971, 99.5829, 99.719, 99.6881, 99.6249, 99.9191, 100.132, 99.7832, 99.6008, 99.7772, 99.937, 99.3021, 99.7028, 99.93, 99.7159, 100.342, 100.282, 100.054, 99.9792, 99.7729, 99.5181, 99.4999, 99.7031, 99.5729, 100.046, 99.5841, 100.031, 99.9699, 100.168, 99.6542, 99.6468, 99.7541, 99.7641, 99.39, 99.8309, 99.5021, 100.053, 100.478, 99.8971, 99.901, 100.084, 99.5378, 99.5131, 99.767, 99.812, 99.9682, 99.7529, 100.597, 99.668, 99.6871, 99.7179, 100.073, 99.663, 99.6141, 100.03, 99.694, 99.5481, 99.7, 99.7291, 
Time to set up datastructures: 9933.34ms
86.3979, 86.5302, 86.575, 86.1719, 86.2699, 86.534, 86.6861, 86.272, 86.648, 86.5519, 86.5581, 86.3969, 86.0181, 86.534, 86.1518, 86.0622, 86.8199, 86.381, 86.8919, 86.396, 86.4661, 86.153, 86.3938, 85.9022, 86.88, 86.5738, 86.06, 86.3411, 86.633, 86.256, 86.8559, 86.3712, 86.602, 86.782, 86.4801, 86.3779, 86.5841, 85.988, 86.4749, 86.494, 86.5102, 86.726, 86.3969, 86.2291, 86.7181, 85.8819, 86.102, 86.7999, 86.452, 86.771, 86.236, 86.6449, 86.2432, 86.0229, 86.3309, 85.7592, 85.7339, 86.556, 86.5672, 86.2138, 85.9301, 87.0161, 86.6909, 86.441, 86.3559, 86.1731, 86.4229, 86.5011, 86.617, 86.6289, 85.891, 86.8511, 86.2739, 86.272, 86.5841, 86.241, 86.9019, 86.673, 86.473, 86.1681, 86.714, 86.791, 86.2379, 86.601, 86.4322, 86.457, 86.7698, 86.3142, 86.4198, 86.7729, 86.6001, 86.494, 86.5939, 86.4382, 86.3359, 86.5679, 85.7811, 86.0589, 86.7178, 86.6411, 
Time to set up datastructures: 11421.7ms
76.9601, 77.1198, 76.699, 77.172, 76.704, 77.183, 77.2681, 76.5579, 77.0111, 76.735, 77.1549, 76.9641, 76.936, 76.6251, 77.003, 77.009, 77.167, 76.6749, 77.131, 77.162, 77.0071, 77.019, 77.606, 76.5879, 76.0469, 76.36, 76.2291, 76.7839, 76.9482, 76.901, 76.6881, 76.776, 77.0068, 76.5188, 76.5269, 76.8211, 76.725, 76.797, 76.7081, 76.791, 76.968, 77.323, 76.616, 77.2619, 76.8161, 76.797, 77.1079, 77.1182, 77.0969, 76.9141, 76.926, 76.6339, 77.1561, 76.956, 77.0841, 76.4549, 77.2161, 76.685, 76.7541, 77.0781, 77.075, 77.0299, 76.9532, 76.9911, 76.777, 77.142, 77.347, 77.0519, 76.74, 76.7441, 77.004, 77.1999, 76.91, 77.3211, 77.1971, 76.8878, 77.1332, 77.071, 76.623, 77.09, 77.1279, 76.9539, 76.93, 77.1341, 76.9279, 76.766, 76.9851, 76.8349, 76.833, 77.0311, 76.8859, 76.932, 76.6809, 76.8149, 76.7782, 77.1179, 77.0609, 77.1041, 76.925, 76.911, 
Time to set up datastructures: 11691.2ms
73.5109, 75.3109, 73.6399, 73.3218, 74.4002, 74.7659, 75.0771, 73.849, 73.7011, 74.554, 73.684, 75.069, 73.4689, 73.751, 73.6651, 74.358, 73.6971, 73.7698, 73.76, 74.075, 73.9951, 73.7839, 74.8818, 73.7829, 73.714, 73.966, 73.7529, 75.0642, 73.4019, 73.6279, 74.3861, 74.8639, 73.5841, 73.683, 74.543, 73.6358, 73.6022, 73.5719, 73.848, 74.894, 73.561, 73.5831, 73.679, 75.0291, 73.6549, 73.6301, 73.426, 73.7309, 73.3991, 74.106, 74.98, 74.259, 73.844, 73.683, 74.0681, 75.1359, 75.2392, 74.585, 73.674, 73.6849, 73.539, 74.9841, 74.3229, 74.1541, 73.5528, 73.4661, 73.575, 74.806, 75.3701, 74.06, 74.434, 73.777, 73.5111, 73.5989, 74.2612, 75.3069, 73.6592, 75.0968, 74.887, 74.358, 75.6321, 75.016, 73.545, 73.8361, 73.575, 75.027, 73.611, 74.754, 74.9929, 75.1622, 73.7638, 74.945, 73.6942, 73.8358, 73.993, 73.616, 73.75, 73.5171, 75.4521, 73.5559, 
Time to set up datastructures: 11475.6ms
67.385, 67.472, 67.5619, 67.379, 67.4019, 67.4791, 67.3869, 67.3649, 67.4362, 67.3549, 67.318, 67.569, 67.4591, 67.3919, 67.373, 67.3959, 67.4171, 67.4961, 67.4379, 67.3761, 67.5468, 67.3699, 67.378, 67.3969, 67.5211, 67.318, 67.3862, 67.4348, 67.2162, 67.4651, 67.4748, 67.481, 67.4441, 67.311, 67.4798, 67.553, 67.4648, 67.5402, 67.409, 67.431, 67.3468, 67.5402, 67.4698, 67.4591, 67.487, 67.4369, 67.4992, 67.421, 67.421, 67.5099, 67.4369, 67.5471, 67.498, 67.4798, 67.3981, 67.4632, 67.369, 67.488, 67.313, 67.4841, 67.328, 67.359, 67.4272, 67.3881, 67.652, 67.5349, 67.394, 67.4291, 67.431, 67.4851, 67.5359, 67.4989, 67.555, 67.3962, 67.5709, 67.5001, 67.358, 67.3869, 67.5061, 67.4651, 67.42, 67.4441, 67.353, 67.4241, 67.3749, 67.4651, 67.3728, 67.3881, 67.4531, 67.3299, 67.312, 67.5361, 67.395, 67.472, 67.6019, 67.4231, 67.472, 67.328, 67.431, 67.4012, 
Time to set up datastructures: 11615.5ms
65.1081, 65.2261, 65.237, 65.232, 65.0899, 65.222, 65.2611, 65.1679, 65.1722, 65.2931, 65.151, 65.2199, 65.1991, 65.2499, 65.2242, 65.197, 65.203, 65.156, 65.1801, 65.2311, 65.1979, 65.2471, 65.135, 65.1901, 65.3439, 65.1879, 65.232, 65.119, 65.1729, 65.1162, 65.304, 65.2549, 65.2549, 65.2549, 66.829, 65.2399, 65.2702, 65.274, 65.1989, 65.248, 65.203, 65.2192, 65.1839, 65.084, 65.3529, 65.2189, 65.285, 65.2511, 65.1901, 65.33, 64.7941, 65.2518, 65.2311, 65.223, 65.237, 65.2342, 65.1779, 65.1991, 65.1639, 65.161, 65.33, 65.207, 65.166, 65.2921, 65.2139, 65.1982, 65.2299, 65.424, 65.2461, 65.2139, 65.1951, 65.0401, 65.098, 65.264, 65.1529, 65.2292, 65.2289, 65.135, 65.305, 65.1519, 65.294, 65.1371, 65.1259, 65.2661, 65.28, 65.2089, 65.2289, 65.1441, 65.1131, 65.2089, 65.227, 65.254, 65.1522, 65.3009, 65.29, 65.2931, 65.3629, 65.2342, 65.1529, 65.2759, 
Time to set up datastructures: 11559.3ms
64.4379, 64.5878, 64.3811, 64.4798, 64.3179, 64.4231, 64.3959, 64.3959, 64.5251, 64.523, 64.3539, 64.0528, 64.4391, 64.2099, 64.3959, 64.292, 64.2591, 64.5671, 64.065, 64.584, 64.347, 64.353, 64.0361, 64.3649, 64.4121, 64.3589, 64.5521, 64.2331, 64.409, 64.6169, 64.2669, 64.4031, 64.3921, 64.28, 64.1699, 64.378, 64.631, 64.3961, 64.286, 64.5828, 64.5142, 63.992, 64.3609, 63.8921, 64.5199, 64.0321, 64.5771, 64.1599, 64.564, 64.5421, 64.6911, 64.301, 64.0039, 64.342, 64.2521, 63.9739, 64.4491, 64.1971, 64.2679, 64.127, 64.2371, 64.5308, 64.1851, 64.2121, 64.3599, 64.378, 64.2471, 64.528, 64.1351, 64.101, 64.225, 64.213, 64.296, 64.5421, 64.286, 64.122, 64.4681, 64.5058, 64.3051, 64.0471, 64.193, 64.254, 64.2478, 64.1341, 64.1601, 64.137, 64.229, 64.455, 64.3249, 64.4772, 64.2788, 64.3518, 64.1451, 64.3749, 64.3082, 64.3139, 64.3351, 64.395, 64.2991, 64.646, 
Time to set up datastructures: 11713.8ms
62.1951, 62.2311, 62.3538, 62.2542, 62.336, 62.2239, 62.3162, 62.453, 62.3591, 62.2768, 62.3362, 62.5319, 62.32, 62.4659, 62.1581, 62.434, 62.2091, 62.1679, 62.377, 62.175, 62.4139, 62.36, 62.377, 62.2811, 62.2489, 62.428, 62.4161, 62.264, 62.3751, 62.34, 62.484, 62.4259, 62.3462, 62.269, 62.3829, 62.2871, 62.1428, 62.1831, 62.6209, 62.3949, 62.5741, 62.3789, 62.3181, 62.2211, 62.5401, 62.4158, 62.2852, 62.4979, 62.3462, 62.408, 62.4988, 62.2301, 62.4609, 62.3879, 62.494, 62.4778, 62.2461, 62.34, 62.444, 62.252, 62.314, 62.1679, 62.314, 62.3231, 62.238, 62.1841, 62.3829, 62.4831, 62.4681, 62.3498, 62.0902, 62.2458, 62.3331, 62.782, 62.5758, 62.4032, 62.547, 62.2849, 62.4421, 62.247, 62.2849, 62.1111, 62.4259, 62.2251, 62.073, 62.3851, 62.341, 62.2211, 62.3019, 62.4251, 62.4199, 62.2699, 62.3469, 62.6371, 62.2959, 62.2821, 62.381, 62.2599, 62.3932, 62.4158, 
Time to set up datastructures: 11579.4ms
61.461, 61.6429, 61.564, 61.604, 61.7251, 61.6031, 61.7378, 61.6381, 61.5139, 61.6221, 61.5129, 61.6269, 61.784, 61.548, 62.2032, 61.9431, 61.676, 61.769, 61.6779, 61.738, 61.6169, 61.471, 61.496, 61.5962, 61.5649, 61.954, 61.77, 61.7421, 61.6488, 61.8341, 61.9891, 61.548, 61.4779, 61.553, 61.429, 61.5091, 61.6269, 61.527, 61.574, 61.5411, 61.5299, 61.4932, 61.4989, 61.5282, 61.7628, 61.5981, 61.799, 62.057, 61.976, 61.913, 61.6, 61.589, 61.5661, 61.626, 61.5771, 61.5289, 61.9051, 61.9469, 61.497, 61.5451, 61.533, 61.5599, 61.506, 61.6431, 61.621, 61.795, 61.528, 61.779, 61.445, 61.6181, 61.635, 61.517, 61.837, 61.929, 61.8601, 61.8849, 61.8541, 61.636, 61.522, 62.0551, 61.8019, 61.7452, 61.4049, 61.507, 61.445, 61.6069, 61.924, 61.5909, 61.6381, 62.1269, 63.2279, 61.7521, 61.717, 61.892, 61.775, 61.8031, 61.6159, 61.5292, 61.6839, 61.5599, 
Time to set up datastructures: 11758.4ms
59.34, 59.0429, 59.0281, 58.98, 59.0129, 58.9461, 59.0189, 58.9581, 58.9681, 59.0181, 58.8958, 58.9941, 58.98, 58.8942, 58.928, 58.8799, 58.9631, 58.898, 58.9252, 58.97, 58.9399, 58.892, 58.938, 58.933, 58.954, 58.898, 59.0191, 58.857, 58.8641, 58.949, 58.8651, 58.9879, 58.8751, 58.903, 58.9991, 58.9831, 58.9929, 58.893, 58.9662, 58.8679, 58.9731, 58.8911, 58.9828, 58.98, 58.924, 59.0179, 58.9931, 59.0019, 58.939, 58.9101, 58.9609, 58.9001, 58.9998, 59.0758, 58.9871, 58.924, 58.881, 58.9199, 58.9609, 58.9199, 58.9721, 58.9619, 58.9411, 59.0279, 58.939, 59.068, 58.9418, 58.8951, 58.9671, 58.8849, 59.0641, 58.9099, 58.9271, 58.918, 58.9628, 59.1171, 59.0451, 59.077, 58.965, 58.9101, 59.0088, 58.9941, 58.903, 58.9712, 58.9879, 59.0072, 58.9039, 58.9449, 58.861, 58.953, 58.995, 58.9581, 58.8961, 59.0479, 58.99, 58.969, 59.021, 58.9268, 58.8841, 58.9621, 
Time to set up datastructures: 11870.9ms
59.3259, 59.2871, 59.406, 59.257, 59.273, 59.3259, 59.3512, 59.35, 59.2949, 59.294, 59.3379, 59.3009, 59.2961, 59.2918, 59.3052, 59.3929, 59.2129, 59.334, 59.3491, 59.1879, 59.2232, 59.4199, 59.3221, 59.283, 59.3319, 59.411, 59.365, 59.4449, 59.3231, 59.3431, 59.2589, 59.3481, 59.3798, 59.263, 59.3882, 59.4039, 59.325, 59.3221, 59.4308, 59.37, 59.309, 59.3781, 59.2699, 59.2871, 59.3259, 59.3009, 59.35, 59.3691, 59.3691, 59.3889, 59.361, 59.2811, 59.268, 59.3929, 59.396, 59.345, 59.35, 59.37, 59.3021, 59.484, 59.32, 59.3069, 59.2391, 59.2229, 59.2928, 59.515, 59.3538, 59.433, 59.3622, 59.377, 59.346, 59.3319, 59.2852, 59.371, 59.3531, 59.4118, 59.4511, 59.315, 59.2589, 59.2201, 59.3431, 59.3309, 59.3441, 59.268, 59.2749, 59.2442, 59.3228, 59.2639, 59.2589, 59.2401, 59.3619, 59.3081, 59.226, 59.3469, 59.2461, 59.3569, 59.2928, 59.2711, 59.2549, 59.2968, 
Time to set up datastructures: 11857.9ms
57.133, 57.2639, 57.339, 57.2751, 57.2898, 57.2641, 57.234, 57.225, 57.2021, 57.2438, 57.281, 57.1868, 57.2619, 57.178, 57.2622, 57.261, 57.2639, 57.1342, 57.194, 57.1361, 57.173, 57.1229, 57.1821, 57.2309, 57.2879, 57.332, 57.2791, 57.1179, 57.127, 57.1141, 57.152, 57.1408, 57.116, 57.1098, 57.199, 57.1702, 57.2269, 57.2701, 57.1661, 57.2588, 57.2312, 57.189, 57.2801, 57.1618, 57.1969, 57.241, 57.266, 57.2541, 57.2979, 57.2701, 57.3921, 57.193, 57.1179, 57.2219, 57.1642, 57.1368, 57.1721, 57.169, 57.1461, 57.193, 57.246, 57.1899, 57.1771, 57.2701, 57.1969, 57.508, 57.256, 57.1611, 57.1771, 57.2541, 57.2801, 57.2131, 57.2169, 57.2801, 57.2429, 57.276, 57.2321, 57.1969, 57.1959, 57.3351, 57.2679, 57.2932, 57.1599, 57.2622, 57.7738, 57.3041, 57.261, 57.2369, 57.2641, 57.1971, 57.194, 57.174, 57.2169, 57.271, 57.25, 57.1721, 57.117, 57.1461, 57.142, 57.24, 
Running BlockCOH implementation
Time to set up datastructures: 13324.2ms
153.814, 153.884, 153.917, 154.061, 153.901, 153.629, 153.8, 153.991, 153.795, 153.699, 153.75, 153.891, 153.728, 155.172, 158.008, 154.136, 153.753, 154.37, 153.724, 153.648, 153.558, 153.879, 153.65, 153.894, 153.765, 153.552, 154.137, 153.93, 153.87, 154.134, 157.427, 159.81, 154.826, 153.813, 153.906, 154.163, 153.861, 153.901, 153.892, 154.358, 153.87, 153.814, 153.927, 154.232, 156.156, 163.14, 163.764, 163.383, 163.472, 163.241, 163.037, 162.92, 159.585, 158.586, 164.378, 167.565, 166.91, 167.436, 158.425, 160.94, 157.275, 157.7, 158.394, 164.328, 166.225, 162.988, 158.972, 162.226, 163.485, 166.951, 170.077, 159.553, 159.92, 158.308, 157.954, 158.088, 162.744, 165.846, 164.265, 162.168, 164.057, 157.893, 155.646, 155.017, 153.515, 153.838, 154.082, 154.129, 153.965, 153.956, 154.056, 153.611, 153.736, 153.831, 153.985, 154.018, 154.017, 153.924, 154.152, 153.982, 
Time to set up datastructures: 10872.8ms
148.024, 148.837, 148.431, 148.229, 149.028, 148.075, 148.344, 148.032, 147.978, 148.149, 147.876, 148.34, 148.287, 148.044, 147.963, 148.393, 148.298, 148.525, 147.961, 148.189, 148.075, 148.111, 148.243, 148.136, 147.816, 148.715, 148.213, 147.989, 148.456, 148.596, 148.464, 148.119, 148.13, 148.071, 148.229, 147.923, 148.027, 148.264, 148.076, 148.378, 148.11, 148.266, 148.177, 148.124, 148.328, 147.859, 148.381, 147.853, 148.235, 148.007, 148.228, 148.059, 148.116, 148.449, 148.517, 148.483, 148.737, 147.955, 148.342, 148.326, 148.081, 148.367, 148.026, 148.198, 148.201, 148.073, 148.365, 148.275, 147.843, 148.957, 148.545, 148.396, 148.753, 148.774, 148.3, 148.318, 148.366, 148.242, 148.67, 148.332, 148.089, 148.493, 149.099, 148.609, 148.782, 148.283, 148.37, 148.079, 148.219, 148.322, 148.243, 147.935, 148.305, 148.476, 148.541, 148.225, 148.695, 148.003, 148.329, 148.207, 
Time to set up datastructures: 10278.3ms
150.851, 150.92, 150.612, 150.627, 150.491, 150.991, 150.66, 150.439, 150.55, 150.606, 150.711, 150.645, 150.522, 150.586, 150.629, 150.676, 150.494, 150.721, 150.639, 150.651, 150.745, 150.481, 150.503, 150.584, 150.615, 150.946, 150.415, 150.829, 150.454, 150.502, 150.48, 150.657, 150.754, 150.639, 150.503, 150.77, 150.784, 150.487, 150.694, 150.303, 150.735, 150.566, 150.824, 150.527, 150.477, 150.539, 150.635, 150.609, 150.759, 150.552, 150.547, 150.642, 151.498, 150.516, 150.708, 150.568, 150.488, 150.541, 150.663, 150.728, 150.487, 150.727, 150.668, 150.491, 150.888, 150.777, 150.612, 150.754, 150.49, 150.644, 150.489, 150.475, 150.742, 150.534, 150.41, 150.345, 150.501, 150.629, 150.791, 150.391, 150.572, 150.775, 150.546, 150.654, 150.619, 150.809, 150.851, 150.776, 150.774, 150.564, 150.704, 150.631, 150.457, 150.536, 150.628, 150.647, 150.573, 150.609, 150.646, 150.633, 
Time to set up datastructures: 10301.9ms
158.434, 158.407, 158.412, 158.289, 158.331, 158.397, 164.28, 164.088, 163.66, 163.253, 158.564, 158.309, 158.528, 158.503, 158.447, 158.556, 158.499, 158.147, 158.572, 158.431, 158.484, 158.601, 158.284, 158.387, 158.447, 158.251, 158.334, 164.176, 177.244, 169.907, 171.165, 160.833, 158.482, 158.443, 158.63, 158.756, 158.592, 158.331, 158.511, 158.299, 158.562, 158.472, 158.428, 158.595, 158.583, 158.472, 163.415, 165.559, 158.538, 158.513, 158.349, 158.52, 158.379, 158.346, 158.338, 158.505, 158.398, 158.538, 158.412, 158.503, 158.45, 158.433, 158.372, 158.516, 158.51, 158.476, 158.338, 158.383, 158.556, 158.319, 158.362, 158.464, 158.517, 158.372, 158.337, 158.345, 158.329, 158.361, 158.311, 158.357, 158.516, 158.434, 158.307, 158.432, 158.358, 158.443, 158.451, 158.462, 158.382, 158.66, 158.309, 158.384, 158.592, 158.353, 158.528, 158.378, 158.417, 158.461, 158.469, 158.415, 
Time to set up datastructures: 11872.2ms
163.727, 163.813, 163.55, 163.712, 163.488, 163.446, 163.536, 163.486, 163.416, 163.543, 163.501, 163.387, 163.504, 163.411, 163.625, 163.429, 163.438, 163.469, 163.554, 163.394, 163.495, 163.547, 163.474, 163.375, 163.582, 163.596, 163.297, 163.75, 163.457, 163.445, 163.394, 163.743, 163.457, 163.471, 163.434, 163.68, 163.46, 163.525, 163.584, 163.434, 163.438, 163.722, 163.543, 163.694, 163.475, 163.365, 163.57, 163.552, 163.521, 163.689, 163.543, 163.511, 163.528, 163.698, 165.57, 163.712, 163.457, 163.473, 163.541, 163.499, 163.483, 163.361, 163.619, 163.646, 163.793, 163.997, 163.376, 163.663, 163.508, 163.437, 163.591, 163.508, 171.615, 181.453, 175.577, 177.711, 173.082, 181.916, 174.851, 178.268, 174.898, 164.627, 163.755, 163.51, 163.394, 163.735, 163.542, 163.503, 163.563, 163.478, 163.509, 163.555, 163.698, 163.607, 163.536, 163.639, 163.681, 163.574, 163.497, 170.264, 
Time to set up datastructures: 11192.3ms
175.053, 175.234, 175.221, 175.1, 174.987, 175.215, 175.101, 175.155, 175.001, 175.137, 175.275, 175.48, 175.172, 175.263, 175.147, 175.136, 175.217, 175.133, 175.022, 175.336, 175.218, 175.383, 175.248, 175.114, 175.129, 175.175, 174.979, 175.083, 175.16, 174.999, 175.198, 175.09, 175.115, 175.177, 175.282, 175.18, 175.12, 175.26, 175.118, 175.221, 175.403, 175.165, 175.234, 174.915, 175.119, 175.074, 175.012, 175.088, 175.127, 175.086, 175.18, 175.184, 175.186, 175.076, 175.172, 175.093, 175.127, 175.187, 175.119, 175.103, 175.259, 175.074, 175.117, 175.355, 175.137, 174.908, 175.205, 175.099, 175.276, 175.081, 175.202, 175.15, 175.127, 175.138, 175.117, 175.259, 175.097, 175.199, 175.159, 175.145, 175.147, 175.102, 175.107, 175.052, 175.33, 175.098, 175.09, 175.027, 175.134, 175.178, 174.981, 175.148, 175.142, 175.133, 175.134, 175.081, 175.67, 175.191, 175.013, 175.166, 
Time to set up datastructures: 10703.3ms
174.848, 174.888, 175.143, 174.808, 174.789, 174.92, 174.824, 174.763, 175.012, 174.641, 174.92, 176.047, 174.794, 174.795, 174.938, 174.862, 174.702, 176.182, 174.853, 175.09, 174.757, 174.779, 174.692, 176.392, 174.976, 174.971, 174.932, 174.844, 174.872, 174.98, 174.846, 174.82, 174.767, 174.872, 174.913, 175.033, 175.018, 174.855, 174.846, 175.03, 174.725, 174.922, 174.764, 174.797, 174.858, 174.675, 174.758, 174.884, 174.782, 174.805, 176.137, 178.957, 174.871, 174.804, 174.805, 174.823, 174.699, 174.913, 174.825, 174.954, 174.814, 174.728, 174.949, 174.939, 174.787, 174.825, 174.635, 174.852, 174.799, 174.938, 175.035, 174.876, 174.836, 174.765, 174.885, 174.798, 174.739, 174.938, 174.784, 174.748, 174.911, 174.905, 174.847, 174.814, 174.824, 174.93, 174.847, 175.036, 174.727, 174.882, 174.812, 174.78, 174.997, 174.97, 174.96, 174.854, 174.701, 174.813, 174.865, 174.799, 
Time to set up datastructures: 11219ms
181.843, 182.112, 181.912, 182.025, 181.991, 181.799, 181.921, 181.969, 181.945, 182.145, 181.988, 181.751, 181.857, 181.789, 181.773, 181.964, 181.679, 181.931, 182.515, 181.867, 181.719, 181.836, 182.082, 181.973, 181.992, 182.966, 182.166, 181.769, 181.779, 181.881, 181.967, 182, 181.751, 182.061, 181.864, 182.138, 182.039, 181.822, 181.624, 181.854, 181.922, 182.242, 182.305, 181.93, 181.854, 185.755, 183.192, 181.951, 181.851, 182.406, 181.853, 182.159, 182.236, 182.236, 181.889, 181.957, 181.978, 181.815, 181.947, 182.3, 182.071, 182.134, 182.08, 182.075, 185.457, 195.88, 194.968, 191.478, 193.124, 192.526, 186.844, 186.626, 186.73, 186.853, 188.561, 190.31, 191.685, 192.907, 188.854, 187.708, 184.41, 188.365, 188.851, 190.933, 198.751, 191.526, 193.675, 192.597, 189.846, 187.919, 186.521, 187.219, 187.618, 190.861, 191.64, 192.641, 192.166, 188.26, 185.325, 187.158, 
Time to set up datastructures: 10961.4ms
185.708, 185.62, 185.346, 185.634, 185.354, 185.469, 185.445, 185.458, 185.371, 185.602, 185.385, 185.58, 185.569, 185.414, 185.507, 185.483, 185.498, 185.993, 185.418, 185.369, 185.594, 185.377, 185.528, 185.405, 185.975, 185.551, 185.885, 185.358, 185.249, 185.574, 185.594, 185.513, 185.259, 185.949, 185.228, 185.612, 185.761, 185.429, 185.51, 185.33, 185.654, 185.435, 185.578, 185.505, 185.555, 185.426, 185.449, 185.425, 185.409, 185.436, 185.325, 185.774, 185.43, 185.539, 185.529, 185.679, 185.394, 185.322, 185.429, 185.389, 185.292, 185.302, 185.538, 185.461, 185.717, 185.672, 185.512, 185.371, 185.481, 186.035, 186.002, 185.334, 185.564, 185.528, 185.504, 185.451, 185.757, 185.658, 185.392, 185.82, 185.948, 185.37, 185.543, 185.513, 185.217, 185.664, 185.387, 185.525, 185.533, 185.557, 185.539, 185.217, 185.439, 185.848, 185.756, 185.457, 185.648, 185.89, 185.511, 185.328, 
Time to set up datastructures: 11084.4ms
173.317, 173.497, 173.46, 173.582, 173.673, 173.674, 173.364, 173.518, 173.329, 173.298, 173.377, 173.346, 173.537, 173.504, 173.881, 173.744, 173.408, 173.741, 173.53, 173.918, 173.397, 173.376, 173.533, 173.348, 173.481, 173.338, 173.384, 173.275, 173.672, 173.473, 173.398, 173.391, 173.396, 173.311, 173.509, 173.494, 173.535, 173.674, 173.807, 173.226, 173.528, 173.525, 173.518, 173.43, 173.699, 173.811, 173.582, 173.278, 173.343, 173.408, 173.591, 173.318, 173.705, 173.491, 173.486, 173.536, 173.292, 173.586, 173.502, 173.65, 173.675, 173.74, 173.406, 173.497, 173.57, 173.602, 173.501, 173.155, 173.52, 173.475, 173.346, 173.191, 174.087, 173.687, 173.489, 173.772, 173.41, 173.614, 173.433, 173.37, 173.458, 173.368, 173.471, 173.631, 174.032, 173.707, 173.652, 173.477, 173.6, 173.391, 173.745, 173.464, 173.747, 173.616, 173.602, 173.593, 173.481, 173.493, 173.638, 173.333, 
Time to set up datastructures: 10759.4ms
190.449, 190.508, 190.131, 190.355, 190.284, 190.481, 190.307, 190.1, 190.428, 190.249, 190.515, 190.509, 190.428, 190.348, 190.696, 190.553, 190.195, 190.393, 190.358, 190.504, 190.217, 190.351, 190.416, 190.281, 190.415, 190.306, 190.194, 190.418, 190.572, 190.419, 190.361, 190.468, 190.203, 190.28, 190.309, 190.597, 190.478, 190.414, 190.355, 190.299, 190.567, 190.612, 190.582, 190.638, 190.577, 190.402, 190.463, 190.253, 190.382, 190.417, 190.349, 190.538, 190.403, 190.496, 190.46, 190.28, 190.417, 190.378, 190.392, 190.406, 190.171, 190.536, 190.426, 190.432, 190.501, 190.306, 190.337, 190.486, 190.621, 190.444, 190.312, 190.427, 190.276, 190.655, 190.426, 190.422, 190.411, 190.555, 190.69, 190.415, 190.574, 190.355, 190.45, 190.355, 190.554, 190.567, 190.288, 190.368, 190.426, 190.489, 190.604, 190.51, 190.449, 190.459, 190.43, 190.54, 190.267, 190.348, 190.357, 190.564, 
Time to set up datastructures: 10652.6ms
191.958, 191.952, 191.781, 191.801, 191.94, 192.016, 191.777, 191.772, 191.796, 191.849, 191.7, 191.915, 191.759, 191.916, 191.802, 191.885, 192.041, 191.902, 191.69, 191.657, 191.989, 191.718, 191.713, 191.724, 191.957, 191.721, 191.884, 191.786, 191.726, 191.921, 191.901, 191.698, 191.802, 191.816, 191.753, 191.704, 191.907, 191.798, 191.918, 191.923, 191.854, 191.842, 191.783, 191.849, 191.696, 191.765, 191.786, 191.888, 191.749, 191.706, 191.974, 192.023, 191.88, 191.856, 192.466, 191.865, 191.717, 191.937, 191.866, 191.766, 191.764, 191.771, 191.969, 191.891, 192.059, 191.792, 191.779, 191.66, 191.964, 191.692, 191.904, 191.783, 191.619, 191.817, 191.756, 191.92, 191.769, 191.821, 191.805, 192.026, 191.768, 191.752, 192.335, 191.626, 191.944, 192.027, 192.016, 191.921, 191.853, 191.911, 191.899, 191.705, 191.953, 191.777, 192.103, 191.829, 191.895, 191.836, 191.877, 191.619, 
Time to set up datastructures: 10678.5ms
196.248, 196.408, 196.254, 196.546, 196.523, 196.406, 196.503, 196.418, 196.537, 196.355, 196.51, 196.483, 196.363, 196.331, 196.517, 196.472, 196.456, 196.55, 196.565, 196.577, 196.241, 196.683, 196.525, 196.36, 196.322, 196.41, 196.375, 196.393, 196.414, 196.369, 196.432, 196.535, 196.356, 196.413, 196.196, 196.656, 196.391, 196.573, 196.345, 196.281, 196.282, 196.64, 196.417, 196.354, 196.378, 196.662, 196.634, 196.366, 196.258, 196.639, 196.184, 196.561, 196.518, 196.395, 196.324, 196.565, 196.475, 196.479, 196.501, 196.267, 196.391, 196.422, 196.503, 196.329, 196.526, 196.343, 196.277, 197.042, 196.319, 196.521, 196.354, 196.181, 196.614, 196.43, 196.355, 196.355, 196.437, 196.308, 196.369, 196.361, 196.481, 196.456, 196.439, 196.439, 196.377, 196.41, 196.483, 196.418, 196.48, 196.394, 196.546, 196.463, 196.624, 196.207, 196.355, 196.473, 196.697, 196.377, 196.384, 196.79, 

run on commit: b7033e5d4b360fc23f010515e22c3b23c97b7a49