2 3 4 5 6 7 8 9 10 11 12 13 14
Running sequential algorithm
Time to set up datastructures: 9058.65ms
605.844, 605.796, 605.644, 605.554, 606.015, 606.045, 605.843, 605.695, 606.635, 605.733, 605.724, 606.478, 605.658, 606.437, 605.935, 605.759, 605.609, 605.648, 605.952, 606.104, 605.638, 605.787, 605.594, 605.667, 606.129, 605.84, 605.955, 606.029, 605.947, 606.084, 605.694, 605.964, 605.727, 606.192, 605.637, 605.659, 605.655, 605.656, 606.22, 606.374, 605.704, 605.892, 605.45, 606.157, 606.187, 607.513, 606.566, 605.834, 606.22, 605.606, 605.729, 606.014, 606.451, 605.55, 607.218, 605.695, 605.559, 606.233, 605.932, 607.19, 605.796, 606.423, 605.596, 605.817, 605.822, 606.414, 605.895, 605.826, 605.83, 605.681, 605.611, 605.97, 606.17, 605.76, 605.82, 605.531, 605.568, 606.13, 605.707, 606.365, 605.857, 605.653, 605.574, 605.823, 606.047, 606.311, 605.584, 605.68, 605.719, 605.461, 605.694, 605.821, 605.922, 605.892, 606.088, 605.75, 605.686, 606.017, 605.735, 605.876, 
Running OpenMP implementation
Time to set up datastructures: 11481.7ms
351.721, 351.189, 351.458, 351.105, 351.391, 351.183, 351.75, 351.245, 351.642, 351.19, 351.393, 351.378, 351.311, 351.231, 351.192, 351.319, 351.213, 351.193, 351.343, 351.311, 351.313, 351.276, 351.309, 351.427, 351.201, 351.241, 351.264, 351.281, 351.146, 351.759, 351.415, 351.166, 351.362, 351.446, 351.497, 351.314, 351.367, 351.145, 351.293, 351.234, 351.103, 351.192, 351.268, 351.347, 351.242, 351.318, 351.513, 351.174, 351.456, 352.082, 351.354, 351.221, 351.237, 351.336, 351.294, 351.422, 351.4, 352.368, 351.206, 351.465, 351.23, 351.622, 351.447, 351.441, 351.324, 351.375, 351.178, 351.512, 351.48, 351.596, 351.448, 351.224, 351.456, 351.262, 351.28, 351.354, 351.238, 351.098, 351.551, 351.2, 351.903, 351.337, 351.527, 351.397, 351.195, 351.356, 351.077, 351.474, 351.202, 351.204, 351.238, 351.5, 351.509, 351.476, 351.289, 351.366, 351.383, 351.161, 351.402, 351.302, 
Time to set up datastructures: 10391.7ms
276.182, 276.364, 276.037, 276.161, 276.59, 276.396, 276.184, 276.039, 276.747, 276.186, 276.547, 276.618, 276.52, 276.718, 275.992, 276.179, 276.005, 275.981, 276.571, 276.278, 276.299, 276.105, 276.231, 276.318, 276.185, 276.851, 276.12, 277.049, 276.062, 276.411, 276.111, 275.987, 276.355, 276.245, 276.642, 276.028, 276.041, 276.172, 276.232, 276.173, 276.426, 276.179, 276.837, 276.047, 276.336, 276.056, 275.949, 276.352, 276.057, 276.273, 276.346, 276.06, 276.887, 275.979, 276.657, 276.198, 277.027, 275.995, 276.045, 276.03, 276.092, 276.07, 276.367, 276.335, 275.991, 276.029, 276.105, 275.978, 276.159, 276.453, 276.337, 276.758, 276.006, 276.089, 276.19, 276.152, 276.29, 276.041, 277.002, 276.422, 276.523, 276.066, 276.003, 276.353, 276.069, 277.018, 276.057, 276.256, 276.038, 276.151, 276.129, 276.305, 276.31, 276.268, 276.034, 276.157, 275.958, 276.022, 276.382, 276.473, 
Time to set up datastructures: 14385.7ms
254.718, 254.835, 254.785, 254.788, 254.586, 254.693, 254.788, 254.696, 254.729, 254.713, 254.847, 254.775, 254.675, 254.78, 254.739, 254.726, 254.745, 254.821, 254.773, 254.511, 254.75, 254.802, 254.81, 254.725, 254.79, 254.739, 254.837, 254.529, 254.716, 254.758, 254.784, 254.631, 254.781, 254.831, 254.765, 254.445, 254.794, 254.759, 254.983, 254.825, 254.822, 254.705, 254.825, 254.522, 254.71, 254.749, 254.752, 254.637, 254.8, 254.725, 254.739, 254.486, 254.708, 254.632, 254.679, 254.874, 254.75, 254.755, 254.846, 254.566, 254.686, 254.796, 254.767, 254.747, 254.752, 254.773, 254.748, 254.544, 254.845, 254.708, 254.749, 254.802, 254.718, 254.79, 254.864, 254.627, 254.689, 254.795, 254.712, 254.737, 254.714, 254.726, 254.675, 254.519, 254.659, 254.722, 254.743, 254.765, 254.635, 254.968, 254.653, 254.48, 254.694, 254.713, 254.646, 254.884, 254.661, 254.885, 254.642, 254.564, 
Time to set up datastructures: 13838.3ms
242.714, 242.791, 242.65, 242.835, 242.639, 242.702, 242.673, 242.942, 242.788, 242.734, 242.725, 242.846, 242.738, 242.767, 242.679, 242.86, 242.725, 242.696, 242.798, 242.725, 244.179, 242.675, 242.835, 242.719, 242.69, 242.866, 242.784, 242.642, 242.694, 242.723, 242.748, 242.699, 242.711, 242.835, 242.78, 242.734, 242.899, 242.718, 242.748, 242.678, 242.689, 242.673, 242.741, 242.798, 242.694, 242.815, 242.645, 242.693, 242.678, 242.701, 242.669, 242.779, 242.84, 242.765, 242.738, 242.728, 242.678, 242.685, 242.724, 242.726, 242.615, 242.7, 242.664, 242.798, 242.692, 242.678, 242.607, 242.786, 242.759, 242.875, 243.085, 242.679, 242.731, 242.773, 242.674, 242.751, 242.772, 242.655, 242.782, 242.68, 242.78, 242.667, 242.723, 242.751, 242.713, 242.737, 242.904, 242.68, 242.716, 242.761, 242.658, 242.668, 242.878, 242.664, 242.712, 242.681, 242.729, 242.731, 242.666, 242.629, 
Time to set up datastructures: 14344.7ms
235.202, 235.146, 235.198, 235.145, 235.12, 235.22, 235.12, 235.267, 235.158, 235.249, 235.248, 235.217, 235.156, 235.268, 235.164, 235.294, 235.111, 235.193, 235.26, 235.177, 235.105, 235.134, 235.201, 235.214, 235.122, 235.171, 236.681, 238.319, 235.425, 235.125, 235.23, 235.203, 235.295, 235.187, 235.19, 235.125, 235.212, 235.145, 235.135, 235.29, 235.108, 235.156, 235.194, 237.583, 236.794, 235.278, 235.149, 235.214, 235.112, 235.304, 235.083, 235.186, 235.159, 235.261, 235.14, 235.145, 235.191, 235.564, 235.221, 235.156, 235.335, 235.19, 235.165, 235.112, 235.168, 235.118, 235.328, 235.11, 235.244, 235.149, 236.64, 235.154, 235.18, 235.241, 235.14, 235.212, 235.146, 235.16, 235.144, 235.202, 235.127, 235.233, 235.108, 235.307, 235.203, 235.215, 235.134, 235.652, 235.26, 235.195, 235.203, 235.14, 235.178, 235.134, 235.236, 235.205, 235.19, 235.119, 235.224, 235.145, 
Time to set up datastructures: 14655.1ms
230.277, 230.122, 230.273, 230.157, 230.149, 230.112, 230.257, 230.157, 230.262, 230.142, 230.223, 230.258, 230.315, 230.132, 230.188, 230.252, 230.17, 230.136, 230.074, 230.265, 230.101, 230.119, 230.119, 230.25, 230.206, 230.361, 230.144, 230.08, 230.219, 230.202, 230.218, 230.105, 230.132, 230.114, 230.169, 230.13, 230.1, 230.225, 230.257, 230.148, 230.171, 230.153, 230.228, 230.131, 230.308, 230.184, 230.191, 230.198, 230.104, 230.145, 230.312, 230.205, 230.146, 230.098, 230.182, 230.297, 230.128, 230.119, 230.332, 230.199, 230.161, 230.316, 230.119, 230.229, 230.264, 230.147, 230.145, 230.173, 230.165, 230.312, 230.146, 230.197, 230.197, 230.123, 230.153, 230.123, 230.191, 230.201, 230.172, 230.116, 230.164, 230.176, 230.302, 230.221, 230.245, 230.119, 230.258, 230.173, 230.113, 230.188, 230.211, 230.148, 230.137, 230.218, 230.118, 230.171, 230.175, 230.191, 230.111, 230.215, 
Time to set up datastructures: 14545.8ms
228.031, 227.933, 227.939, 227.888, 227.901, 227.809, 227.946, 227.953, 227.895, 227.906, 227.98, 227.875, 229.783, 227.884, 227.927, 227.984, 227.884, 227.848, 228.142, 228.054, 227.837, 227.907, 227.903, 227.993, 227.932, 227.975, 227.892, 227.833, 228.09, 228.076, 227.863, 227.818, 227.897, 227.885, 227.916, 227.855, 227.898, 227.968, 227.843, 227.902, 227.874, 227.95, 227.884, 227.936, 227.862, 227.954, 229.275, 228.05, 227.888, 227.892, 227.938, 227.974, 227.909, 227.859, 227.979, 227.887, 227.861, 227.87, 228.002, 227.931, 227.9, 227.849, 227.857, 227.958, 227.963, 227.946, 228.027, 227.926, 227.95, 228.097, 227.878, 227.858, 228.005, 227.935, 227.926, 227.868, 227.859, 227.906, 228.091, 227.906, 227.929, 227.94, 228.005, 227.878, 227.89, 227.894, 227.941, 227.921, 227.844, 228.011, 227.839, 227.897, 227.861, 227.948, 227.899, 227.927, 227.9, 227.814, 227.951, 227.948, 
Time to set up datastructures: 14862.1ms
226.789, 226.977, 226.875, 226.839, 226.789, 226.87, 226.868, 226.826, 226.816, 226.813, 226.887, 227.01, 226.996, 226.886, 226.987, 226.857, 226.822, 226.807, 226.859, 226.963, 226.876, 226.798, 226.813, 226.871, 226.819, 227.008, 226.832, 226.865, 226.981, 226.917, 226.843, 226.811, 226.842, 226.883, 226.808, 226.816, 226.911, 226.954, 227.006, 226.824, 226.85, 226.782, 226.861, 226.762, 226.858, 226.959, 227.019, 226.826, 226.847, 226.887, 226.888, 226.853, 226.881, 226.807, 226.91, 227.457, 226.901, 226.79, 227, 226.814, 226.869, 226.831, 226.876, 226.991, 226.874, 226.931, 226.776, 226.825, 226.886, 226.896, 226.867, 227.373, 226.995, 226.866, 226.839, 226.849, 226.871, 226.91, 226.796, 226.868, 226.849, 226.932, 226.835, 226.803, 226.86, 226.784, 227.462, 226.775, 226.914, 226.845, 226.932, 226.806, 226.901, 226.887, 227.013, 226.893, 226.836, 226.799, 226.874, 228.791, 
Time to set up datastructures: 14784.1ms
225.886, 226.023, 225.96, 225.946, 225.958, 225.995, 225.91, 225.922, 225.946, 225.926, 225.979, 226.062, 226.086, 225.961, 226.087, 225.936, 225.898, 225.884, 225.931, 226.021, 225.93, 226.156, 226.049, 225.966, 225.98, 226.051, 225.915, 225.942, 226.071, 226.086, 225.898, 225.901, 225.971, 225.883, 225.911, 225.948, 225.912, 225.974, 225.937, 225.967, 226.383, 225.97, 226.056, 225.895, 225.881, 225.984, 225.987, 226.113, 225.952, 226.129, 226.022, 225.965, 225.932, 225.865, 226.017, 225.919, 225.961, 225.927, 226.208, 225.925, 225.931, 225.933, 225.894, 226.035, 226.195, 225.957, 225.988, 225.913, 225.915, 226.008, 225.888, 225.877, 226.086, 225.928, 225.894, 225.997, 225.924, 225.931, 225.95, 225.917, 225.895, 226.037, 226.041, 225.973, 225.908, 225.939, 225.921, 225.977, 225.864, 225.938, 226.176, 225.924, 225.998, 225.923, 225.999, 225.912, 225.944, 225.898, 225.896, 226.166, 
Time to set up datastructures: 14626ms
224.975, 225.032, 225.02, 225.429, 225.017, 225.043, 225.146, 225.056, 225.027, 224.991, 224.999, 225.08, 227.791, 225.069, 225.105, 225.455, 225.073, 224.908, 225.818, 225.102, 225.286, 225.288, 225.065, 225.183, 225.142, 224.92, 225.037, 225.148, 225.075, 225.391, 225.554, 224.965, 225.079, 225.059, 224.972, 225.743, 224.993, 224.99, 225.25, 225.085, 224.966, 225.145, 225.071, 225.002, 225.235, 225.112, 225.227, 225.393, 225.581, 225.005, 225.106, 225.009, 225.214, 224.979, 225.02, 225.272, 225.498, 225.07, 224.953, 225.136, 225.602, 225.028, 224.971, 224.994, 225.617, 225.797, 226.058, 224.969, 225.145, 225.061, 225.324, 225.048, 224.975, 225, 225.344, 225.155, 225.172, 225.155, 225.112, 224.95, 225.006, 224.946, 225.092, 225.588, 225.11, 225.073, 225.123, 225.013, 225.157, 225.112, 225.13, 225.046, 225.302, 225.083, 224.959, 225.118, 225.051, 224.972, 225.002, 224.96, 
Time to set up datastructures: 15522ms
225.826, 225.794, 225.727, 225.714, 225.911, 225.733, 225.727, 225.748, 225.694, 225.786, 225.876, 225.817, 225.879, 225.903, 225.763, 225.761, 225.766, 225.734, 225.849, 226.037, 225.769, 225.763, 225.796, 225.809, 225.92, 225.814, 225.703, 225.868, 225.828, 225.804, 225.75, 225.792, 225.779, 225.766, 225.705, 225.763, 225.819, 226.194, 225.827, 225.741, 225.812, 225.741, 225.85, 225.705, 225.682, 225.929, 225.787, 225.72, 225.765, 225.798, 225.726, 225.709, 225.709, 225.673, 226.276, 225.826, 225.705, 225.907, 225.742, 225.724, 225.716, 225.724, 225.755, 225.855, 225.733, 225.832, 225.83, 225.88, 225.693, 225.727, 225.668, 225.835, 225.82, 225.828, 225.827, 225.788, 225.748, 225.72, 225.767, 225.792, 225.824, 225.833, 225.707, 225.827, 225.771, 226.14, 225.759, 225.738, 225.68, 225.832, 225.745, 225.702, 225.823, 225.773, 225.827, 225.755, 225.739, 225.732, 226.514, 226.525, 
Time to set up datastructures: 14917.6ms
223.273, 223.366, 223.354, 223.295, 223.347, 223.362, 223.266, 223.279, 223.279, 223.283, 223.382, 223.299, 223.465, 223.493, 223.336, 223.372, 223.303, 223.322, 223.27, 223.338, 223.38, 223.277, 223.322, 223.384, 223.45, 223.325, 223.319, 223.375, 223.425, 223.3, 223.247, 223.322, 223.527, 223.348, 223.262, 223.33, 223.31, 223.317, 223.317, 223.264, 223.375, 223.303, 223.318, 223.325, 223.313, 223.36, 223.895, 223.257, 223.309, 223.49, 223.286, 223.315, 223.432, 223.325, 223.381, 223.341, 223.298, 223.322, 223.461, 223.284, 223.473, 223.266, 223.304, 223.342, 223.416, 223.338, 223.341, 223.348, 223.316, 223.312, 223.261, 223.287, 223.358, 223.322, 223.352, 223.298, 223.302, 223.306, 223.377, 223.273, 223.299, 223.389, 223.295, 223.29, 223.242, 223.248, 223.337, 223.405, 223.286, 223.37, 223.431, 223.414, 223.298, 223.294, 223.31, 223.275, 223.301, 223.282, 223.291, 223.407, 
Time to set up datastructures: 14776.1ms
222.603, 222.611, 222.547, 222.708, 222.479, 222.467, 222.584, 222.675, 222.503, 222.619, 222.496, 222.576, 224.631, 222.895, 222.531, 222.633, 222.557, 222.528, 222.847, 222.514, 222.461, 222.504, 222.565, 222.494, 222.54, 222.585, 222.5, 223.047, 222.59, 222.618, 222.857, 222.542, 222.472, 222.516, 222.612, 222.551, 222.568, 222.58, 222.555, 222.525, 222.583, 222.506, 222.533, 222.542, 222.498, 222.529, 222.497, 223.049, 222.726, 222.522, 222.532, 222.576, 222.558, 222.508, 222.586, 222.526, 222.616, 222.742, 222.515, 222.556, 222.763, 222.529, 222.598, 222.541, 222.578, 222.66, 222.63, 222.529, 222.523, 222.535, 222.922, 222.519, 222.584, 222.549, 222.662, 222.538, 222.569, 222.565, 222.578, 222.531, 222.495, 222.56, 222.581, 222.641, 222.625, 222.499, 222.514, 222.526, 222.575, 222.539, 222.567, 222.513, 222.458, 222.58, 222.515, 222.531, 222.565, 222.454, 222.554, 222.484, 
Running TBB implementation
Time to set up datastructures: 12665ms
365.705, 365.678, 365.757, 365.931, 365.666, 365.627, 365.639, 365.667, 365.803, 365.63, 365.997, 365.668, 365.803, 365.534, 365.628, 365.755, 365.677, 365.765, 365.658, 365.924, 365.745, 365.95, 365.643, 365.61, 365.641, 365.74, 365.692, 365.683, 365.604, 365.679, 365.609, 365.612, 366.223, 365.741, 365.743, 365.631, 365.694, 366.211, 365.671, 365.784, 365.556, 365.73, 365.799, 365.954, 365.671, 365.591, 365.737, 365.704, 365.843, 365.694, 365.705, 365.568, 365.68, 365.562, 365.94, 365.683, 365.611, 365.933, 365.76, 365.609, 365.594, 365.648, 365.722, 365.806, 365.607, 366.771, 365.724, 365.84, 365.532, 365.973, 365.652, 365.811, 365.676, 365.622, 365.66, 365.661, 365.92, 365.697, 365.599, 365.607, 365.648, 365.719, 365.667, 365.671, 365.628, 365.708, 365.719, 366.267, 365.693, 365.679, 365.666, 365.602, 365.851, 365.694, 365.737, 365.599, 365.684, 365.908, 366.171, 365.833, 
Time to set up datastructures: 10403.2ms
284.514, 284.78, 284.726, 285.017, 284.558, 284.537, 285.473, 284.488, 284.843, 284.797, 284.519, 284.611, 284.593, 284.687, 285.058, 284.962, 284.684, 284.563, 284.525, 284.526, 285.313, 284.554, 284.531, 284.568, 284.491, 284.495, 284.656, 284.751, 284.597, 284.561, 284.453, 284.523, 284.455, 284.549, 285.279, 284.57, 284.651, 284.518, 284.422, 284.57, 284.553, 284.702, 284.695, 284.795, 284.527, 284.472, 284.614, 284.53, 285.205, 284.69, 284.769, 284.691, 284.467, 284.444, 284.551, 285.209, 284.62, 284.692, 284.451, 284.51, 285.007, 284.6, 285.288, 284.634, 284.582, 284.549, 284.679, 284.517, 284.799, 284.581, 285.145, 284.677, 284.676, 284.677, 284.489, 284.659, 285.281, 284.923, 284.547, 284.613, 284.506, 284.708, 284.47, 285.22, 284.913, 284.811, 284.545, 284.446, 284.507, 285.93, 285.66, 284.9, 284.692, 284.69, 284.529, 284.586, 284.624, 284.698, 284.739, 284.655, 
Time to set up datastructures: 14454.3ms
259.261, 259.141, 259.195, 259.189, 259.396, 259.235, 259.232, 259.295, 259.383, 259.07, 259.172, 259.363, 259.123, 259.303, 259.247, 259.43, 259.215, 259.032, 259.294, 259.295, 259.19, 259.32, 259.373, 259.42, 259.16, 259.14, 259.336, 259.276, 259.269, 259.235, 259.246, 259.412, 259.216, 259.304, 259.224, 259.21, 259.261, 267.45, 262.364, 259.391, 259.143, 259.441, 259.478, 259.249, 259.335, 259.445, 259.396, 259.242, 259.041, 259.199, 259.295, 259.245, 259.249, 263.073, 259.273, 259.212, 259.141, 259.254, 259.261, 259.263, 259.217, 259.354, 259.331, 259.24, 259.259, 259.257, 259.262, 259.162, 259.471, 259.3, 259.254, 259.05, 259.368, 259.333, 259.429, 259.33, 259.313, 259.357, 259.261, 259.136, 259.257, 259.259, 259.247, 259.224, 259.291, 259.332, 259.299, 259.057, 259.299, 259.274, 259.241, 259.208, 259.335, 259.268, 259.281, 259.122, 259.285, 259.421, 259.258, 259.493, 
Time to set up datastructures: 14166.3ms
245.672, 245.586, 245.634, 245.598, 245.636, 245.972, 246.048, 246.086, 246.015, 246.351, 245.975, 246.058, 246.004, 246.009, 246.031, 246.066, 246.168, 246.021, 245.956, 245.998, 246.095, 247.559, 245.98, 246.043, 246.09, 245.933, 246.264, 245.991, 245.97, 245.942, 246.146, 246.09, 246.159, 246.074, 246.032, 246.281, 246.097, 246.247, 246.042, 245.967, 246.038, 246.071, 245.995, 246.016, 246.03, 246.037, 246.054, 246.063, 246.049, 245.986, 246.008, 246.018, 246.092, 246.207, 246.086, 246.081, 246.037, 246.037, 245.959, 246.077, 246.031, 246.001, 246.023, 245.989, 246.099, 246.059, 245.961, 245.809, 246.016, 246.029, 246.219, 246.008, 246.017, 246.086, 246.095, 245.935, 245.938, 246.113, 246.021, 246.055, 246.136, 246.044, 246.056, 246.031, 246.013, 246.085, 246.033, 246.113, 246.05, 246.035, 246.121, 245.986, 246.004, 246, 246.101, 246.11, 246.013, 246.082, 246.012, 246.011, 
Time to set up datastructures: 14860.8ms
238.284, 238.197, 238.224, 238.262, 238.253, 238.242, 238.175, 238.306, 238.254, 238.277, 238.214, 238.274, 238.279, 238.274, 238.256, 238.362, 238.321, 238.243, 238.213, 238.209, 238.266, 238.444, 238.239, 238.253, 238.217, 238.281, 238.242, 238.298, 238.232, 238.346, 238.383, 238.229, 238.321, 238.223, 238.183, 238.26, 238.309, 238.185, 238.174, 238.231, 238.223, 238.344, 238.227, 238.339, 238.254, 238.285, 238.355, 238.185, 238.243, 238.232, 238.348, 238.149, 238.216, 238.255, 238.278, 238.684, 238.247, 238.343, 238.404, 238.178, 238.269, 238.269, 238.216, 238.281, 238.307, 238.174, 238.234, 238.392, 238.232, 238.237, 238.263, 238.424, 238.252, 238.204, 238.267, 238.182, 238.232, 238.254, 238.214, 238.201, 238.246, 238.267, 238.214, 238.285, 238.654, 238.239, 238.271, 238.261, 238.273, 238.255, 238.238, 238.206, 238.453, 238.283, 238.289, 238.251, 238.309, 239.654, 238.235, 238.357, 
Time to set up datastructures: 14411ms
232.525, 232.515, 232.519, 232.506, 232.582, 232.546, 232.55, 232.432, 232.426, 232.574, 232.597, 232.64, 232.621, 232.651, 232.57, 232.431, 232.518, 232.577, 232.55, 232.471, 232.541, 232.576, 232.644, 232.726, 232.579, 232.582, 232.567, 232.594, 232.479, 232.6, 232.536, 232.496, 232.49, 232.434, 232.501, 232.652, 232.514, 232.458, 232.53, 232.454, 232.721, 232.509, 232.625, 232.523, 232.662, 232.423, 232.378, 232.673, 232.562, 232.445, 232.443, 232.654, 232.535, 232.519, 232.633, 232.754, 232.587, 232.565, 232.418, 232.518, 232.495, 232.704, 232.606, 232.434, 232.474, 232.544, 232.646, 232.432, 232.54, 232.583, 232.426, 232.476, 232.584, 232.613, 232.567, 232.434, 232.392, 232.613, 232.548, 232.366, 232.515, 232.282, 232.523, 232.448, 232.516, 232.562, 232.46, 232.578, 232.596, 232.522, 232.601, 232.459, 232.557, 232.453, 232.429, 232.554, 232.643, 232.523, 232.608, 232.488, 
Time to set up datastructures: 14521.8ms
229.146, 229.032, 229.004, 228.938, 229.115, 228.988, 228.91, 229.064, 229.431, 230.103, 228.989, 229.147, 229.149, 228.966, 229.249, 229.062, 229.058, 229.069, 229.053, 229.007, 228.99, 228.944, 229.063, 229.058, 229.124, 229.063, 229.122, 229.031, 228.969, 229.006, 228.991, 228.99, 229.052, 228.971, 229.105, 228.943, 228.993, 228.992, 228.949, 228.972, 229.024, 229.071, 228.981, 229.253, 228.931, 228.999, 229.01, 229.175, 229.016, 228.903, 229.04, 228.976, 228.973, 228.991, 229.112, 229.178, 228.936, 229.002, 228.922, 229.021, 229.045, 229.193, 228.964, 229, 229.015, 229.192, 229.01, 229.163, 229.025, 229.001, 228.984, 228.935, 229.078, 229.137, 228.995, 228.995, 228.992, 229.027, 229.083, 228.94, 229.081, 229.104, 228.954, 229.033, 228.978, 229.036, 229.021, 229.118, 229.006, 228.966, 229.019, 229.066, 229.038, 229.07, 229.001, 229.102, 229.172, 229.02, 229.045, 229.099, 
Time to set up datastructures: 14807.9ms
227.264, 227.246, 227.263, 227.177, 227.315, 227.254, 227.279, 227.338, 227.322, 227.296, 227.401, 227.297, 227.336, 227.219, 227.209, 227.221, 227.508, 227.307, 227.265, 227.288, 227.27, 227.261, 227.185, 227.274, 227.458, 227.451, 227.305, 227.273, 227.234, 227.211, 227.257, 226.975, 227.224, 227.32, 227.364, 227.31, 227.359, 227.279, 227.257, 227.215, 227.313, 227.261, 227.394, 227.458, 227.356, 227.223, 227.262, 227.199, 227.314, 227.304, 227.279, 227.195, 227.902, 227.277, 227.387, 227.297, 227.238, 227.137, 227.261, 227.284, 227.339, 227.199, 227.248, 227.238, 227.219, 227.309, 227.513, 227.225, 227.393, 227.352, 227.329, 227.339, 227.338, 227.273, 227.358, 227.272, 227.264, 227.288, 227.39, 227.137, 227.214, 227.226, 227.746, 227.121, 227.219, 227.34, 227.213, 227.275, 227.321, 227.237, 227.281, 227.388, 227.232, 227.138, 227.263, 227.269, 229.102, 227.285, 227.245, 227.916, 
Time to set up datastructures: 15267.8ms
226.107, 225.945, 226.115, 225.986, 226.062, 226.199, 226.139, 226.117, 226.253, 226.045, 226.118, 226.055, 226.065, 226.817, 226.094, 226.111, 226.161, 226.209, 226.143, 226.318, 226.065, 225.978, 226.15, 226.221, 226.084, 226.188, 226.096, 226.111, 226.104, 225.961, 226.008, 226.108, 226.056, 226.052, 226.126, 226.14, 225.828, 225.834, 226.234, 225.998, 226.064, 226.277, 226.27, 225.938, 226.318, 226.112, 226.083, 226.253, 226.116, 226.05, 226.065, 226.09, 226.231, 226.103, 226.119, 226.01, 226.251, 226.028, 226.091, 226.294, 226.074, 226.171, 226.117, 225.996, 225.952, 226.066, 226.143, 226.016, 225.995, 226.041, 226.202, 225.929, 226.094, 226.03, 226.521, 225.987, 226.376, 226.097, 226.22, 226.147, 226.069, 226.081, 226.06, 226.122, 226.142, 226.18, 226.055, 226.21, 226.086, 226.053, 226.023, 226.015, 225.976, 226.122, 226.171, 226.019, 226.248, 226.232, 226.052, 226.029, 
Time to set up datastructures: 14609.5ms
225.576, 225.619, 225.346, 225.434, 225.269, 225.357, 225.478, 227.481, 225.467, 225.539, 225.858, 225.264, 225.257, 226.106, 225.302, 225.352, 225.492, 225.74, 225.506, 225.62, 225.29, 225.338, 225.245, 225.35, 225.633, 225.355, 225.574, 225.324, 225.85, 225.264, 225.334, 225.295, 225.416, 225.211, 225.304, 225.795, 225.397, 225.466, 225.312, 225.393, 225.643, 225.541, 225.797, 226.084, 225.392, 225.339, 225.481, 225.299, 225.292, 225.663, 225.377, 225.28, 225.318, 225.646, 225.685, 225.471, 225.439, 225.253, 225.593, 225.41, 226.21, 225.325, 225.617, 225.36, 225.632, 225.387, 225.268, 225.246, 225.363, 225.296, 225.432, 226.039, 225.338, 225.581, 225.342, 225.311, 225.27, 225.487, 225.592, 225.606, 225.791, 225.473, 225.538, 225.455, 225.241, 225.429, 225.218, 225.45, 225.506, 225.44, 225.411, 225.231, 225.457, 225.1, 225.303, 225.579, 225.434, 225.723, 225.634, 225.461, 
Time to set up datastructures: 14752.5ms
225.819, 225.831, 225.939, 225.666, 225.766, 225.946, 225.708, 225.821, 225.976, 225.813, 226.011, 225.997, 225.756, 225.844, 225.666, 225.88, 225.964, 225.842, 225.911, 225.762, 225.803, 225.554, 225.854, 225.795, 225.928, 225.801, 225.892, 225.849, 225.803, 225.796, 225.599, 225.821, 225.754, 225.776, 225.781, 225.853, 225.881, 226.258, 225.774, 225.792, 225.938, 225.836, 225.769, 225.862, 225.78, 225.846, 225.903, 225.754, 225.655, 225.795, 225.704, 225.734, 226.218, 226.012, 225.868, 226.015, 225.629, 225.679, 225.738, 225.839, 227.836, 225.88, 225.89, 225.835, 225.865, 225.821, 225.629, 225.74, 225.741, 225.786, 225.897, 225.807, 226.033, 225.885, 225.815, 225.589, 225.8, 225.609, 225.845, 225.859, 225.883, 225.78, 225.975, 225.97, 225.509, 225.791, 225.826, 225.787, 225.731, 225.785, 225.734, 225.837, 225.776, 225.601, 225.764, 225.823, 227.244, 225.776, 225.816, 225.659, 
Time to set up datastructures: 14899.4ms
223.467, 223.521, 223.597, 223.414, 223.427, 223.532, 223.49, 223.364, 223.612, 223.346, 223.452, 223.585, 223.561, 223.49, 223.479, 223.299, 223.623, 223.46, 223.453, 223.463, 223.439, 223.642, 223.879, 223.565, 223.382, 223.675, 223.725, 223.412, 223.431, 223.313, 223.394, 223.481, 223.45, 223.383, 223.374, 223.408, 223.497, 223.459, 223.344, 223.819, 223.799, 223.487, 223.417, 223.5, 223.601, 223.533, 223.481, 223.533, 223.435, 223.461, 223.485, 223.444, 223.596, 224.338, 224.133, 223.513, 223.428, 223.53, 223.542, 223.669, 223.581, 223.535, 223.558, 223.384, 223.493, 223.375, 223.585, 223.289, 223.343, 223.445, 223.552, 223.392, 223.374, 223.48, 223.456, 223.442, 223.285, 223.439, 223.411, 223.497, 223.468, 223.382, 223.567, 223.344, 223.403, 223.526, 223.602, 223.406, 223.439, 223.355, 223.396, 223.56, 223.622, 223.37, 223.434, 223.543, 223.474, 223.649, 223.465, 223.631, 
Time to set up datastructures: 14699.5ms
222.61, 222.613, 222.666, 222.316, 222.526, 222.681, 222.611, 222.67, 222.655, 222.536, 224.488, 222.601, 222.503, 222.927, 222.526, 222.449, 222.741, 222.633, 222.632, 222.567, 222.461, 222.619, 222.636, 222.583, 222.565, 222.934, 222.617, 222.669, 222.655, 222.876, 222.593, 222.568, 222.511, 222.621, 222.572, 222.544, 222.599, 222.527, 222.406, 222.56, 222.595, 222.441, 222.615, 222.531, 222.606, 222.518, 222.702, 222.487, 222.572, 222.497, 222.651, 222.479, 222.555, 222.623, 222.508, 222.552, 222.225, 222.563, 222.699, 222.594, 222.502, 222.462, 222.47, 222.444, 222.725, 222.605, 222.36, 222.532, 222.595, 222.571, 222.524, 222.557, 222.655, 222.494, 222.499, 222.599, 222.605, 222.519, 222.321, 222.543, 222.577, 222.497, 222.667, 222.703, 222.391, 222.479, 222.612, 222.543, 222.719, 222.541, 222.667, 222.59, 222.597, 222.606, 222.583, 222.582, 222.44, 222.556, 222.456, 222.606, 
Running TBB_graphs implementation with double the amount of partitions than threads
Time to set up datastructures: 9103.13ms
366.426, 366.919, 366.65, 366.509, 366.897, 366.733, 366.741, 366.436, 367.175, 366.491, 366.815, 366.518, 366.589, 366.955, 366.683, 366.698, 366.937, 366.385, 366.741, 367.123, 366.799, 366.855, 366.652, 366.497, 367.41, 366.27, 367.001, 366.375, 366.718, 367.105, 366.849, 366.46, 366.982, 366.78, 366.464, 366.671, 366.66, 367.07, 366.917, 366.612, 366.491, 366.552, 366.935, 366.469, 366.377, 366.832, 366.827, 366.812, 366.658, 366.73, 366.452, 366.311, 366.624, 366.554, 366.528, 368.207, 366.644, 366.379, 366.303, 367.043, 366.801, 366.297, 366.579, 366.617, 366.494, 366.782, 366.88, 366.685, 367.047, 366.466, 367.004, 366.391, 366.616, 367.254, 366.657, 367.066, 366.433, 366.602, 366.465, 366.763, 366.414, 366.696, 366.934, 366.318, 366.841, 366.346, 366.568, 366.346, 366.378, 366.541, 366.332, 366.769, 366.863, 366.248, 366.527, 366.763, 366.191, 366.434, 366.788, 366.734, 
Time to set up datastructures: 9070.92ms
284.812, 284.605, 284.379, 284.78, 284.889, 284.553, 284.27, 284.812, 285.223, 284.382, 284.71, 284.17, 284.056, 284.518, 284.484, 284.539, 284.409, 284.593, 287.696, 284.72, 284.424, 284.151, 285.279, 284.432, 284.474, 284.761, 284.017, 284.493, 284.347, 284.647, 284.776, 284.955, 284.894, 284.545, 284.849, 284.522, 285.174, 284.531, 284.718, 288.229, 284.452, 284.072, 284.284, 284.516, 284.525, 284.878, 288.176, 284.681, 284.253, 284.321, 285.105, 284.38, 284.633, 284.587, 288.904, 284.865, 284.476, 284.325, 284.259, 284.674, 284.213, 286.992, 284.242, 284.462, 285.146, 284.175, 284.935, 284.512, 284.357, 284.403, 284.272, 284.757, 284.245, 289.047, 284.612, 284.45, 284.191, 284.683, 285.288, 284.342, 285.064, 285.669, 284.061, 284.319, 284.422, 288.103, 286.623, 286.23, 286.523, 284.557, 284.459, 284.111, 285.037, 284.201, 285.075, 284.531, 284.248, 284.734, 284.797, 285.222, 
Time to set up datastructures: 9096.58ms
258.879, 259.079, 259.052, 259.54, 259.092, 258.895, 259.133, 259.067, 259.178, 259.287, 258.949, 259.043, 259.354, 259.03, 258.942, 259.033, 259.432, 259.16, 259.222, 259.43, 258.868, 258.974, 258.929, 262.14, 259.137, 258.967, 259.043, 258.908, 259.415, 259.425, 258.923, 259.299, 259.155, 259.444, 258.976, 259.007, 258.899, 258.958, 259.303, 259.163, 258.944, 259.294, 259.57, 258.993, 259.026, 258.973, 259.053, 258.909, 259.101, 258.904, 259.076, 259.062, 259.002, 259.36, 259.2, 259.024, 259.128, 258.677, 259.038, 259.1, 259.12, 259.248, 259.277, 259.093, 258.902, 259, 258.789, 258.937, 258.865, 259.431, 260.826, 259.417, 258.855, 259.28, 258.935, 259.046, 259.193, 258.892, 259.368, 259.093, 258.692, 261.387, 259.425, 260.406, 259.157, 259.426, 259.043, 259.342, 258.793, 258.956, 258.972, 259.279, 259.053, 261.081, 259.188, 259.248, 259.233, 258.85, 258.976, 259.006, 
Time to set up datastructures: 9076.18ms
245.846, 246.128, 245.808, 246.247, 246.244, 245.899, 245.835, 246.014, 245.798, 246.083, 245.72, 245.903, 245.988, 245.853, 245.813, 245.895, 245.803, 246.337, 247.542, 246.802, 245.955, 245.844, 245.76, 246.189, 246.1, 245.816, 245.896, 245.688, 245.965, 245.742, 245.88, 245.725, 245.937, 246.251, 246.253, 245.852, 245.965, 245.783, 245.72, 245.729, 245.868, 245.899, 246.353, 246.073, 246.146, 245.83, 245.857, 245.986, 246.021, 246.004, 247.338, 245.855, 246.242, 245.865, 246.269, 245.929, 245.724, 245.986, 246.039, 245.865, 245.873, 245.933, 245.886, 245.869, 245.878, 245.848, 245.95, 245.911, 246.293, 245.877, 246.495, 245.725, 245.9, 246.11, 246.206, 246.243, 246.007, 246.435, 246.004, 245.758, 246.01, 245.985, 247.643, 245.757, 245.846, 246.446, 245.972, 246.238, 246.147, 245.879, 245.804, 246.119, 245.748, 246.065, 245.978, 246.033, 246.248, 245.963, 246.038, 246.01, 
Time to set up datastructures: 9090.32ms
239.119, 237.929, 238.048, 238.289, 237.813, 238.022, 237.853, 237.95, 238.028, 237.904, 238.042, 238.006, 237.986, 237.953, 237.795, 237.978, 238.034, 238.188, 238.017, 238.081, 238.038, 237.843, 238.179, 237.8, 237.955, 237.936, 237.862, 238.139, 238.086, 237.927, 238.376, 237.875, 238.033, 238.013, 238.171, 238.03, 237.923, 238.135, 238.2, 237.975, 237.901, 237.99, 237.97, 237.935, 237.994, 237.955, 238.044, 238.183, 237.766, 237.963, 238.203, 238.02, 238.051, 237.849, 238.039, 237.912, 237.937, 237.796, 238.021, 238.116, 237.842, 237.919, 238.102, 238.258, 237.971, 237.982, 238.167, 238.084, 237.918, 237.738, 237.939, 238.05, 237.957, 237.826, 237.908, 238.099, 250.893, 238.094, 238.05, 238.121, 238.001, 240.607, 238.409, 238.023, 239.876, 238.532, 238.041, 237.875, 238.153, 237.987, 238.138, 237.907, 237.954, 238.07, 237.923, 238.153, 237.825, 238.093, 238.047, 238.138, 
Time to set up datastructures: 9093.91ms
232.07, 232.154, 232.978, 232.418, 232.095, 232.303, 232.173, 232.102, 232.053, 231.965, 232.26, 232.098, 232.153, 232.089, 232.014, 232.296, 232.206, 231.924, 232.117, 232.138, 232.065, 232.133, 232.068, 232.07, 232.428, 232.067, 231.916, 234.258, 232.551, 232.197, 232.228, 232.152, 232.111, 231.972, 232.153, 232.057, 232.763, 233.603, 231.944, 232.094, 232.266, 232.383, 232.388, 232.463, 232.28, 232.706, 232.471, 232.041, 232.011, 232.151, 232.047, 232.217, 232.099, 232.007, 232.257, 232.053, 232.041, 232.101, 232.295, 232.064, 232.2, 232.093, 232.264, 232.08, 232.144, 231.91, 232.292, 232.177, 232.213, 231.994, 233.087, 232.503, 232.032, 231.958, 232.058, 232.206, 232.173, 232.286, 232.05, 232.156, 232.113, 232.079, 232.124, 232.339, 232.231, 232.006, 232.06, 231.915, 232.156, 232.305, 232.03, 231.96, 232.095, 232.303, 232.598, 232.15, 232.066, 232.158, 232.058, 232.074, 
Time to set up datastructures: 9092.23ms
228.698, 228.677, 228.807, 228.736, 228.976, 228.81, 228.561, 228.99, 228.847, 228.819, 228.815, 228.739, 229.283, 228.742, 228.836, 228.704, 228.821, 228.79, 229.025, 228.777, 228.972, 228.973, 228.727, 228.666, 228.813, 228.917, 228.865, 228.716, 228.769, 228.87, 228.686, 228.734, 228.695, 228.678, 228.766, 228.666, 228.698, 228.851, 228.885, 228.646, 228.701, 228.873, 228.82, 229.188, 228.648, 228.623, 228.734, 228.928, 228.915, 228.846, 228.673, 228.791, 228.748, 228.613, 228.709, 228.854, 228.68, 228.757, 228.704, 228.747, 228.87, 228.652, 228.72, 228.837, 228.775, 228.784, 229.08, 228.855, 228.829, 229.081, 228.639, 228.846, 228.771, 228.784, 228.827, 228.549, 228.749, 228.975, 229.514, 228.792, 228.907, 228.84, 228.837, 228.787, 228.657, 228.73, 228.697, 228.595, 229.054, 228.796, 228.845, 228.816, 229.25, 228.877, 228.773, 228.807, 228.83, 228.647, 228.699, 228.782, 
Time to set up datastructures: 9089.82ms
227.314, 227.137, 227.118, 227.186, 227.266, 227.066, 227.058, 227.143, 227.152, 227.058, 227.243, 227.167, 227.645, 227.142, 227.199, 227.11, 227.039, 227.084, 227.222, 227.115, 227.096, 227.105, 227.02, 227.17, 227.024, 227.073, 227.124, 227.028, 227.147, 227.032, 227.189, 226.971, 227.173, 227.213, 227.166, 227.006, 227.126, 227.072, 227.19, 227.184, 227.001, 227.102, 227.079, 227.175, 227.185, 227.224, 227.2, 227.089, 227.029, 227.334, 227.425, 227.128, 227.07, 226.984, 227.105, 227.052, 227.11, 226.954, 227.474, 227.061, 227.18, 227.086, 227.104, 227.196, 227.06, 227.168, 227, 227.52, 227.329, 227.214, 227.09, 227.31, 227.898, 227.623, 227.278, 226.987, 227.111, 227.104, 226.951, 227.143, 227.035, 227.046, 226.984, 226.92, 227.217, 227.13, 227.163, 227.133, 227.03, 227.196, 227.076, 227.105, 227.097, 227.209, 227.136, 227.031, 227.058, 227.206, 227.09, 227.277, 
Time to set up datastructures: 9074.42ms
226.017, 225.969, 226.07, 225.853, 225.873, 225.997, 225.925, 225.902, 225.828, 226.123, 225.943, 226.032, 226.27, 225.87, 226.096, 226.179, 225.917, 225.939, 226.237, 225.863, 225.857, 225.867, 225.863, 227.37, 226.202, 225.984, 226.009, 225.869, 226.027, 225.9, 225.967, 225.851, 226.513, 225.758, 225.927, 225.905, 226.044, 225.886, 225.933, 225.801, 226.115, 226.218, 226.079, 225.82, 225.991, 225.962, 225.859, 225.9, 226.009, 226, 226.093, 225.847, 226.516, 225.976, 226.019, 225.957, 225.907, 225.79, 225.948, 225.98, 225.977, 225.87, 226.018, 226.041, 225.849, 225.964, 225.892, 226.356, 226.087, 225.812, 226.07, 225.898, 226.018, 225.879, 225.89, 225.932, 226.172, 225.915, 225.895, 225.809, 226.041, 225.897, 225.995, 226.121, 225.999, 225.943, 225.975, 226.459, 225.994, 225.944, 225.95, 225.868, 225.874, 225.793, 226.178, 225.851, 226.07, 226.005, 226.25, 225.871, 
Time to set up datastructures: 9116.77ms
225.54, 225.075, 225.184, 225.167, 225.118, 225.4, 225.13, 225.089, 225.486, 225.48, 225.041, 225.093, 225.498, 225.331, 225.775, 225.203, 225.102, 225.271, 225.806, 225.044, 225.311, 225.056, 225.225, 225.181, 225.267, 225.267, 225.283, 225.585, 225.052, 225.42, 225.146, 225.234, 225.591, 225.397, 225.124, 225.399, 225.43, 225.237, 225.267, 225.09, 225.219, 225.322, 233.393, 225.513, 225.454, 225.612, 225.05, 225.214, 225.071, 225.504, 225.526, 225.445, 225.572, 225.271, 225.538, 225.015, 225.327, 225.55, 225.163, 225.132, 225.053, 225.389, 225.458, 225.887, 225.063, 225.124, 225.573, 225.676, 225.321, 225.115, 225.054, 225.532, 225.057, 225.087, 225.103, 225.204, 225.153, 225.368, 225.105, 225.286, 225.706, 225.028, 225.139, 225.087, 225.223, 225.581, 225.173, 225.409, 225.375, 225.483, 225.127, 225.086, 225.043, 225.19, 225.744, 225.011, 225.147, 225.811, 225.276, 225.538, 
Time to set up datastructures: 9087.7ms
226.113, 225.717, 225.744, 226.173, 225.879, 227.061, 225.915, 225.733, 225.764, 225.887, 225.83, 226.445, 226.047, 226.248, 225.986, 225.733, 225.812, 225.64, 225.801, 225.858, 225.705, 225.819, 225.783, 225.708, 225.607, 225.718, 226.071, 225.802, 231.58, 225.988, 225.718, 226.202, 225.753, 225.716, 225.945, 225.823, 225.827, 225.747, 225.633, 225.551, 225.936, 225.742, 225.939, 225.781, 225.754, 225.914, 225.74, 225.652, 225.757, 225.7, 225.68, 225.731, 225.72, 225.759, 225.79, 225.657, 225.782, 225.728, 225.913, 225.829, 225.711, 225.78, 226.398, 225.765, 225.709, 231.488, 232.891, 225.874, 225.74, 225.849, 225.973, 225.766, 225.646, 225.898, 225.755, 226.228, 226.781, 226.195, 226.001, 225.681, 225.724, 226.244, 225.754, 225.796, 225.818, 225.727, 225.676, 225.896, 225.736, 226.245, 225.687, 225.694, 225.687, 225.878, 225.717, 225.704, 225.823, 225.791, 225.866, 225.748, 
Time to set up datastructures: 9094.35ms
223.353, 223.163, 223.265, 223.337, 223.293, 223.317, 223.339, 223.393, 223.483, 223.321, 223.22, 223.355, 223.427, 223.38, 223.642, 223.244, 223.405, 223.372, 223.399, 223.362, 223.259, 223.403, 223.391, 223.271, 223.264, 223.303, 223.462, 223.608, 223.274, 223.29, 223.359, 223.44, 223.236, 223.272, 223.333, 223.271, 223.514, 223.279, 223.536, 223.329, 223.26, 223.322, 223.362, 223.397, 223.342, 223.34, 223.276, 223.293, 223.304, 223.283, 223.238, 223.655, 223.382, 223.611, 223.337, 223.414, 223.149, 223.15, 223.238, 223.227, 223.32, 223.337, 223.475, 223.205, 223.3, 223.241, 223.207, 223.457, 223.2, 223.272, 223.233, 223.363, 223.467, 223.281, 230.865, 223.599, 223.273, 223.29, 223.346, 223.255, 223.973, 223.562, 223.361, 223.203, 223.278, 223.436, 223.376, 223.269, 223.248, 223.36, 223.448, 223.355, 223.415, 223.182, 223.328, 223.292, 223.155, 223.34, 223.252, 223.391, 
Time to set up datastructures: 9071.01ms
222.594, 222.713, 222.549, 222.613, 222.554, 222.677, 222.667, 222.545, 222.554, 222.519, 223.062, 222.639, 222.564, 222.651, 222.637, 222.586, 222.464, 222.515, 222.428, 222.869, 222.671, 222.56, 222.57, 222.636, 222.575, 222.629, 222.534, 222.656, 223.484, 222.543, 222.771, 222.497, 222.509, 222.539, 222.638, 222.617, 222.433, 222.714, 222.619, 222.632, 222.674, 224.525, 222.686, 222.613, 222.654, 222.484, 222.954, 222.987, 222.571, 222.784, 222.542, 222.506, 222.553, 222.616, 222.458, 222.729, 222.694, 222.588, 222.777, 222.702, 222.627, 222.597, 222.594, 222.515, 222.574, 222.491, 222.626, 222.549, 222.617, 222.664, 222.629, 222.603, 222.522, 222.646, 222.519, 222.636, 222.823, 222.915, 222.725, 222.686, 222.579, 222.469, 222.612, 222.681, 222.709, 222.728, 222.722, 222.567, 223.741, 223.349, 222.767, 222.689, 222.469, 222.565, 222.614, 222.815, 222.519, 222.465, 222.906, 222.601, 
Running Threadpool implementation with double the amount of partitions than threads
Time to set up datastructures: 9241.75ms
367.556, 367.564, 368.006, 367.779, 367.893, 368.072, 370.444, 369.127, 373.537, 369.127, 367.902, 370.649, 370.693, 369.034, 369.479, 368.043, 372.758, 367.07, 369.588, 368.121, 367.912, 366.833, 367.301, 366.773, 368.166, 367.639, 373.974, 372.936, 372.461, 371.074, 367.801, 368.361, 369.178, 369.512, 371.932, 371.919, 369.37, 369.035, 373.825, 373.911, 372.226, 368.697, 369.111, 370.682, 370.934, 370.296, 367.326, 367.685, 368.482, 367.831, 367.504, 367.822, 367.718, 367.729, 374.564, 367.327, 367.551, 367.702, 367.534, 368.081, 367.875, 367.731, 368.063, 373.067, 373.808, 373.763, 374.211, 368.848, 369.741, 369.955, 376.958, 372.205, 371.192, 369.779, 369.458, 368.841, 371.362, 371.856, 370.422, 369.385, 369.116, 373.194, 373.895, 369.102, 369.711, 369.287, 369.521, 370.567, 370.131, 372.753, 367.963, 368.384, 367.224, 367.375, 367.751, 367.869, 367.596, 367.768, 367.985, 372.301, 
Time to set up datastructures: 9229.06ms
284.602, 285.17, 284.777, 284.688, 284.564, 284.681, 284.571, 287.904, 284.56, 284.819, 284.688, 284.592, 284.72, 284.485, 286.917, 288.293, 284.862, 285.074, 284.74, 286.581, 284.738, 284.97, 284.549, 285.126, 290.007, 284.857, 285.242, 290.185, 284.864, 285.281, 287.958, 284.787, 284.538, 284.785, 284.519, 284.566, 284.35, 284.662, 286.296, 284.497, 286.105, 284.706, 284.675, 285.026, 284.902, 287.996, 284.908, 284.688, 284.691, 284.438, 284.57, 285.43, 284.662, 286.494, 285.065, 284.5, 284.47, 285.424, 288.315, 285.009, 284.613, 284.602, 284.873, 284.586, 286.886, 285.702, 285.001, 284.59, 284.436, 284.62, 284.659, 285.274, 284.944, 284.59, 284.408, 286.806, 284.831, 284.84, 284.769, 284.923, 284.753, 284.598, 284.454, 284.667, 284.525, 287.641, 287.755, 285.173, 284.775, 284.598, 284.715, 284.304, 285.044, 286.653, 284.748, 284.592, 290.576, 284.986, 286.481, 285.165, 
Time to set up datastructures: 9240.4ms
260.021, 259.966, 260.014, 260.415, 260.106, 259.984, 260.046, 260.043, 260.411, 259.881, 261.798, 259.697, 259.722, 259.867, 259.873, 261.022, 259.495, 259.241, 259.797, 261.293, 259.221, 259.784, 259.607, 259.86, 259.735, 259.42, 259.31, 259.772, 260.19, 261.117, 262.186, 259.881, 259.476, 261.075, 261.983, 259.774, 259.982, 259.895, 259.405, 260.007, 260.162, 260.24, 259.935, 259.883, 259.892, 259.892, 259.993, 259.867, 260.084, 260.085, 260.144, 260.026, 260.122, 259.932, 259.458, 261.35, 260.239, 259.636, 259.654, 259.864, 260.178, 260.042, 259.98, 261.394, 259.739, 259.846, 259.772, 259.893, 259.737, 259.452, 259.836, 259.021, 259.73, 260.222, 260.057, 260.169, 260.193, 260.107, 259.871, 259.554, 260.085, 261.255, 261.877, 259.535, 259.745, 259.663, 259.077, 260.975, 260.293, 259.808, 259.723, 259.252, 259.933, 260.004, 259.997, 259.881, 259.942, 259.376, 259.932, 259.939, 
Time to set up datastructures: 9226.19ms
246.425, 246.46, 245.931, 246.248, 246.223, 246.525, 246.223, 246.526, 245.877, 246.288, 246.394, 245.763, 246.281, 246.232, 246.48, 246.705, 246.175, 246.082, 245.937, 246.484, 246.148, 246.293, 248.076, 246.014, 246.268, 246.161, 246.383, 246.157, 246.222, 246.496, 246.235, 246.461, 246.721, 246.311, 246.351, 245.87, 246.26, 247.56, 246.269, 245.827, 246.007, 246.643, 246.728, 246.26, 245.761, 246.185, 246.455, 246.303, 246.309, 246.5, 246.293, 246.558, 246.159, 246.541, 246.394, 245.9, 246.515, 246.167, 246.447, 246.258, 246.333, 246.209, 246.354, 246.488, 246.732, 246.495, 246.533, 246.315, 246.324, 245.903, 246.315, 246.18, 246.365, 246.405, 246.063, 245.965, 246.269, 246.101, 246.309, 246.041, 246.165, 246.416, 246.6, 246.386, 246.339, 246.201, 246.373, 248.19, 247.762, 246.069, 246.49, 246.375, 246.318, 246.524, 246.297, 246.356, 246.503, 246.205, 246.411, 246.33, 
Time to set up datastructures: 9216.55ms
238.167, 237.996, 238.171, 238.115, 238.139, 238.077, 238.236, 239.057, 238.165, 238.206, 238.121, 238.315, 237.982, 238.089, 238.216, 238.046, 238.063, 238.079, 238.187, 238.05, 238.245, 238.047, 238.047, 238.101, 238.089, 238.158, 238.128, 238.038, 238.209, 238.035, 238.131, 238.076, 237.95, 238.795, 238.26, 238.016, 238.105, 238.058, 238.044, 238.201, 238.133, 238.239, 238.199, 238.073, 239.005, 238.349, 238, 238.34, 238.035, 237.96, 238.022, 238.197, 238.297, 238.817, 238.145, 238.106, 238.252, 238.001, 238.152, 238.009, 238.785, 238.273, 238.159, 238.009, 238.039, 238.072, 238.067, 238.165, 238.07, 238.113, 238.14, 238.395, 238.039, 238.129, 238.098, 238.031, 238.293, 238.183, 238.214, 238.121, 238.102, 238.074, 238.027, 238.175, 238.231, 238.2, 238.348, 238.145, 238.129, 238.091, 238.264, 238.047, 238.129, 238.059, 238.129, 238.141, 238.09, 238.071, 237.959, 238.142, 
Time to set up datastructures: 9206.77ms
232.255, 232.389, 232.419, 232.23, 232.281, 233.064, 232.323, 232.456, 232.513, 232.2, 232.391, 232.443, 232.347, 232.477, 233.325, 232.292, 232.839, 232.408, 232.447, 232.389, 232.397, 232.236, 232.413, 232.28, 232.384, 232.387, 232.326, 232.414, 232.433, 233.614, 232.576, 232.438, 232.425, 232.377, 232.407, 232.345, 232.399, 232.349, 233.142, 233.214, 232.313, 232.353, 232.476, 233.264, 232.385, 232.391, 232.624, 232.214, 232.306, 232.228, 232.332, 232.34, 232.267, 232.3, 232.384, 232.241, 232.379, 232.278, 232.57, 233.869, 232.396, 232.268, 232.404, 232.443, 232.402, 232.729, 232.43, 232.351, 233.278, 232.363, 232.374, 232.425, 232.358, 232.375, 232.787, 233.426, 232.527, 232.342, 232.285, 232.332, 232.427, 232.358, 232.447, 233.54, 232.499, 232.367, 232.371, 232.35, 232.289, 232.469, 232.979, 232.578, 232.329, 232.292, 232.453, 232.25, 232.277, 232.47, 232.407, 233.158, 
Time to set up datastructures: 9198.13ms
228.988, 228.976, 229.188, 229.337, 229.343, 228.854, 229.009, 228.928, 229.055, 228.93, 228.97, 229.149, 228.985, 228.932, 228.89, 229.694, 229.012, 228.883, 229.809, 229.129, 228.853, 228.877, 228.819, 228.841, 228.844, 228.992, 228.841, 228.966, 228.901, 229.009, 229.063, 228.836, 228.872, 229.106, 228.917, 228.85, 228.952, 228.977, 228.763, 229.003, 228.89, 229.035, 228.93, 229.509, 228.926, 228.912, 229.019, 228.946, 228.957, 228.842, 228.972, 228.906, 228.83, 228.933, 228.876, 228.91, 228.884, 228.866, 228.875, 228.87, 228.845, 228.833, 228.99, 229.048, 228.884, 228.939, 228.919, 228.913, 228.992, 228.837, 228.842, 228.91, 228.917, 229.81, 229.082, 228.873, 229.076, 228.997, 228.894, 229.102, 229.04, 229.065, 229.17, 228.992, 228.853, 229.069, 229.094, 228.95, 229.345, 228.983, 229.047, 229.228, 228.919, 228.925, 229.015, 229.383, 229.087, 228.946, 229.052, 229.109, 
Time to set up datastructures: 9238.72ms
227.382, 227.437, 227.231, 227.251, 227.305, 228.248, 227.677, 227.446, 227.574, 227.348, 227.196, 227.214, 227.474, 227.344, 227.45, 227.195, 227.343, 227.279, 228.578, 228.141, 227.945, 227.52, 227.368, 227.324, 227.493, 227.411, 227.414, 227.385, 227.315, 227.242, 227.757, 227.355, 227.236, 227.301, 227.299, 227.422, 227.399, 227.659, 228.058, 227.415, 227.21, 227.2, 227.323, 227.302, 227.327, 227.291, 227.211, 227.341, 227.314, 227.281, 227.165, 227.319, 227.325, 227.372, 227.556, 227.413, 227.643, 227.981, 227.314, 227.301, 227.364, 227.263, 227.37, 227.241, 227.236, 227.406, 227.257, 227.196, 227.358, 227.401, 227.377, 227.657, 227.248, 227.401, 227.452, 227.315, 227.374, 227.317, 227.259, 227.299, 227.52, 227.301, 227.94, 227.971, 227.367, 227.256, 227.373, 227.337, 227.387, 227.353, 227.274, 227.347, 227.324, 227.302, 227.33, 227.33, 227.322, 227.774, 227.382, 227.225, 
Time to set up datastructures: 9205.37ms
226.538, 226.399, 226.39, 226.254, 226.253, 226.142, 226.27, 226.354, 226.729, 226.189, 226.482, 226.32, 226.482, 226.346, 226.438, 226.189, 226.301, 226.117, 226.194, 226.147, 226.523, 226.18, 226.201, 226.377, 226.228, 226.241, 226.365, 226.295, 226.153, 226.31, 226.194, 226.248, 226.41, 226.372, 226.677, 226.322, 226.055, 226.355, 226.261, 226.264, 226.144, 226.759, 226.41, 226.251, 226.312, 226.183, 226.299, 226.161, 226.171, 226.317, 226.135, 226.255, 226.175, 226.106, 226.085, 226.156, 226.13, 226.149, 226.28, 226.715, 226.523, 226.409, 226.615, 226.797, 226.294, 226.4, 226.111, 226.368, 226.186, 226.273, 226.134, 226.2, 226.165, 226.2, 226.421, 226.14, 226.416, 226.2, 226.304, 226.263, 226.286, 226.456, 226.212, 226.483, 226.369, 226.265, 226.234, 226.877, 226.345, 226.119, 226.454, 226.328, 226.146, 226.582, 226.527, 229.96, 229.344, 226.341, 226.244, 226.243, 
Time to set up datastructures: 9240.88ms
225.705, 225.587, 225.556, 225.556, 225.941, 225.581, 225.557, 225.58, 225.818, 225.668, 225.518, 225.565, 226.261, 225.558, 225.665, 225.957, 225.503, 225.697, 225.722, 225.867, 225.571, 225.954, 225.589, 225.609, 225.529, 225.524, 226.125, 225.727, 225.636, 225.525, 225.886, 225.572, 226.342, 225.876, 225.761, 225.862, 225.679, 226.023, 225.557, 226.04, 225.876, 225.78, 225.593, 225.924, 225.651, 225.668, 225.522, 225.509, 225.776, 225.734, 226.073, 225.594, 226.065, 225.512, 225.543, 225.651, 225.504, 225.801, 225.866, 225.843, 225.886, 225.809, 225.635, 225.728, 225.608, 225.429, 225.854, 225.648, 225.837, 225.67, 225.612, 225.886, 225.585, 225.542, 225.605, 225.997, 225.98, 225.634, 225.597, 225.587, 225.623, 226.16, 225.882, 226.183, 225.779, 227.511, 226.32, 225.769, 225.715, 225.876, 225.843, 225.631, 225.897, 225.913, 225.571, 225.635, 225.606, 225.715, 225.533, 225.838, 
Time to set up datastructures: 9200.88ms
225.999, 225.941, 225.944, 226.006, 226.081, 226.034, 225.958, 225.93, 226.038, 225.99, 225.908, 225.91, 226.111, 226.296, 225.881, 236.327, 227.371, 225.774, 226.21, 226.085, 226.099, 226.157, 226.115, 226.133, 226.117, 226.068, 226.129, 226.013, 226.079, 226.262, 226.116, 226.144, 226.014, 226.066, 225.943, 226.147, 225.95, 226.276, 226.218, 226.095, 226.254, 226.152, 225.997, 225.92, 226.123, 226.057, 226.053, 226.147, 226.119, 226.652, 226.536, 226.025, 226.077, 226.073, 226.045, 225.911, 226.033, 226.136, 226.132, 226.086, 226.003, 225.793, 227.959, 226.077, 226.024, 225.976, 226.03, 226.086, 226.338, 226.035, 226.204, 226.176, 225.976, 226.061, 226.062, 226.183, 226.046, 226.103, 226.075, 225.839, 226.477, 225.943, 226.097, 225.995, 226.084, 226.015, 226.175, 226.136, 225.982, 225.97, 226.072, 225.993, 226.105, 226.171, 226.158, 231.984, 226.422, 225.928, 225.998, 226.011, 
Time to set up datastructures: 9243.53ms
229.745, 232.125, 230.992, 227.943, 227.926, 227.824, 228.924, 232.961, 230.925, 231.611, 233.506, 233.412, 233.987, 233.802, 235.798, 235.653, 230.87, 227.765, 228.383, 228.017, 230.082, 229.074, 227.701, 227.653, 227.923, 227.934, 229.385, 232.23, 232.131, 232.153, 232.398, 235.05, 228.629, 227.918, 228.103, 227.851, 230.69, 231.975, 228.198, 233.71, 234.658, 233.195, 234.548, 236.147, 235.123, 232.005, 227.917, 227.936, 227.811, 230.092, 229.312, 227.594, 227.69, 227.782, 227.777, 228.997, 232.204, 232.144, 232.047, 232.251, 235.169, 236.698, 235.994, 230.637, 225.821, 223.647, 223.685, 223.666, 223.718, 223.567, 223.657, 223.651, 223.692, 223.706, 223.631, 223.913, 223.729, 223.654, 223.767, 223.763, 223.685, 223.845, 223.763, 223.676, 223.558, 223.721, 223.678, 223.906, 223.681, 223.94, 223.696, 223.769, 223.662, 223.747, 223.679, 223.633, 223.577, 223.635, 223.714, 223.782, 
Time to set up datastructures: 9305.82ms
223.041, 222.773, 222.79, 222.858, 222.941, 223.017, 222.938, 222.992, 223.029, 223.564, 223.034, 222.919, 223.128, 223.101, 222.903, 222.905, 222.975, 222.876, 222.886, 222.889, 222.983, 223.099, 222.927, 222.901, 222.878, 223.005, 223.14, 222.938, 222.94, 222.961, 222.843, 222.944, 222.854, 223.12, 222.891, 222.955, 223.046, 222.875, 222.892, 223.406, 223.365, 222.852, 222.937, 222.974, 223.288, 222.998, 222.907, 222.923, 223.008, 223.142, 222.934, 222.907, 223.011, 222.857, 224.952, 222.964, 222.907, 223.097, 222.887, 222.936, 223.243, 223.117, 223.088, 223.09, 223.056, 223.058, 222.986, 222.8, 222.821, 226.154, 223.358, 223.102, 223.07, 222.911, 222.94, 223.526, 228.859, 223.204, 222.935, 222.922, 228.301, 227.602, 222.939, 223.117, 222.931, 223.06, 222.926, 228.071, 228.532, 230.362, 228.398, 222.917, 222.798, 222.975, 223.045, 222.941, 222.951, 223.035, 223.123, 223.035, 
Running CRSMerge implementation
Time to set up datastructures: 12813.9ms
350.573, 350.371, 350.394, 350.735, 350.62, 350.453, 350.311, 350.354, 350.467, 350.622, 350.619, 350.315, 350.648, 350.468, 358.868, 350.357, 350.447, 350.3, 350.398, 350.486, 350.556, 350.309, 350.458, 350.379, 350.28, 350.444, 350.676, 350.482, 350.635, 350.439, 350.395, 350.52, 350.384, 350.406, 350.39, 350.318, 350.493, 350.825, 350.596, 350.551, 350.447, 350.31, 350.688, 350.709, 350.418, 350.369, 350.334, 350.319, 350.628, 350.606, 350.428, 350.618, 350.352, 350.457, 350.392, 350.512, 350.392, 350.313, 350.314, 350.303, 350.767, 350.381, 351.101, 350.337, 350.435, 350.421, 350.906, 350.374, 350.652, 351.857, 350.369, 350.776, 350.321, 350.531, 369.197, 379.189, 364.48, 350.354, 350.327, 360.924, 355.168, 350.354, 350.776, 353.577, 350.312, 350.72, 350.318, 350.379, 350.477, 350.317, 350.45, 350.496, 350.271, 350.363, 351.707, 350.223, 350.418, 350.429, 350.595, 350.516, 
Time to set up datastructures: 10404.9ms
275.817, 276.663, 276.454, 275.551, 275.707, 275.837, 275.775, 275.763, 276.18, 276.09, 275.614, 275.711, 275.981, 275.748, 275.67, 275.84, 276.65, 275.701, 275.725, 275.812, 275.809, 275.72, 275.773, 276.892, 275.871, 275.873, 275.661, 275.94, 275.617, 275.664, 275.957, 276.496, 275.532, 275.685, 275.644, 275.639, 275.739, 275.797, 276.098, 276.004, 275.72, 275.552, 275.926, 276.23, 275.926, 276.706, 275.782, 275.689, 275.931, 275.749, 275.901, 276.334, 275.888, 275.781, 275.688, 276.2, 275.791, 276.067, 275.672, 276.002, 276.827, 275.714, 275.829, 275.639, 275.768, 275.622, 277.165, 280.85, 275.594, 275.772, 275.554, 275.838, 282.622, 280.263, 276.677, 275.845, 275.689, 275.569, 275.686, 275.666, 276.23, 275.777, 276.063, 278.825, 275.756, 275.712, 275.625, 276.036, 276.09, 276.655, 275.608, 275.987, 276.925, 276.055, 275.556, 275.795, 276.099, 275.577, 276.022, 275.879, 
Time to set up datastructures: 14446.1ms
254.331, 254.606, 255.337, 254.493, 254.512, 254.497, 254.473, 254.554, 254.398, 254.68, 254.457, 254.563, 254.852, 254.605, 254.677, 254.523, 254.329, 254.49, 254.44, 254.602, 254.497, 254.599, 254.594, 254.331, 254.504, 254.485, 254.462, 254.52, 254.545, 254.534, 254.707, 254.473, 255.379, 254.576, 254.517, 254.517, 254.489, 254.508, 254.493, 255.216, 254.679, 254.515, 254.567, 254.433, 254.514, 255.644, 257.034, 254.328, 254.604, 254.509, 254.689, 254.457, 254.535, 254.662, 254.555, 254.285, 254.55, 254.442, 261.997, 264.766, 254.66, 257.068, 255.473, 254.351, 257.762, 254.57, 255.616, 256.695, 254.633, 262.132, 262.8, 267.272, 275.531, 254.462, 254.445, 254.51, 254.483, 254.566, 254.579, 254.431, 254.525, 254.498, 254.467, 254.595, 254.661, 254.59, 254.414, 255.376, 254.584, 254.621, 254.588, 254.466, 254.683, 254.557, 254.34, 254.513, 255.148, 254.571, 254.568, 254.578, 
Time to set up datastructures: 13763.1ms
267.635, 255.957, 253.681, 265.5, 249.823, 263.037, 262.26, 262.657, 262.008, 250.156, 246.189, 242.612, 242.665, 242.654, 242.56, 242.621, 242.667, 242.961, 242.583, 245.002, 252.886, 250.446, 253.901, 243.085, 242.655, 242.704, 242.637, 242.624, 242.547, 242.615, 243.055, 242.608, 242.65, 242.759, 242.58, 242.63, 242.549, 242.641, 244.154, 242.696, 242.612, 242.687, 242.539, 242.603, 242.542, 242.723, 242.678, 242.624, 242.626, 242.719, 242.553, 242.607, 242.584, 242.638, 242.749, 242.701, 242.674, 242.642, 242.688, 242.914, 242.652, 242.581, 242.696, 242.633, 242.635, 242.596, 242.756, 242.607, 242.728, 242.587, 242.67, 244.114, 242.646, 242.587, 242.706, 242.573, 242.761, 242.814, 242.62, 242.6, 242.647, 242.668, 242.688, 242.663, 242.583, 242.611, 242.59, 242.697, 242.681, 242.591, 242.661, 242.609, 242.62, 242.594, 242.619, 242.644, 242.563, 242.63, 242.593, 242.648, 
Time to set up datastructures: 14828.9ms
235.088, 235.172, 235.062, 235.095, 235.08, 235.055, 235.136, 235.156, 235.094, 235.008, 235.109, 235.174, 235.113, 235.035, 234.994, 235.141, 235.077, 235.074, 235.088, 235.248, 235.038, 235.071, 235.06, 235.108, 235.062, 235.188, 235.127, 235.189, 235.159, 235.053, 235.021, 235.099, 235.2, 235.134, 235.121, 235.094, 235.039, 235.142, 235.014, 235.062, 235.151, 235.104, 235.09, 235.007, 235.101, 235.053, 235.084, 235.002, 235.085, 235.115, 235.169, 235.046, 235.152, 235.09, 235.082, 235.099, 235.05, 235.079, 235.122, 235.057, 235.072, 235.145, 235.018, 235.098, 235.027, 235.045, 235.226, 235.121, 235.049, 235.231, 235.049, 235.044, 235.039, 235.074, 235.025, 235.145, 235.091, 257.985, 276.257, 274.179, 274.157, 273.149, 271.324, 269.883, 268.812, 268.61, 267.056, 265.513, 264.363, 264.662, 261.255, 260.351, 260.125, 260.114, 256.976, 256.933, 254.358, 255.922, 252.183, 252.275, 
Time to set up datastructures: 14583.5ms
230.066, 230.084, 230.093, 230.063, 230.152, 230.086, 230.015, 230.069, 230.072, 230.051, 230.231, 230.165, 230.148, 230.088, 230.037, 230.034, 230.139, 229.981, 230.081, 230.049, 230.06, 230.105, 230.15, 230.036, 230.071, 230.081, 230.059, 230.145, 230.115, 230.094, 230.005, 230.037, 230.155, 230.002, 230.112, 229.993, 230.03, 230.054, 230.077, 230.077, 229.968, 229.992, 230.109, 230.028, 230.124, 230.124, 230.207, 230.06, 230.058, 230.05, 230.048, 230.078, 229.982, 230.294, 230.097, 230.076, 230.037, 230.112, 230.001, 230.05, 230.068, 230.04, 230.259, 230.032, 230.066, 230.175, 229.998, 229.966, 230.1, 229.986, 230.148, 229.995, 230.063, 230.007, 230.082, 230.27, 230.079, 230.083, 229.957, 230.199, 230.139, 230.109, 230.061, 230.09, 229.963, 230.033, 230.034, 230.032, 230.066, 230.479, 230.117, 230.072, 230.032, 229.942, 230.071, 230.086, 230.047, 230.232, 230.09, 230.08, 
Time to set up datastructures: 14580.3ms
227.964, 227.851, 227.95, 227.902, 227.935, 227.852, 227.86, 227.861, 227.861, 228.019, 228.281, 227.845, 227.997, 227.963, 227.816, 227.832, 227.853, 227.939, 228.448, 227.947, 227.87, 228.02, 227.849, 227.871, 227.906, 227.892, 227.857, 227.984, 227.901, 227.907, 227.872, 227.841, 227.886, 227.937, 227.86, 227.926, 227.881, 227.867, 227.904, 227.955, 227.84, 227.843, 227.878, 227.857, 227.947, 227.891, 227.905, 227.808, 227.924, 228.099, 227.781, 227.857, 227.842, 227.898, 227.929, 227.966, 227.891, 228.012, 227.804, 227.858, 227.813, 227.911, 229.682, 227.983, 227.912, 228.051, 227.892, 227.769, 228.113, 227.83, 227.944, 228.222, 227.893, 227.903, 227.859, 228.025, 227.873, 228.328, 227.896, 228.074, 228.012, 227.875, 227.967, 227.876, 227.902, 227.795, 227.838, 227.882, 227.902, 227.863, 227.939, 227.88, 227.86, 227.847, 227.92, 227.845, 227.917, 228.036, 227.888, 227.86, 
Time to set up datastructures: 14513.6ms
226.758, 226.756, 226.68, 226.69, 226.707, 226.659, 226.778, 226.68, 226.7, 226.628, 226.914, 226.719, 227.062, 226.666, 226.889, 226.875, 226.71, 226.656, 226.683, 226.842, 226.698, 226.674, 226.856, 226.76, 226.762, 226.692, 226.676, 226.645, 226.96, 226.727, 226.709, 226.639, 226.768, 226.77, 226.707, 226.643, 226.743, 226.714, 226.815, 226.711, 226.697, 226.737, 226.686, 226.724, 226.848, 227.056, 226.747, 226.667, 226.711, 226.659, 226.723, 226.638, 226.733, 226.702, 226.788, 226.693, 226.738, 226.771, 226.752, 226.672, 226.689, 226.692, 226.719, 226.917, 226.606, 226.68, 226.879, 226.717, 226.669, 226.74, 226.666, 226.668, 226.831, 226.63, 226.746, 226.655, 226.765, 226.733, 226.659, 226.671, 226.737, 226.856, 226.653, 226.826, 226.662, 226.842, 226.83, 226.67, 226.707, 226.677, 226.749, 226.75, 226.728, 226.696, 226.864, 226.676, 226.686, 226.651, 226.844, 226.918, 
Time to set up datastructures: 14796.8ms
225.902, 225.944, 225.926, 225.971, 226.014, 225.944, 225.949, 225.956, 225.945, 225.917, 226.077, 226.158, 225.945, 226.297, 226.057, 225.975, 225.928, 225.955, 225.893, 226.016, 225.96, 226.315, 226.156, 225.997, 225.986, 225.937, 225.924, 225.869, 226.272, 225.965, 225.98, 225.912, 225.952, 226.039, 226.003, 225.943, 226.023, 225.936, 226.03, 226.026, 225.934, 225.94, 226.226, 225.969, 225.92, 225.971, 226.204, 225.939, 225.903, 225.895, 226.112, 225.884, 225.957, 225.936, 225.952, 225.992, 226.02, 225.907, 225.977, 225.936, 225.945, 225.953, 225.944, 225.961, 226.136, 226.008, 226.037, 226.113, 225.981, 225.921, 225.927, 226.302, 225.951, 226.021, 226.054, 226.039, 225.969, 226.359, 225.996, 226.029, 226.144, 226.24, 225.902, 226.028, 225.966, 225.951, 225.947, 225.928, 225.992, 225.921, 226.251, 225.895, 225.97, 225.99, 226.196, 225.932, 225.95, 225.949, 225.897, 226.178, 
Time to set up datastructures: 14562ms
224.922, 225.121, 224.92, 225.281, 225.3, 225.226, 225.195, 225, 225.125, 225.021, 225.77, 224.963, 225.87, 225.331, 225.08, 225.206, 225.038, 224.979, 224.95, 225.352, 224.916, 225.738, 225.253, 225.089, 225.424, 224.995, 224.995, 224.89, 225.027, 225.27, 227.483, 225.221, 225.167, 225.143, 225.052, 225.006, 224.963, 225.125, 224.998, 225.356, 224.99, 225.123, 225.041, 225.029, 225.029, 224.979, 225.486, 225.236, 225.509, 224.936, 225.09, 224.961, 225.865, 224.918, 224.935, 225.056, 224.981, 225.492, 225.259, 225.082, 225.074, 225.39, 224.914, 224.96, 225.187, 227.194, 225.217, 225.039, 225.585, 225.052, 225.057, 225.553, 224.988, 225.102, 225.176, 225.271, 225.156, 225.123, 225.14, 225.168, 225.069, 225.82, 225.214, 225.64, 225.253, 225.011, 225.345, 224.981, 224.937, 225.008, 224.977, 224.992, 225.194, 224.984, 225.103, 225.083, 225.2, 224.946, 225.247, 225.059, 
Time to set up datastructures: 14486.3ms
225.707, 226.06, 225.671, 225.683, 225.641, 225.693, 225.757, 225.709, 225.713, 225.697, 225.743, 225.621, 225.765, 225.69, 225.797, 225.628, 225.684, 225.664, 225.82, 225.65, 225.713, 225.727, 225.703, 225.811, 225.687, 225.667, 225.857, 225.676, 225.772, 225.732, 225.619, 225.681, 225.847, 225.725, 225.752, 225.762, 225.758, 225.692, 225.688, 225.597, 225.737, 225.733, 225.682, 225.806, 225.792, 225.688, 225.755, 225.629, 225.667, 225.742, 225.693, 225.623, 225.769, 225.666, 225.711, 225.627, 225.696, 225.637, 225.65, 225.774, 225.613, 225.674, 225.718, 225.672, 225.637, 225.648, 225.626, 225.793, 225.692, 225.757, 225.846, 225.65, 225.64, 225.652, 225.587, 225.648, 225.736, 225.771, 225.67, 225.683, 225.692, 225.675, 225.649, 225.662, 225.703, 225.911, 225.734, 225.678, 225.683, 225.668, 225.809, 225.62, 225.699, 225.663, 225.807, 225.617, 225.734, 225.714, 225.712, 225.653, 
Time to set up datastructures: 14858.8ms
223.239, 223.242, 223.293, 223.207, 223.226, 223.299, 223.287, 223.263, 223.266, 223.225, 223.268, 223.235, 223.361, 223.307, 223.425, 223.317, 223.248, 223.242, 223.319, 223.273, 223.266, 223.209, 223.244, 223.183, 223.353, 223.254, 223.342, 223.246, 223.246, 223.25, 223.234, 223.189, 223.459, 223.398, 223.276, 223.255, 223.173, 223.375, 223.265, 223.241, 223.297, 223.258, 223.31, 223.289, 223.277, 223.256, 223.299, 223.267, 223.182, 223.195, 223.33, 223.278, 223.205, 223.218, 223.24, 223.319, 223.21, 223.244, 223.23, 223.195, 223.308, 223.195, 223.288, 223.241, 223.261, 223.285, 223.198, 223.276, 223.32, 223.296, 223.231, 223.397, 223.24, 223.249, 223.276, 223.236, 223.353, 223.232, 223.262, 223.216, 223.261, 223.291, 223.422, 223.419, 223.249, 223.254, 223.349, 223.274, 223.257, 223.266, 223.216, 223.288, 223.255, 223.204, 223.199, 223.202, 223.28, 223.29, 223.29, 223.392, 
Time to set up datastructures: 14810.6ms
222.582, 222.571, 222.582, 222.524, 222.834, 222.55, 222.569, 222.492, 222.602, 222.52, 222.593, 222.639, 222.546, 222.604, 222.549, 222.534, 222.624, 222.625, 222.582, 222.51, 222.599, 222.581, 222.467, 222.528, 222.47, 223.28, 222.607, 222.55, 222.726, 222.66, 222.517, 222.56, 222.554, 222.534, 222.672, 222.55, 222.567, 222.487, 222.575, 222.553, 222.517, 222.598, 222.544, 222.595, 222.587, 222.518, 222.567, 222.605, 222.553, 222.555, 222.52, 222.477, 222.63, 222.555, 222.557, 222.565, 222.694, 222.998, 222.506, 222.549, 222.514, 222.545, 222.571, 222.516, 222.592, 222.539, 222.57, 222.479, 222.549, 222.524, 228.271, 222.714, 222.559, 222.751, 222.569, 222.558, 222.903, 222.547, 222.527, 222.601, 222.533, 222.596, 222.561, 222.532, 222.58, 222.522, 222.572, 222.563, 222.634, 222.643, 222.563, 222.566, 222.532, 222.571, 222.484, 222.579, 222.478, 222.506, 222.667, 222.487, 
Running CSB implementation
Time to set up datastructures: 16076.2ms
314.5, 314.39, 314.729, 314.014, 314.445, 314.365, 314.617, 314.182, 314.643, 314.104, 314.579, 314.333, 314.169, 314.104, 314.886, 314.563, 314.593, 314.745, 314.092, 314.877, 314.003, 314.437, 314.613, 314.638, 314.5, 314.25, 314.406, 314.326, 313.896, 314.469, 314.713, 314.85, 314.634, 314.378, 314.553, 314.398, 314.495, 314.586, 314.519, 314.472, 314.345, 314.308, 313.887, 314.649, 314.333, 314.468, 314.7, 314.532, 314.443, 314.16, 314.293, 314.072, 314.789, 314.507, 314.795, 314.518, 314.375, 314.743, 314.485, 314.262, 314.614, 314.613, 314.627, 314.37, 314.587, 314.608, 314.705, 314.003, 314.27, 314.495, 314.118, 314.368, 314.056, 314.474, 314.428, 314.475, 314.929, 314.741, 314.493, 314.609, 314.392, 314.385, 314.447, 314.617, 314.335, 314.816, 314.268, 314.391, 314.608, 314.358, 313.987, 314.321, 314.556, 314.338, 314.274, 314.845, 314.671, 314.578, 314.801, 314.317, 
Time to set up datastructures: 15695.5ms
238.432, 237.793, 237.699, 235.418, 237.402, 237.604, 238.246, 237.537, 235.356, 236.665, 237.837, 237.786, 235.658, 237.917, 235.922, 237.946, 235.475, 236.215, 237.9, 235.384, 238.254, 237.506, 237.905, 237.756, 235.135, 237.967, 237.721, 238.499, 237.896, 237.701, 235.86, 238.516, 237.413, 237.573, 236.248, 235.656, 237.667, 237.605, 235.59, 237.516, 238.051, 237.358, 237.665, 237.42, 237.754, 238.263, 237.705, 237.763, 237.543, 237.731, 235.58, 236.143, 237.824, 235.647, 235.548, 237.709, 238.167, 237.51, 237.769, 238.125, 236.019, 238.504, 236.037, 238.022, 237.678, 237.842, 235.332, 235.836, 236.247, 238.512, 235.698, 235.356, 235.628, 237.718, 238.018, 237.797, 237.576, 237.475, 237.942, 237.671, 237.473, 235.807, 237.895, 238.149, 237.468, 236.094, 238.349, 235.508, 235.375, 235.491, 235.661, 235.871, 237.421, 235.853, 238.082, 235.513, 237.417, 237.606, 237.55, 237.773, 
Time to set up datastructures: 18324.1ms
205.998, 206.177, 206.059, 206.462, 206.034, 206.389, 205.766, 205.792, 205.989, 205.913, 206.008, 205.964, 206.674, 207.942, 206.081, 206.788, 206.333, 206.028, 206.007, 206.442, 206.115, 205.939, 206.192, 206.21, 206.199, 205.982, 206.106, 205.972, 206.06, 206.099, 206.25, 206.038, 206.383, 206.206, 206.034, 206.654, 205.996, 206.238, 205.824, 205.798, 206.539, 205.897, 206.573, 206.348, 206.501, 206.082, 206.155, 206.46, 206.482, 206.042, 205.877, 206.068, 206.444, 206.21, 206.161, 206.675, 206.222, 206.183, 206.308, 206.102, 206.315, 206.223, 206.301, 206.589, 205.637, 208.291, 206.129, 205.818, 206.141, 208.207, 206.072, 206.218, 206.059, 206.666, 206.306, 206.03, 207.879, 206.488, 206.264, 206.23, 205.83, 206.38, 206.265, 206.661, 206.296, 206.353, 206.262, 205.997, 206.055, 206.412, 205.894, 208.173, 206.226, 205.614, 206.605, 205.972, 206.286, 206.433, 206.131, 206.262, 
Time to set up datastructures: 18683ms
190.389, 189.604, 189.562, 189.906, 189.868, 189.981, 189.915, 189.923, 189.972, 189.938, 189.904, 189.795, 189.86, 189.852, 189.768, 189.891, 189.944, 189.756, 189.581, 189.957, 189.533, 189.936, 189.838, 190.119, 189.969, 190.12, 189.936, 189.925, 189.809, 189.906, 189.659, 189.777, 189.751, 189.797, 189.896, 189.778, 189.558, 189.825, 189.743, 189.569, 189.702, 190.145, 189.472, 189.694, 190.266, 189.644, 189.536, 189.982, 189.679, 189.806, 189.467, 189.373, 189.725, 189.498, 189.747, 189.522, 189.985, 189.771, 189.641, 189.999, 189.814, 189.844, 189.667, 189.934, 189.858, 189.504, 189.829, 190.245, 189.831, 190.129, 189.756, 189.993, 189.709, 190.07, 189.489, 189.863, 189.804, 190.055, 189.452, 189.572, 189.995, 189.766, 189.693, 189.872, 189.543, 189.707, 189.62, 190.331, 189.807, 189.611, 190.089, 190.069, 189.577, 189.763, 189.861, 189.657, 190.739, 190.164, 189.803, 189.804, 
Time to set up datastructures: 19824.8ms
179.402, 179.939, 179.882, 179.689, 179.555, 179.674, 179.884, 179.423, 179.756, 179.896, 180.19, 179.81, 179.838, 180.118, 179.85, 180.024, 179.751, 179.801, 180.049, 179.503, 179.679, 180.203, 180.061, 179.93, 180.22, 179.667, 179.958, 179.889, 179.812, 180.084, 179.978, 179.972, 179.841, 180.056, 179.647, 179.85, 179.608, 179.99, 179.854, 179.994, 179.952, 179.943, 179.717, 179.581, 179.809, 179.688, 179.749, 179.842, 180.075, 179.753, 179.998, 179.914, 179.865, 179.899, 179.392, 179.77, 179.892, 179.753, 180.003, 180.082, 180.033, 179.597, 180.041, 179.51, 180.076, 179.984, 179.461, 180.017, 179.853, 179.968, 179.666, 179.909, 180.029, 179.427, 179.54, 179.988, 179.728, 180.043, 180.091, 179.564, 179.952, 179.928, 180.063, 179.825, 179.9, 179.602, 179.994, 179.446, 179.9, 179.73, 179.894, 179.763, 179.745, 179.97, 179.799, 179.654, 179.532, 179.999, 179.831, 179.858, 
Time to set up datastructures: 20407.8ms
171.536, 171.48, 171.441, 171.532, 171.698, 171.597, 171.562, 171.599, 171.538, 171.578, 171.452, 171.639, 171.454, 171.443, 171.455, 171.547, 171.555, 171.52, 171.461, 171.58, 171.398, 171.547, 171.449, 171.606, 171.474, 171.518, 171.392, 171.421, 171.422, 171.56, 171.56, 171.662, 171.496, 171.609, 171.59, 171.493, 171.501, 171.568, 171.457, 171.556, 171.551, 171.484, 171.483, 171.525, 171.509, 171.623, 171.641, 171.566, 171.505, 171.602, 171.56, 171.458, 171.551, 171.811, 171.456, 171.561, 171.532, 171.472, 171.518, 171.699, 171.591, 171.511, 171.538, 171.527, 171.661, 171.562, 171.564, 171.517, 171.588, 171.617, 171.581, 171.552, 171.428, 171.512, 171.515, 171.416, 171.595, 171.586, 171.715, 171.44, 171.442, 171.512, 171.515, 171.529, 171.44, 171.627, 171.559, 171.505, 171.498, 171.622, 171.495, 171.435, 171.523, 171.603, 171.491, 171.379, 171.437, 171.495, 171.473, 171.579, 
Time to set up datastructures: 20328.5ms
166.669, 166.754, 166.584, 166.635, 166.579, 166.672, 166.654, 166.646, 166.729, 166.58, 166.759, 166.615, 166.655, 166.669, 166.636, 166.806, 166.673, 166.593, 166.621, 166.749, 166.829, 166.754, 166.571, 166.588, 166.666, 166.632, 166.726, 166.712, 166.657, 166.668, 166.603, 166.702, 166.747, 166.626, 166.817, 166.635, 166.59, 166.717, 166.541, 166.707, 166.589, 166.709, 166.57, 166.738, 166.577, 166.627, 168.444, 166.678, 166.551, 166.699, 166.666, 166.679, 166.727, 166.558, 166.7, 166.578, 166.635, 166.648, 166.797, 166.491, 166.642, 167.106, 166.563, 166.622, 166.73, 166.683, 166.603, 166.641, 166.67, 166.708, 166.839, 166.703, 166.601, 166.724, 166.684, 166.603, 166.773, 166.72, 166.685, 166.563, 166.687, 166.595, 166.689, 166.622, 166.48, 166.681, 166.642, 166.577, 167.147, 166.687, 166.676, 166.701, 166.613, 166.723, 166.74, 166.68, 166.654, 166.623, 166.684, 166.683, 
Time to set up datastructures: 20762.2ms
166.544, 166.323, 166.543, 166.538, 166.45, 166.597, 166.533, 166.326, 166.76, 166.506, 166.416, 166.446, 166.511, 166.59, 166.611, 166.573, 166.476, 166.551, 166.506, 166.484, 166.651, 166.475, 166.489, 166.453, 166.553, 166.361, 166.502, 166.566, 166.556, 166.548, 166.553, 166.421, 166.673, 166.523, 166.496, 166.509, 166.534, 166.519, 166.496, 166.62, 166.479, 166.631, 166.466, 166.593, 166.54, 166.287, 166.515, 166.591, 166.596, 166.512, 166.522, 166.392, 166.454, 166.624, 166.659, 166.469, 166.571, 166.506, 166.575, 166.392, 166.441, 166.537, 166.724, 166.423, 166.546, 166.555, 166.49, 166.384, 166.629, 166.599, 166.544, 166.533, 166.54, 166.514, 166.992, 166.466, 166.404, 166.506, 166.497, 166.499, 166.493, 166.491, 166.435, 166.552, 166.571, 166.406, 166.606, 166.436, 166.597, 166.554, 166.467, 166.554, 166.542, 166.528, 166.498, 166.431, 166.535, 166.437, 166.497, 166.549, 
Time to set up datastructures: 20172.7ms
164.323, 164.269, 164.302, 164.203, 164.228, 164.186, 164.496, 164.271, 164.236, 164.147, 164.311, 164.16, 164.173, 164.25, 164.134, 164.136, 164.329, 164.226, 164.224, 164.204, 164.203, 164.577, 164.368, 164.367, 164.113, 164.193, 164.122, 164.183, 164.226, 164.206, 164.418, 164.299, 164.238, 164.235, 164.411, 164.18, 164.216, 164.164, 164.244, 164.112, 164.221, 164.225, 164.298, 164.191, 164.196, 164.365, 164.416, 164.181, 164.205, 164.232, 164.209, 164.392, 164.269, 164.207, 164.359, 164.268, 164.167, 164.225, 164.128, 164.397, 164.202, 164.121, 164.327, 164.214, 164.214, 164.374, 164.209, 164.272, 164.324, 164.254, 164.446, 164.332, 164.177, 164.213, 164.364, 164.258, 164.206, 164.337, 164.149, 164.211, 164.477, 164.158, 164.221, 164.69, 164.17, 164.278, 164.277, 164.217, 164.2, 164.19, 164.191, 164.16, 164.188, 164.175, 164.262, 164.38, 164.213, 164.21, 164.216, 164.435, 
Time to set up datastructures: 20032.4ms
164.158, 164.246, 164.251, 164.162, 164.275, 164.516, 164.384, 164.219, 164.29, 164.124, 164.193, 164.671, 164.608, 164.253, 164.176, 164.312, 164.233, 164.295, 164.312, 164.159, 164.204, 164.57, 164.223, 164.218, 164.443, 164.235, 164.106, 164.219, 164.266, 164.285, 164.256, 164.468, 164.508, 164.201, 164.22, 164.242, 164.482, 164.056, 164.23, 164.154, 164.118, 164.198, 164.551, 164.308, 164.387, 164.136, 164.202, 164.173, 164.512, 164.215, 164.474, 164.116, 164.265, 164.152, 164.74, 164.387, 164.657, 164.295, 164.291, 164.096, 164.479, 164.297, 164.091, 164.169, 164.163, 164.187, 164.272, 164.341, 164.768, 164.454, 164.212, 164.257, 164.725, 164.905, 164.741, 164.261, 164.257, 164.166, 164.351, 164.284, 164.802, 164.333, 164.476, 164.275, 164.378, 164.318, 164.345, 164.228, 164.637, 164.016, 164.221, 164.318, 164.279, 164.282, 164.336, 164.464, 164.14, 164.426, 164.26, 164.219, 
Time to set up datastructures: 20623.7ms
164.442, 164.51, 164.484, 164.473, 164.473, 164.428, 164.575, 164.461, 164.454, 164.484, 164.464, 164.427, 164.484, 164.437, 164.541, 164.475, 164.562, 164.519, 164.54, 164.461, 164.628, 164.493, 164.524, 164.44, 164.596, 164.557, 164.459, 164.476, 164.439, 164.478, 164.503, 164.391, 164.495, 164.679, 164.398, 164.415, 164.438, 164.504, 164.566, 164.507, 164.395, 164.637, 164.568, 164.374, 164.432, 164.484, 164.487, 164.487, 164.472, 164.452, 164.503, 164.507, 164.399, 164.418, 164.449, 164.46, 164.565, 164.458, 164.528, 164.433, 164.365, 164.449, 164.454, 164.611, 164.47, 164.432, 164.401, 164.592, 164.429, 164.438, 164.478, 164.375, 164.527, 164.413, 164.507, 164.412, 164.469, 164.499, 164.625, 164.639, 164.415, 164.528, 164.632, 164.407, 164.481, 164.441, 164.459, 164.629, 164.504, 164.435, 164.432, 164.485, 164.388, 164.44, 164.525, 164.407, 164.455, 164.477, 164.512, 164.441, 
Time to set up datastructures: 20394.4ms
162.602, 162.623, 162.588, 164.452, 162.65, 162.639, 162.622, 162.613, 162.606, 162.609, 162.593, 162.658, 162.672, 162.592, 162.663, 162.633, 162.579, 162.614, 162.611, 162.549, 162.564, 162.64, 164.471, 162.719, 162.643, 162.626, 162.72, 162.578, 162.599, 162.601, 164.232, 162.597, 162.552, 162.594, 162.636, 162.588, 162.602, 162.68, 162.613, 162.562, 162.618, 162.624, 162.848, 162.916, 162.616, 162.645, 162.684, 162.731, 162.63, 162.63, 162.554, 162.645, 162.573, 162.609, 162.62, 162.66, 162.565, 162.577, 162.607, 162.579, 162.581, 162.629, 162.572, 162.7, 162.544, 162.592, 162.645, 162.607, 162.634, 162.61, 162.604, 162.677, 162.78, 162.633, 162.7, 162.732, 162.645, 162.595, 162.562, 162.637, 162.614, 162.579, 162.553, 162.648, 162.562, 162.588, 162.634, 162.688, 162.544, 162.609, 162.547, 162.62, 162.624, 162.626, 162.621, 162.742, 162.742, 162.554, 162.549, 162.641, 
Time to set up datastructures: 20523.4ms
161.799, 161.897, 161.857, 161.923, 161.836, 161.896, 161.909, 161.839, 161.879, 161.955, 161.919, 161.809, 162.076, 161.887, 161.901, 161.835, 161.86, 161.878, 161.887, 161.862, 161.884, 161.936, 162.286, 161.854, 161.893, 161.824, 161.896, 161.825, 161.918, 161.845, 161.975, 161.869, 161.901, 161.819, 161.954, 161.891, 161.886, 161.791, 161.84, 161.875, 161.803, 161.815, 161.871, 161.748, 161.779, 161.843, 161.859, 161.924, 161.88, 161.769, 161.827, 161.816, 161.829, 161.9, 161.901, 161.886, 161.844, 161.862, 161.809, 161.968, 161.819, 161.884, 161.847, 161.904, 161.952, 161.88, 161.89, 161.989, 161.835, 161.833, 161.929, 161.831, 161.921, 161.822, 161.849, 161.881, 161.874, 161.883, 161.924, 161.941, 161.868, 161.79, 161.811, 161.874, 161.894, 161.883, 161.799, 161.808, 161.816, 161.858, 161.891, 161.896, 162.345, 161.865, 161.797, 161.887, 162.005, 161.838, 161.884, 161.765, 
Running BlockCOH implementation
Time to set up datastructures: 25595ms
303.848, 304.193, 304.063, 304.082, 304.028, 304.25, 304.402, 304.063, 303.958, 304.285, 304.012, 304.122, 304.31, 304.052, 304.039, 304.158, 304.045, 304.109, 304.08, 303.969, 303.938, 304.058, 304.345, 304.106, 304.037, 304.251, 304.138, 304.074, 304.286, 304.022, 304.369, 303.86, 303.97, 304.073, 304.18, 304.17, 304.005, 304.008, 303.95, 304.21, 303.928, 304.005, 304.096, 303.96, 304.151, 304.165, 303.812, 304.122, 303.968, 304.025, 304.008, 304.043, 304.396, 304.156, 304.034, 304.057, 304.102, 303.833, 304.045, 304.154, 304.011, 304.103, 304.12, 304.069, 304.066, 304.202, 303.98, 304.192, 304.014, 303.969, 303.964, 304.156, 304.003, 305.164, 304.056, 304.049, 303.886, 303.979, 304.307, 303.95, 304.056, 304.018, 304.03, 304.141, 304.285, 304.034, 304.032, 304.118, 304.023, 304.085, 304.146, 304.477, 304.575, 303.984, 304.175, 304.028, 304.088, 303.991, 304.635, 304.107, 
Time to set up datastructures: 21684.6ms
250.145, 250.206, 250.102, 250.693, 250.497, 250.23, 250.169, 250.353, 250.193, 250.225, 250.196, 250.192, 250.272, 250.067, 250.055, 250.611, 250.087, 250.277, 250.033, 250.894, 250.247, 250.078, 250.213, 250.208, 249.889, 250.2, 250.067, 250.132, 250.045, 250.116, 250.128, 250.443, 250.701, 249.939, 250.34, 250.793, 250.195, 250.088, 250.228, 250.165, 250.015, 249.938, 250.14, 250.079, 250.06, 250.001, 250.455, 250.218, 249.998, 250.17, 250.112, 250.799, 250.603, 250.008, 250.36, 250.553, 249.989, 249.908, 250.156, 250.268, 250.053, 250.017, 250.989, 250.793, 250.732, 249.96, 250.235, 251.021, 250.577, 249.978, 250.228, 250.634, 250.005, 249.983, 250.233, 250.043, 250.166, 250, 250.18, 250.051, 250.64, 249.982, 250.159, 250.852, 250.097, 250.243, 250.152, 250.212, 250.231, 250.138, 250.12, 250.019, 250.474, 249.963, 250.235, 250.359, 249.901, 250.047, 250.142, 250.893, 
Time to set up datastructures: 22077.2ms
233.093, 233.222, 233.427, 233.422, 233.325, 233.229, 233.317, 233.296, 233.247, 233.169, 233.358, 233.34, 233.359, 233.439, 233.301, 233.377, 233.258, 233.227, 233.349, 233.278, 233.32, 233.408, 233.383, 233.236, 233.406, 233.414, 233.12, 233.281, 233.25, 233.43, 233.492, 233.296, 233.275, 233.419, 233.267, 233.066, 233.275, 233.378, 233.462, 233.512, 233.332, 233.334, 233.367, 233.234, 233.127, 233.344, 233.323, 233.35, 233.331, 233.299, 233.37, 233.313, 233.215, 233.254, 233.41, 233.295, 233.278, 233.276, 233.504, 233.333, 233.02, 233.228, 233.222, 233.384, 233.323, 233.374, 233.39, 233.274, 233.401, 233.145, 233.27, 233.319, 233.689, 233.228, 233.258, 233.293, 233.367, 233.415, 233.302, 233.415, 233.308, 233.422, 233.427, 233.425, 233.287, 233.372, 233.198, 233.335, 233.32, 233.395, 233.233, 233.491, 233.335, 233.304, 233.284, 233.409, 233.185, 233.408, 233.371, 233.411, 
Time to set up datastructures: 21531.9ms
222.09, 221.832, 222.02, 221.946, 221.953, 221.914, 221.911, 221.916, 221.862, 221.922, 221.892, 221.894, 222.007, 222.079, 221.974, 221.945, 222.004, 222.058, 221.867, 221.903, 221.845, 222.344, 221.915, 221.885, 221.813, 221.974, 221.884, 221.985, 221.951, 221.857, 222.011, 221.824, 222.006, 221.813, 221.939, 223.266, 221.965, 221.867, 221.979, 221.977, 222.025, 222.242, 221.833, 221.972, 221.829, 222.047, 222.01, 221.903, 221.996, 221.918, 221.88, 221.944, 221.88, 222.095, 221.968, 221.873, 221.947, 221.925, 221.887, 221.841, 221.761, 221.849, 221.854, 221.875, 221.84, 221.962, 221.912, 221.967, 221.89, 221.879, 221.914, 221.979, 221.903, 221.872, 221.96, 221.827, 221.811, 221.906, 221.831, 222.053, 221.842, 221.858, 222.008, 222.126, 221.882, 221.944, 221.933, 221.828, 222.008, 222.214, 221.927, 221.951, 221.882, 221.873, 221.998, 221.963, 221.924, 221.94, 221.862, 221.919, 
Time to set up datastructures: 22314.6ms
224.038, 224.043, 223.953, 224.092, 223.781, 224.034, 223.956, 223.998, 223.971, 223.918, 223.979, 223.97, 223.84, 224.049, 224.057, 224.056, 224.009, 224.006, 224.041, 223.97, 224.077, 224.121, 223.947, 223.862, 223.92, 223.935, 224.128, 223.875, 223.994, 223.984, 224.175, 223.971, 223.984, 223.959, 223.881, 224.096, 224.054, 223.923, 224.034, 223.994, 223.914, 223.985, 223.962, 224.031, 223.98, 223.861, 223.891, 223.948, 224.572, 224.043, 224.179, 223.981, 224.003, 223.922, 223.887, 223.942, 223.972, 224.26, 224.066, 223.895, 224.012, 224.027, 224.092, 223.809, 224.171, 224.052, 223.864, 223.924, 223.979, 224.021, 223.951, 223.868, 223.972, 224.069, 224.039, 224.129, 224.022, 224.07, 223.924, 224.386, 223.876, 224.006, 223.907, 223.912, 223.953, 223.991, 224.027, 223.963, 224.055, 223.913, 223.876, 223.926, 224.094, 225.388, 223.961, 223.963, 224.085, 224.071, 224.021, 224.002, 
Time to set up datastructures: 22674.1ms
218.25, 218.314, 218.217, 218.271, 218.189, 218.358, 218.213, 218.2, 218.146, 218.328, 218.519, 218.153, 218.282, 218.414, 218.336, 218.358, 218.281, 218.178, 218.47, 218.359, 218.41, 218.256, 218.196, 218.199, 218.594, 218.285, 218.406, 218.116, 218.201, 218.371, 218.177, 218.163, 218.266, 218.377, 218.236, 218.109, 218.306, 218.204, 218.265, 218.291, 218.164, 218.225, 218.319, 218.205, 218.216, 218.284, 218.068, 218.369, 218.212, 218.208, 218.181, 218.287, 218.302, 218.209, 218.145, 218.299, 218.259, 218.306, 218.065, 218.06, 218.398, 218.313, 218.288, 218.217, 218.274, 218.284, 218.227, 218.106, 218.069, 218.018, 218.425, 218.444, 218.294, 218.123, 218.196, 218.158, 218.153, 218.147, 218.37, 218.295, 218.249, 218.274, 218.262, 218.294, 218.229, 218.152, 218.042, 218.323, 218.356, 218.211, 218.099, 218.186, 218.149, 218.269, 218.326, 218.098, 218.244, 218.407, 218.243, 218.156, 
Time to set up datastructures: 23065.2ms
213.967, 213.796, 213.889, 213.883, 213.782, 213.857, 213.887, 214.005, 213.843, 214.054, 213.973, 213.877, 213.933, 213.977, 214.034, 213.886, 213.904, 213.75, 213.862, 214.012, 213.89, 213.874, 213.813, 213.851, 213.794, 213.95, 213.884, 213.925, 214.04, 213.803, 213.932, 213.94, 213.825, 214.044, 213.868, 213.811, 213.865, 213.889, 213.723, 213.99, 213.829, 213.888, 214.235, 213.966, 213.844, 213.915, 213.888, 214.038, 213.78, 213.808, 213.903, 213.885, 213.996, 213.845, 213.812, 213.748, 213.969, 213.86, 213.826, 213.839, 213.919, 213.754, 213.815, 213.843, 213.869, 214.117, 213.762, 213.809, 213.953, 214.049, 214.028, 213.953, 213.895, 213.742, 213.757, 213.977, 214.087, 214.025, 213.958, 213.751, 213.869, 213.905, 213.945, 213.942, 214.044, 213.809, 213.946, 213.957, 213.921, 214.074, 213.867, 213.917, 213.841, 213.772, 213.842, 213.774, 213.901, 213.963, 213.889, 213.736, 
Time to set up datastructures: 22100.3ms
216.225, 214.532, 214.453, 214.596, 214.452, 214.498, 214.73, 214.447, 214.593, 214.465, 214.544, 214.451, 214.492, 214.484, 214.633, 214.606, 214.5, 214.37, 214.521, 214.672, 214.537, 214.542, 214.381, 214.415, 214.597, 214.521, 214.469, 214.53, 214.584, 214.498, 214.436, 214.532, 214.647, 214.381, 214.484, 214.526, 214.547, 214.512, 214.674, 214.476, 214.619, 214.606, 214.472, 214.486, 214.413, 214.525, 214.45, 214.637, 214.365, 214.45, 214.63, 214.513, 214.604, 214.365, 214.5, 214.37, 214.807, 214.474, 214.507, 214.383, 214.381, 214.559, 214.485, 214.436, 214.47, 214.481, 214.567, 214.4, 214.563, 214.503, 214.546, 214.712, 214.277, 214.425, 214.511, 214.615, 214.644, 214.492, 214.523, 214.547, 214.599, 214.439, 214.419, 214.415, 214.552, 214.583, 214.451, 214.523, 214.599, 214.529, 214.53, 214.632, 214.444, 214.573, 214.59, 214.425, 214.558, 214.613, 214.808, 214.634, 
Time to set up datastructures: 21551.4ms
217.135, 217.224, 217.065, 217.225, 217.396, 217.336, 217.131, 217.232, 217.463, 217.083, 217.206, 217.203, 217.512, 217.467, 217.241, 217.256, 217.204, 217.36, 217.099, 217.121, 217.184, 217.702, 217.312, 217.082, 217.331, 217.125, 221.35, 217.632, 217.237, 217.153, 217.274, 217.368, 217.232, 217.194, 217.224, 217.215, 217.304, 217.181, 217.333, 217.231, 217.337, 217.257, 217.195, 217.389, 217.124, 217.319, 217.15, 217.201, 217.016, 217.336, 217.176, 217.255, 217.384, 217.749, 217.287, 217.129, 217.194, 217.21, 217.235, 217.377, 217.252, 217.392, 217.301, 217.104, 217.311, 217.053, 217.139, 219.007, 217.179, 217.177, 217.362, 217.21, 217.265, 218.04, 217.261, 217.32, 217.153, 217.308, 217.21, 217.356, 217.265, 217.249, 217.479, 217.2, 217.422, 217.227, 217.535, 217.141, 217.35, 217.159, 217.012, 217.264, 217.152, 217.304, 217.29, 217.215, 217.157, 217.169, 217.505, 217.142, 
Time to set up datastructures: 21384.7ms
221.975, 223.172, 222.188, 221.909, 222.003, 222.698, 222.301, 222.117, 221.939, 221.965, 222.099, 222.188, 222.062, 222.507, 222.125, 222.112, 222.131, 222.582, 222.067, 222.603, 222.158, 221.95, 222.097, 222.384, 221.99, 222.123, 221.994, 221.983, 222.251, 222.325, 221.943, 221.869, 221.959, 222.04, 221.943, 221.882, 221.94, 222.153, 221.971, 222.163, 222.207, 222.155, 221.939, 222.271, 222.092, 222.068, 222.127, 222.062, 222.15, 221.885, 221.911, 222.219, 222.166, 222.232, 222.2, 222.123, 222.059, 222.364, 222.112, 222.506, 222.214, 221.933, 221.882, 221.94, 222.138, 221.843, 222.056, 221.887, 221.978, 222.579, 222.008, 221.95, 221.978, 222.129, 222.019, 222.18, 222.187, 222.434, 222.081, 221.96, 221.967, 222.04, 222.091, 221.998, 222.181, 222.093, 222.671, 221.945, 222.04, 222.287, 222.148, 222.181, 221.822, 222.279, 222.332, 222.322, 221.983, 222.427, 221.972, 221.982, 
Time to set up datastructures: 21367.6ms
225.22, 225.233, 225.128, 225.269, 225.166, 225.251, 225.094, 225.06, 225.156, 225.128, 225.15, 225.065, 225.245, 225.253, 225.155, 225.143, 225.341, 225.132, 225.156, 225.321, 225.14, 225.247, 225.111, 225.051, 225.12, 225.116, 225.008, 225.28, 225.295, 225.097, 225.275, 225.197, 225.157, 225.174, 225.251, 225.191, 225.196, 225.286, 225.08, 225.159, 225.061, 225.048, 225.194, 225.073, 225.33, 225.18, 225.144, 225.014, 225.148, 225.347, 225.121, 225.083, 225.235, 225.285, 225.215, 225.231, 225.065, 225.218, 225.017, 225.092, 225.37, 225.187, 225.187, 225.183, 225.189, 225.11, 225.335, 225.206, 225.197, 225.127, 225.085, 225.246, 225.166, 225.059, 225.113, 224.954, 225.161, 225.079, 225.067, 225.089, 225.135, 225.018, 225.168, 225.18, 224.967, 225.116, 225.151, 225.095, 225.097, 225.081, 225.173, 225.121, 225.094, 225.125, 225.112, 225.096, 225.264, 225.121, 225.024, 225.182, 
Time to set up datastructures: 21310ms
222.421, 222.23, 222.284, 222.374, 222.153, 222.342, 222.148, 222.218, 222.274, 222.225, 222.162, 222.183, 222.253, 222.3, 222.328, 222.258, 222.205, 222.258, 222.33, 222.203, 222.251, 222.301, 222.36, 222.161, 222.321, 222.201, 222.315, 222.401, 222.255, 222.259, 222.289, 222.244, 222.272, 222.354, 222.192, 222.234, 222.349, 222.266, 222.129, 222.452, 222.218, 222.339, 222.316, 222.374, 222.319, 222.224, 222.173, 222.215, 222.27, 222.221, 222.244, 222.355, 222.188, 222.323, 222.185, 222.112, 222.276, 222.343, 222.245, 222.315, 222.577, 222.311, 222.206, 222.255, 222.182, 222.245, 222.214, 222.325, 222.213, 222.389, 222.219, 222.236, 222.433, 222.289, 222.124, 222.259, 222.307, 222.263, 222.291, 222.154, 222.237, 222.22, 222.151, 222.342, 222.173, 222.28, 222.326, 222.269, 222.429, 222.168, 222.295, 222.078, 222.315, 222.342, 222.212, 222.335, 222.198, 222.156, 222.237, 222.201, 
Time to set up datastructures: 20963.4ms
222.302, 222.333, 222.478, 222.317, 222.775, 222.576, 222.285, 222.36, 222.383, 222.523, 222.353, 222.415, 222.491, 222.499, 222.396, 222.187, 222.268, 222.319, 222.322, 222.299, 222.263, 222.302, 222.287, 222.178, 222.308, 222.285, 222.289, 222.139, 222.314, 222.258, 222.207, 222.586, 222.254, 222.344, 222.346, 222.609, 222.849, 222.162, 222.338, 222.188, 222.27, 222.394, 222.272, 222.232, 222.262, 222.264, 222.229, 222.324, 222.204, 224.095, 222.228, 222.367, 222.421, 222.195, 222.34, 222.63, 222.423, 222.259, 222.226, 222.26, 222.275, 222.31, 222.182, 222.356, 222.269, 222.34, 222.346, 222.33, 222.168, 222.334, 222.241, 222.249, 222.272, 222.442, 222.331, 222.14, 222.227, 222.249, 222.277, 222.239, 222.287, 222.387, 222.244, 222.235, 222.282, 222.355, 222.212, 222.212, 222.285, 222.2, 222.179, 222.158, 222.235, 222.316, 222.272, 222.246, 222.302, 222.324, 222.245, 222.466, 

run on commit: b7033e5d4b360fc23f010515e22c3b23c97b7a49