2 3 4 5 6 7 8 9 10 11 12 13 14
Running sequential algorithm
Time to set up datastructures: 11503.1ms
599.774, 599.132, 599.723, 599.651, 599.71, 599.51, 599.141, 599.392, 599.355, 599.249, 601.056, 599.512, 599.054, 599.198, 599.542, 599.194, 599.382, 599.946, 599.305, 599.11, 599.356, 599.248, 599.147, 599.403, 599.416, 599.872, 599.383, 599.306, 599.787, 599.186, 599.711, 599.254, 599.454, 599.345, 599.379, 599.296, 599.203, 599.749, 599.375, 599.115, 599.142, 599.471, 599.237, 599.584, 599.768, 599.173, 599.22, 599.335, 599.463, 599.136, 600, 599.369, 599.008, 599.252, 599.834, 599.65, 599.125, 599.573, 599.82, 599.168, 599.42, 599.988, 599.36, 599.798, 600.163, 599.126, 599.233, 599.335, 599.523, 599.159, 599.768, 599.338, 599.189, 599.217, 599.332, 599.683, 599.025, 599.48, 599.896, 599.227, 599.202, 599.502, 599.185, 599.754, 599.838, 599.412, 599.116, 598.946, 599.418, 599.058, 599.438, 599.415, 599.045, 599.711, 599.57, 599.375, 599.152, 599.552, 599.596, 599.218, 
Running OpenMP implementation
Time to set up datastructures: 12546.6ms
348.129, 348.289, 348.19, 347.922, 348.178, 348.629, 348.235, 348.194, 348.269, 347.951, 348.128, 348.232, 348.18, 348.234, 348.244, 347.962, 348.343, 348.096, 348.145, 348.276, 348.051, 348.077, 348.059, 348.064, 348.315, 348.126, 348.087, 348.101, 348.315, 348.12, 348.387, 348.289, 348.017, 348.198, 348.127, 348.095, 348.112, 348.202, 348.008, 348.601, 348.167, 348.037, 348.212, 347.958, 348.078, 348.046, 348.129, 348.486, 348.157, 348.028, 348.059, 348.273, 348.282, 348.213, 348.486, 348.061, 348.124, 348.176, 348.349, 348.092, 348.174, 348.044, 348.328, 348.192, 348.18, 348.196, 348.091, 348.088, 348.058, 348.184, 348.098, 348.069, 348.171, 348.085, 348.323, 348.065, 348.13, 348.154, 348.044, 348.07, 347.988, 348.245, 348.159, 348.188, 348.034, 348.33, 348.113, 348.446, 348.25, 348.066, 348.072, 348.05, 348.155, 348.161, 348.181, 347.992, 348.306, 348.566, 348.099, 348.134, 
Time to set up datastructures: 10410ms
274.636, 274.753, 274.792, 274.393, 274.335, 276.494, 274.605, 274.539, 274.907, 274.394, 274.601, 274.348, 274.349, 274.221, 274.411, 274.638, 274.19, 274.866, 274.203, 274.455, 275.258, 274.556, 274.284, 274.452, 274.718, 274.403, 274.409, 274.195, 274.333, 274.497, 274.317, 274.472, 274.542, 274.249, 275.019, 274.79, 274.488, 274.527, 275.108, 274.977, 274.436, 274.554, 274.349, 274.402, 274.854, 274.223, 274.923, 274.422, 274.423, 275.068, 274.465, 274.334, 274.282, 274.63, 274.575, 274.181, 274.584, 274.298, 274.373, 274.604, 274.387, 274.832, 274.348, 274.747, 274.78, 274.369, 274.51, 274.326, 274.526, 274.689, 274.254, 274.245, 274.429, 274.575, 274.566, 274.561, 274.588, 274.33, 275.394, 274.543, 274.336, 274.696, 274.416, 274.616, 274.573, 274.431, 274.32, 274.477, 274.39, 274.305, 274.545, 274.732, 274.759, 275.061, 274.252, 274.333, 274.562, 274.526, 274.808, 274.546, 
Time to set up datastructures: 14591.8ms
253.317, 253.111, 253.495, 253.145, 253.366, 253.304, 253.365, 253.096, 253.466, 253.164, 253.257, 253.232, 252.864, 253.32, 253.147, 253.275, 253.211, 253.152, 253.171, 252.986, 253.077, 253.392, 252.969, 252.921, 252.868, 253.24, 253.577, 253.334, 253.117, 253.451, 253.313, 254.393, 253.144, 253.293, 252.929, 253.105, 253.255, 253.025, 252.979, 253.13, 252.797, 252.977, 253.565, 253.339, 253.351, 253.345, 253.047, 253.263, 252.795, 253.333, 253.341, 253.487, 253.314, 253.081, 253.348, 253.311, 252.822, 253.307, 253.149, 253.238, 253.324, 253.404, 253.009, 253.339, 252.853, 252.992, 254.263, 253.351, 253.38, 253.288, 253.345, 253.082, 253.001, 253.345, 253.282, 253.3, 253.38, 253.075, 253.275, 253.298, 253.096, 253.196, 253.12, 252.904, 253.091, 252.954, 253.147, 253.201, 253.003, 253.098, 253.037, 253.039, 253.329, 253.054, 253.359, 252.963, 253.211, 253.149, 252.942, 253.276, 
Time to set up datastructures: 13876.3ms
240.959, 241.061, 240.907, 241.138, 240.871, 240.831, 241.072, 241.343, 241.061, 240.762, 241.038, 240.886, 240.955, 240.953, 240.96, 241.049, 240.972, 240.941, 240.719, 240.89, 241.122, 240.857, 241.002, 240.889, 240.631, 241.015, 241.199, 240.727, 241.106, 240.873, 241.005, 241.13, 240.764, 241.025, 240.901, 240.884, 240.986, 240.993, 241.101, 240.979, 240.958, 240.968, 241.066, 240.685, 241.018, 240.777, 240.938, 240.935, 240.921, 241.163, 241.047, 240.965, 240.907, 240.645, 240.736, 241.019, 241.287, 241.076, 240.791, 240.708, 240.959, 240.967, 240.756, 240.972, 241.289, 241.048, 240.768, 240.69, 240.973, 240.94, 240.68, 240.989, 240.928, 240.977, 241.027, 240.958, 240.619, 240.795, 241.016, 240.925, 240.936, 240.93, 240.804, 240.94, 241.072, 241.011, 240.921, 240.99, 240.949, 240.942, 241.049, 240.929, 240.88, 241.094, 240.966, 241.039, 240.891, 241.032, 241.038, 240.85, 
Time to set up datastructures: 14490.6ms
233.387, 233.67, 233.374, 233.385, 233.784, 233.726, 233.519, 233.427, 233.82, 233.461, 233.558, 233.921, 233.536, 233.663, 233.522, 233.429, 233.821, 233.525, 233.536, 233.654, 233.676, 233.67, 233.437, 233.639, 233.639, 233.799, 233.397, 233.695, 233.765, 233.527, 233.648, 233.664, 233.511, 233.351, 233.836, 233.827, 233.598, 233.396, 233.45, 233.455, 233.5, 233.858, 233.649, 233.693, 233.563, 233.547, 233.63, 233.571, 233.71, 233.356, 233.726, 233.835, 233.675, 233.733, 233.541, 233.533, 233.614, 233.501, 233.554, 233.542, 233.561, 233.596, 233.699, 233.42, 233.533, 233.262, 233.797, 233.633, 233.762, 233.653, 233.719, 233.235, 233.544, 233.241, 233.89, 233.91, 233.791, 233.573, 233.394, 233.661, 233.374, 233.582, 233.356, 233.762, 233.674, 233.727, 233.718, 233.422, 233.669, 233.69, 233.47, 233.464, 233.777, 233.522, 233.747, 233.716, 233.888, 233.527, 233.76, 233.746, 
Time to set up datastructures: 14402.2ms
228.884, 228.486, 228.656, 228.745, 228.502, 228.318, 228.982, 228.669, 228.793, 228.662, 228.612, 228.321, 228.956, 228.654, 229.295, 228.805, 228.73, 228.749, 228.713, 228.68, 228.34, 228.785, 228.617, 228.571, 228.635, 228.685, 228.409, 228.54, 228.263, 228.9, 228.612, 228.807, 229.245, 228.545, 228.373, 228.748, 228.526, 228.816, 228.649, 228.921, 228.902, 228.674, 228.579, 228.642, 228.564, 228.988, 228.637, 228.885, 228.621, 228.565, 228.649, 228.754, 228.865, 228.645, 228.52, 228.541, 228.336, 228.661, 230.526, 228.45, 229.119, 230.931, 228.677, 228.648, 229.134, 228.78, 228.584, 228.71, 228.747, 229.099, 229.024, 228.469, 228.578, 228.814, 228.724, 228.918, 228.65, 228.837, 228.927, 228.646, 228.906, 228.675, 228.697, 228.371, 228.887, 228.467, 228.637, 229.036, 229.055, 228.879, 228.585, 228.608, 229.01, 228.689, 228.945, 228.888, 228.563, 228.818, 229.142, 228.67, 
Time to set up datastructures: 14664.8ms
226.277, 226.133, 226.121, 226.119, 226.217, 226.311, 226.116, 226.063, 225.961, 226.384, 226.088, 226.183, 226.272, 226.205, 226.11, 226.206, 226.089, 226.089, 226.231, 226.04, 225.909, 226.187, 226.053, 226.272, 225.925, 226.141, 226.224, 226.017, 226.14, 226.162, 226.127, 226.123, 226.218, 226.148, 226.184, 226.154, 226.154, 226.144, 226.175, 225.923, 226.201, 226.211, 226.18, 226.142, 226.197, 226.075, 226.003, 226.22, 226.108, 226.077, 225.985, 226.009, 225.926, 226.239, 226.168, 226.208, 226.215, 226.185, 226.164, 226.212, 225.916, 226.335, 226.244, 226.303, 225.975, 226.217, 226.204, 226.067, 226.139, 226.162, 226.054, 226.093, 226.115, 226.118, 226.093, 226.312, 226.315, 226.119, 225.893, 226.237, 226.078, 226.316, 226.225, 226.052, 226.474, 225.876, 225.986, 226.005, 226.12, 226.123, 226.002, 226.166, 226.1, 226.151, 226.133, 226.11, 226.253, 226.262, 226.623, 226.035, 
Time to set up datastructures: 14636.1ms
224.913, 225.287, 225.187, 224.932, 224.884, 225.163, 224.884, 224.858, 224.839, 224.935, 225.166, 225.548, 225.186, 224.682, 225.188, 225.181, 224.881, 225.109, 225.327, 225.285, 224.795, 225.217, 225.012, 224.686, 225.122, 224.983, 224.947, 224.659, 224.618, 225.188, 225.301, 225.41, 225.219, 224.921, 225.35, 224.978, 224.902, 225.197, 225.242, 224.829, 225.231, 224.813, 225.159, 224.645, 225.047, 225.099, 224.783, 225.396, 225.039, 224.956, 224.918, 225.113, 224.766, 224.87, 224.857, 224.676, 224.874, 225.126, 224.554, 224.802, 224.783, 224.879, 225.057, 224.712, 225.274, 224.65, 225.058, 225.349, 225.392, 225.054, 224.819, 224.644, 225.199, 224.862, 224.785, 225.18, 225, 225.515, 225.258, 224.819, 225.026, 224.99, 225.375, 225.288, 224.734, 225.257, 224.632, 225.025, 225.085, 225.066, 224.887, 225.158, 224.852, 224.874, 224.672, 225.339, 224.67, 224.754, 224.943, 225.412, 
Time to set up datastructures: 14672.2ms
224.047, 224.274, 224.463, 223.984, 223.854, 224.073, 224.043, 223.956, 224.592, 223.813, 223.966, 224.091, 224.45, 224.068, 224.221, 224.08, 224.377, 224.464, 223.885, 224.097, 224.185, 224.138, 224.132, 224.089, 224.174, 224.16, 224.376, 223.883, 224.008, 223.883, 224.169, 224.183, 224.141, 223.961, 224.177, 224.494, 224.351, 224.17, 224.064, 223.807, 224.09, 224.394, 223.646, 223.998, 224.168, 223.98, 224.23, 224.237, 224.271, 224.22, 224.054, 224.166, 223.93, 224.149, 223.943, 223.865, 223.958, 224.347, 223.974, 224.249, 224.235, 224.675, 226.247, 223.959, 224.232, 224.146, 224.234, 224.114, 224.108, 224.211, 223.936, 223.989, 224.108, 224.169, 224.122, 223.998, 224.094, 223.874, 224.755, 224.172, 224.232, 224.077, 224.033, 223.822, 223.942, 224.106, 224.141, 223.996, 223.985, 224.003, 223.926, 223.833, 224.012, 224.088, 224.129, 224.075, 224.204, 224.207, 223.853, 224.133, 
Time to set up datastructures: 14666.5ms
222.992, 223.418, 223.374, 223.365, 223.258, 223.689, 223.392, 223.443, 223.505, 223.475, 223.93, 222.77, 223.495, 223.253, 223.458, 223.4, 223.569, 222.999, 223.577, 222.921, 223.074, 223.582, 223.662, 223.559, 223.153, 222.799, 223.068, 222.956, 223.658, 222.79, 223.36, 223.665, 223.514, 223.513, 223.309, 223.097, 223.787, 223.338, 223.295, 223.021, 223.173, 223.125, 223.339, 223.512, 223.647, 223.317, 223.939, 222.843, 223.055, 222.961, 222.876, 222.682, 222.911, 222.908, 223.738, 223.034, 223.085, 223.318, 223.456, 222.921, 223.031, 223.421, 223.325, 223.656, 223.652, 223.537, 223.285, 223.368, 223.293, 223.519, 223.676, 222.945, 222.929, 223.542, 223.237, 223.393, 223.542, 223.451, 223.333, 223.433, 223.006, 223.454, 223.553, 223.247, 223.719, 223.511, 223.609, 223.334, 223.625, 223.262, 223.611, 223.292, 223.076, 223.62, 223.598, 222.908, 223.203, 223.613, 223.048, 223.613, 
Time to set up datastructures: 14830.4ms
223.712, 223.634, 223.514, 225.342, 238.541, 233.662, 233.368, 236.748, 231.77, 234.088, 234.655, 233.003, 232.407, 232.475, 232.558, 232.436, 232.247, 231.443, 225.03, 223.625, 223.517, 223.606, 223.548, 223.63, 223.462, 224.55, 223.568, 223.697, 223.812, 223.569, 223.637, 223.562, 228.805, 224.296, 223.615, 223.635, 224.01, 223.719, 223.813, 223.809, 223.483, 223.646, 223.688, 223.657, 223.577, 224.207, 223.7, 223.377, 223.698, 223.663, 223.473, 224.963, 224.312, 223.741, 223.615, 223.812, 223.475, 223.657, 223.452, 224.621, 223.899, 223.727, 223.892, 223.456, 223.808, 223.718, 224.541, 223.504, 223.697, 223.606, 223.512, 223.725, 223.704, 224.283, 223.496, 223.419, 223.69, 224.222, 223.645, 223.657, 226.661, 236.462, 227.075, 226.618, 223.908, 223.82, 223.561, 223.644, 223.699, 223.708, 223.713, 223.703, 223.509, 223.717, 227.924, 224.384, 223.499, 223.798, 223.735, 223.666, 
Time to set up datastructures: 14662.9ms
221.29, 221.536, 221.613, 221.366, 221.525, 221.433, 221.446, 221.314, 221.415, 221.378, 221.056, 221.342, 221.43, 221.726, 221.421, 221.444, 221.314, 221.39, 221.527, 221.341, 221.287, 221.362, 221.816, 221.172, 221.332, 222.265, 221.437, 221.351, 221.614, 221.373, 221.557, 221.175, 221.404, 221.207, 221.186, 221.521, 221.533, 221.549, 221.476, 221.205, 224, 221.268, 221.442, 225.141, 221.423, 221.576, 222.305, 221.416, 221.471, 221.42, 221.089, 221.453, 221.582, 221.557, 221.365, 221.396, 221.196, 221.258, 221.229, 221.314, 221.334, 221.347, 221.363, 221.39, 221.318, 221.444, 221.382, 221.844, 221.313, 221.419, 221.736, 221.208, 221.432, 221.319, 221.564, 221.57, 221.427, 221.149, 221.476, 221.525, 221.39, 221.43, 221.527, 221.573, 221.141, 221.51, 221.285, 221.417, 221.327, 221.452, 221.366, 221.46, 221.631, 221.391, 221.336, 221.494, 221.281, 221.482, 221.476, 221.171, 
Time to set up datastructures: 14690.9ms
220.53, 221.009, 221.104, 220.731, 220.432, 220.885, 220.644, 221.022, 220.548, 220.48, 220.562, 221.023, 220.755, 220.963, 220.675, 220.543, 220.571, 220.626, 220.821, 220.712, 220.604, 220.888, 220.622, 220.588, 221.051, 220.984, 221.153, 220.655, 220.598, 220.799, 221.005, 220.657, 220.595, 220.603, 221.024, 220.391, 220.805, 220.716, 220.778, 220.327, 220.678, 220.779, 220.53, 220.766, 221.247, 221.129, 220.527, 220.753, 221.036, 220.723, 220.953, 221.29, 220.553, 220.521, 220.484, 220.463, 220.402, 220.57, 220.344, 220.375, 220.865, 220.98, 220.704, 221.033, 220.686, 220.414, 220.82, 220.355, 220.654, 220.749, 220.664, 220.425, 220.463, 220.564, 220.799, 220.796, 220.669, 220.708, 220.369, 220.932, 220.763, 220.566, 220.829, 220.5, 220.529, 220.548, 220.745, 220.796, 221.02, 221.085, 220.363, 220.896, 220.711, 220.859, 220.969, 220.677, 221.167, 220.777, 220.872, 220.602, 
Running TBB implementation
Time to set up datastructures: 12601.9ms
363.073, 363.289, 363.186, 363.033, 363.104, 363.058, 362.958, 363.1, 362.885, 362.957, 362.88, 362.973, 362.89, 362.904, 362.955, 362.891, 363.381, 362.975, 363.034, 362.893, 362.94, 363.031, 363.04, 362.909, 363.18, 363.015, 362.868, 363.036, 362.921, 363.016, 362.903, 362.917, 362.892, 362.993, 362.949, 363.021, 363.063, 362.857, 363.488, 362.963, 363.018, 362.825, 362.833, 363.007, 363.087, 362.857, 362.993, 363.085, 362.94, 362.911, 362.999, 363.475, 362.841, 362.96, 362.842, 362.99, 362.998, 363.246, 363.37, 362.95, 362.918, 362.999, 363.081, 362.995, 362.916, 362.92, 363.202, 362.966, 362.948, 363.071, 362.927, 363.015, 362.962, 363.036, 362.88, 362.964, 363.261, 362.934, 363.007, 363.26, 363.106, 362.982, 362.97, 363.161, 363.097, 362.88, 362.902, 362.894, 362.861, 363.083, 362.996, 362.979, 362.883, 363.087, 363.162, 363.028, 362.868, 362.795, 363.064, 363.166, 
Time to set up datastructures: 10381.1ms
282.308, 282.556, 282.458, 282.828, 283.238, 282.507, 282.259, 282.127, 282.864, 282.697, 283.366, 283.408, 281.941, 282.555, 282.523, 282.738, 282.655, 282.948, 282.396, 281.977, 282.583, 282.578, 282.234, 282.024, 282.699, 283.889, 283.177, 282.493, 282.657, 282.633, 282.567, 282.805, 282.641, 282.399, 282.563, 282.559, 282.576, 282.519, 282.833, 282.976, 282.691, 282.236, 281.968, 282.877, 282.59, 282.918, 282.525, 282.213, 282.458, 282.274, 282.642, 282.077, 282.942, 282.942, 282.729, 282.193, 282.465, 282.683, 282.594, 282.773, 282.8, 282.729, 281.971, 282.696, 282.672, 282.158, 282.233, 282.469, 283.176, 282.456, 282.093, 282.708, 283.073, 282.21, 282.961, 282.579, 282.201, 282.258, 282.417, 282.225, 282.335, 283.225, 282.961, 282.228, 282.622, 281.983, 282.481, 282.546, 283.336, 282.66, 281.904, 282.72, 282.653, 282.763, 282.486, 282.831, 282.709, 282.205, 282.332, 282.961, 
Time to set up datastructures: 14658.9ms
257.733, 257.311, 257.612, 257.712, 257.702, 257.657, 257.134, 257.689, 257.956, 257.699, 257.914, 257.119, 257.341, 257.305, 257.729, 257.327, 257.676, 257.293, 257.692, 257.681, 257.273, 257.815, 257.639, 257.147, 257.721, 257.696, 257.568, 257.386, 257.095, 256.91, 257.711, 257.613, 257.424, 257.733, 257.734, 257.553, 257.59, 257.599, 257.411, 257.66, 257.749, 257.861, 257.41, 257.745, 257.713, 258.072, 257.77, 257.732, 257.419, 257.227, 257.775, 257.824, 257.658, 257.572, 257.395, 257.614, 257.622, 257.563, 257.587, 257.582, 257.712, 257.824, 257.593, 257.707, 257.733, 257.424, 257.904, 257.532, 257.282, 257.448, 257.239, 257.823, 257.857, 257.526, 257.583, 257.42, 257.359, 257.147, 257.682, 257.395, 257.865, 257.494, 257.383, 259.028, 257.495, 257.672, 257.827, 257.706, 257.677, 257.356, 257.91, 257.413, 257.824, 257.756, 257.571, 257.114, 257.667, 257.2, 257.349, 258.089, 
Time to set up datastructures: 13687.8ms
244.421, 244.302, 244.654, 244.411, 244.549, 244.565, 244.399, 244.677, 244.291, 244.753, 244.822, 244.68, 244.316, 244.727, 244.685, 244.417, 244.337, 244.362, 244.534, 244.421, 244.601, 244.479, 244.481, 244.552, 244.743, 244.692, 244.104, 244.367, 244.596, 244.228, 244.835, 244.543, 244.137, 244.646, 244.042, 244.768, 244.065, 244.725, 244.439, 244.406, 244.662, 244.177, 244.484, 244.612, 244.717, 244.67, 244.611, 244.428, 244.629, 244.732, 244.424, 244.332, 244.047, 244.357, 244.601, 244.084, 244.724, 244.646, 244.317, 244.645, 244.733, 244.496, 244.845, 244.333, 244.292, 244.629, 244.417, 244.302, 244.412, 244.314, 244.289, 244.339, 244.456, 244.781, 244.28, 244.854, 244.652, 244.64, 244.505, 244.383, 244.558, 244.608, 244.736, 244.44, 244.435, 244.568, 244.446, 244.632, 244.211, 244.452, 244.6, 244.494, 244.332, 244.683, 244.261, 244.838, 245.584, 244.21, 244.225, 244.397, 
Time to set up datastructures: 14689.5ms
236.768, 236.955, 236.682, 236.544, 236.741, 236.776, 236.747, 237.208, 237.106, 236.991, 236.952, 236.742, 236.786, 236.995, 236.562, 236.872, 236.831, 236.88, 236.785, 236.463, 236.787, 236.792, 236.933, 236.772, 237.275, 236.565, 236.893, 236.941, 237.106, 236.638, 236.812, 236.886, 237.043, 236.699, 236.842, 236.604, 236.756, 236.597, 236.558, 236.942, 237.211, 236.512, 236.653, 236.907, 236.757, 236.697, 236.784, 236.42, 237.372, 236.511, 236.984, 236.91, 236.674, 237.011, 236.902, 236.465, 236.972, 236.926, 237.088, 236.636, 236.802, 236.371, 236.909, 236.762, 236.923, 236.671, 236.778, 236.828, 236.635, 236.829, 236.903, 236.573, 236.847, 236.652, 237.586, 236.595, 236.482, 237.205, 236.821, 236.928, 236.56, 236.809, 237.125, 236.525, 236.688, 237.004, 236.737, 237.043, 236.901, 236.688, 236.739, 237.069, 236.85, 236.758, 237.058, 236.246, 236.571, 237.189, 236.87, 236.712, 
Time to set up datastructures: 14704.1ms
231.384, 231.23, 231.329, 231.35, 230.725, 231.231, 230.791, 231.052, 230.823, 230.788, 231.492, 231.049, 231.443, 231.288, 231.118, 231.137, 231.183, 231.007, 231.147, 231.385, 231.502, 231.129, 231.336, 231.069, 231.391, 231.309, 231.244, 231.055, 231.426, 231.58, 231.528, 230.954, 231.179, 231.331, 231.467, 231.366, 230.838, 231.573, 231.117, 231.163, 230.865, 231.946, 231.039, 230.969, 230.876, 231.33, 231.533, 231.156, 231.39, 231.312, 231.637, 231.288, 231.117, 231.349, 230.936, 231.366, 231.425, 231.21, 231.072, 231.264, 231.106, 231.199, 230.965, 231.179, 231.267, 231.074, 231.417, 231.657, 230.995, 231.876, 231.001, 231.139, 232.916, 231.079, 231.348, 231.222, 231.391, 231.14, 231.298, 231.304, 231.305, 231.446, 231.255, 230.87, 231.219, 230.861, 231.319, 231.439, 231.26, 231.218, 230.794, 230.956, 231.192, 231.14, 231.035, 230.867, 231.3, 231.064, 231.536, 231.395, 
Time to set up datastructures: 14975.8ms
228.207, 227.722, 227.79, 227.729, 228.072, 227.953, 227.333, 227.897, 227.853, 227.932, 228.092, 227.951, 227.969, 227.705, 228.149, 228.143, 227.957, 227.567, 227.951, 227.862, 228.052, 228.253, 227.911, 227.62, 227.797, 227.643, 227.625, 227.577, 227.756, 228.191, 228.05, 227.548, 227.588, 228.276, 228.019, 228.156, 227.4, 227.917, 227.884, 228.142, 227.655, 228.114, 228.099, 227.984, 227.92, 227.674, 228.104, 227.743, 227.291, 227.683, 228.175, 227.939, 227.661, 228.343, 227.491, 227.836, 228.041, 228.049, 227.911, 227.811, 227.905, 227.698, 227.486, 227.807, 227.784, 227.935, 228.256, 228.073, 228.096, 227.855, 228.031, 227.62, 227.76, 227.8, 227.927, 228.185, 227.767, 227.917, 227.873, 228.142, 227.768, 227.651, 227.909, 228.019, 227.699, 227.73, 227.841, 228.007, 227.986, 228.125, 228.072, 228.055, 227.647, 227.742, 228.095, 227.782, 227.612, 228.064, 228.224, 228.221, 
Time to set up datastructures: 14655.9ms
226.204, 225.722, 226.232, 226.116, 225.997, 226.061, 225.743, 226.316, 225.869, 226.149, 226.029, 225.847, 225.747, 226.085, 225.939, 225.358, 225.638, 226.045, 226.216, 225.92, 226.071, 225.659, 225.803, 226.15, 225.599, 225.934, 226.071, 226.169, 226.038, 225.809, 226.047, 226.025, 225.802, 225.881, 226.009, 225.619, 226.413, 226.035, 226.062, 225.766, 225.951, 225.997, 225.747, 225.82, 226.142, 225.985, 225.932, 225.771, 225.759, 226.033, 226.163, 226.117, 226.151, 225.474, 226.125, 225.919, 226.009, 225.649, 225.425, 225.914, 226.295, 225.675, 226.073, 226.096, 226.144, 226.054, 226.114, 225.808, 225.606, 225.809, 226.099, 226.334, 225.766, 225.427, 226.215, 225.719, 225.977, 225.985, 225.695, 226.035, 225.828, 225.704, 226.023, 226.13, 225.916, 226.138, 225.84, 225.926, 226.261, 226.344, 226.145, 225.945, 225.541, 225.87, 225.847, 225.646, 225.708, 225.885, 225.981, 225.694, 
Time to set up datastructures: 14584.4ms
225.02, 225.172, 225.136, 225.043, 224.856, 224.693, 224.855, 225.046, 224.799, 224.731, 225.25, 224.947, 224.486, 224.656, 224.978, 224.865, 225.077, 224.975, 224.483, 224.712, 225.412, 224.987, 224.886, 224.883, 225.002, 224.212, 224.809, 224.862, 225.301, 225.757, 225.345, 225.425, 225.706, 225.377, 224.952, 225.241, 225.7, 225.998, 226.085, 225.545, 225.64, 226.153, 225.37, 224.971, 224.988, 224.929, 226.006, 226.158, 225.642, 225.901, 225.97, 226.06, 225.42, 225.312, 225.368, 225.518, 225.509, 225.958, 225.996, 225.962, 225.036, 224.67, 225.496, 225.169, 225.21, 225.323, 224.899, 225.029, 225.348, 225.175, 225.062, 224.821, 225.102, 226.999, 225.102, 224.732, 225.34, 224.923, 225.071, 225.341, 224.908, 225.037, 225.249, 224.826, 225.137, 225.187, 224.798, 225.273, 225.149, 225.758, 225.167, 225.486, 224.894, 225.073, 224.891, 225.724, 225.069, 225.701, 225.344, 225.824, 
Time to set up datastructures: 14801.7ms
224.65, 224.81, 224.638, 225.642, 224.53, 224.424, 224.481, 224.582, 224.174, 224.379, 224.431, 224.264, 224.497, 224.738, 224.053, 225.079, 224.214, 224.631, 224.679, 224.353, 224.494, 224.994, 224.651, 224.237, 224.205, 224.804, 224.161, 224.527, 224.15, 224.553, 224.941, 224.581, 224.309, 224.84, 224.374, 224.645, 223.937, 224.23, 224.433, 225.223, 224.726, 224.556, 224.704, 224.825, 223.763, 224.1, 224.307, 223.947, 224.336, 224.081, 224.027, 223.705, 223.897, 223.987, 224.054, 224.151, 224.273, 224.701, 223.991, 224.104, 223.93, 223.878, 224.097, 223.968, 223.936, 223.931, 224.349, 224.064, 223.915, 224.482, 224.443, 223.871, 224.216, 224.042, 224.165, 224.692, 224.062, 224.396, 224.11, 223.924, 223.54, 223.676, 223.745, 224.056, 224.924, 224.057, 223.894, 223.865, 223.618, 223.603, 223.96, 224.02, 224.466, 223.939, 224.092, 223.755, 224.179, 223.866, 224.112, 224.077, 
Time to set up datastructures: 14886.1ms
224.536, 225.175, 225.001, 225.027, 224.79, 224.716, 224.598, 224.746, 224.937, 224.535, 224.57, 224.957, 224.757, 224.833, 225.03, 224.8, 224.944, 224.46, 224.613, 224.622, 224.9, 224.808, 224.84, 224.947, 224.561, 224.615, 225.364, 224.393, 224.696, 224.639, 224.201, 224.677, 224.557, 224.474, 224.495, 224.743, 224.486, 224.669, 224.735, 224.893, 224.641, 224.259, 224.434, 224.31, 224.751, 224.759, 224.65, 224.505, 225.013, 224.747, 224.403, 224.4, 224.334, 224.425, 223.915, 224.443, 225.097, 224.555, 224.588, 224.359, 224.493, 224.553, 224.576, 224.4, 224.852, 224.606, 224.474, 224.775, 224.721, 224.693, 224.546, 224.579, 224.866, 224.714, 224.871, 224.573, 224.421, 224.442, 224.769, 224.584, 224.763, 224.153, 224.979, 224.251, 224.602, 224.267, 224.562, 224.43, 224.221, 224.269, 224.107, 224.451, 225.078, 224.437, 224.527, 224.452, 224.652, 224.827, 224.673, 224.526, 
Time to set up datastructures: 14816.5ms
222.218, 222.338, 222.381, 222.011, 222.227, 222.366, 222.546, 222.446, 222.312, 221.669, 221.889, 222.003, 222.373, 222.204, 222.206, 222.243, 222.327, 222.203, 222.295, 222.34, 222.189, 222.299, 221.732, 222.009, 222.126, 221.871, 222.149, 222.441, 222.281, 222.151, 222.132, 222.294, 222.77, 222.314, 222.633, 222.4, 222.223, 221.695, 230.316, 221.969, 222.062, 222.398, 222.2, 222.112, 221.761, 222.345, 222.228, 221.699, 222.386, 222.372, 222.558, 222.347, 222.52, 222.177, 221.877, 221.988, 222.689, 221.863, 222.35, 222.055, 222.27, 222.395, 221.862, 221.948, 222.069, 221.903, 222.026, 222.345, 222.086, 222.015, 222.547, 221.941, 222.147, 222.08, 222.025, 222.327, 222.119, 224.14, 222.462, 222.324, 222.193, 222.412, 222.162, 221.961, 222.346, 222.318, 222.337, 222.025, 221.964, 222.146, 221.904, 221.952, 221.559, 222.108, 221.899, 222.482, 222.361, 222.123, 221.683, 222.205, 
Time to set up datastructures: 14863ms
221.391, 221.626, 221.181, 221.493, 221.115, 221.789, 221.772, 222.048, 221.181, 221.164, 221.954, 220.886, 221.151, 221.35, 221.373, 221.253, 221.621, 221.17, 221.586, 221.795, 221.183, 220.998, 221.585, 221.705, 221.73, 221.58, 221.297, 221.162, 220.944, 221.008, 221.581, 221.465, 221.393, 221.676, 221.51, 220.807, 221.175, 221.519, 221.499, 221.144, 221.757, 221.371, 221.299, 221.309, 221.887, 221.398, 221.61, 221.826, 221.637, 221.482, 221.601, 221.558, 221.17, 221.456, 221.546, 221.208, 221.628, 221.727, 221.597, 221.698, 221.642, 221.592, 221.364, 221.487, 221.565, 221.844, 221.416, 221.554, 221.354, 221.315, 221.804, 221.478, 221.205, 221.124, 221.205, 221.792, 221.485, 221.786, 221.369, 221.655, 221.406, 221.616, 221.538, 221.351, 221.342, 221.191, 221.039, 221.479, 221.62, 221.358, 221.486, 221.322, 221.163, 221.261, 221.674, 221.416, 221.372, 221.647, 221.747, 221.623, 
Running TBB_graphs implementation with double the amount of partitions than threads
Time to set up datastructures: 9138.06ms
398.544, 404.817, 399.698, 406.167, 403.206, 404.56, 403.315, 402.904, 399.729, 398.31, 398.726, 409.532, 406.766, 398.463, 403.344, 400.207, 397.996, 404.186, 402.299, 398.476, 403.24, 398.535, 397.36, 397.849, 397.584, 403.862, 403.072, 403.048, 398.866, 397.401, 403.738, 401.908, 403.958, 398.234, 403.773, 407.897, 402.585, 403.355, 402.663, 418.431, 398.954, 412.636, 434.026, 423.707, 432.213, 428.075, 440.69, 413.318, 402.993, 402.931, 399.53, 403.078, 398.978, 404.093, 399.084, 398.195, 397.674, 403.802, 402.825, 398.9, 402.953, 402.785, 402.751, 402.701, 399.973, 397.711, 402.733, 402.365, 398.099, 397.736, 397.565, 403.012, 402.784, 402.768, 407.452, 402.263, 399.27, 397.895, 398.219, 404.002, 403.09, 402.542, 399.686, 403.743, 400.235, 405.616, 402.46, 399.581, 403.33, 403.934, 398.328, 398.477, 403.726, 402.939, 403.127, 401.295, 398.465, 410.658, 431.965, 421.61, 
Time to set up datastructures: 9155.14ms
330.495, 331.563, 330.573, 331.215, 330.622, 329.176, 330.055, 328.374, 329.912, 331.495, 332.034, 331.808, 328.486, 330.472, 329.973, 331.078, 330.442, 330.263, 328.673, 330.016, 330.422, 332.316, 330.356, 330.457, 330.151, 330.484, 330.757, 332.228, 333.942, 331.43, 333.082, 331.999, 332.272, 333.752, 330.647, 330.598, 330.524, 328.922, 328.664, 332.447, 331.416, 332.679, 331.539, 329.104, 331.693, 332.038, 331.818, 330.755, 333.003, 331.463, 331.578, 332.099, 329.914, 333.134, 331.544, 330.952, 331.402, 333.486, 331.098, 333.585, 337.71, 332.265, 331.523, 331.75, 329.802, 329.337, 336.223, 339.719, 333.025, 332.176, 332.824, 331.248, 330.478, 331.761, 361.302, 330.189, 329.149, 330.112, 330.208, 330.12, 333.894, 329.067, 329.003, 329.956, 330.723, 330.19, 330.212, 336.786, 335.974, 332.225, 330.341, 330.543, 329.997, 331.041, 329.876, 330.531, 330.008, 329.897, 330.543, 331.134, 
Time to set up datastructures: 9118.19ms
306.977, 308.149, 309.459, 290.572, 309.658, 290.746, 292.369, 309.272, 309.163, 306.925, 309.332, 308.747, 292.356, 307.006, 309.521, 308.388, 290.188, 309.548, 307.713, 308.736, 290.382, 308.061, 289.796, 308.073, 290.234, 293.095, 290.894, 309.36, 309.305, 308.185, 292.104, 307.45, 290.128, 308.325, 307.22, 308.717, 307.117, 308.244, 310.104, 308.692, 290.654, 290.001, 309.978, 292.127, 290.958, 309.371, 291.599, 310.404, 308.793, 310.095, 290.316, 309.698, 292.255, 309.391, 308.118, 309.723, 335.826, 330.166, 292.333, 308.942, 290.476, 289.701, 308.027, 289.366, 289.941, 290.159, 309.33, 290.702, 308.514, 290.093, 295.268, 319.708, 289.889, 290.094, 309.006, 308.172, 309.589, 292.374, 293.485, 292.505, 290.642, 288.937, 307.075, 292.224, 290.837, 309.311, 289.644, 290.439, 309.073, 292.341, 290.507, 292.757, 291.725, 289.923, 308.169, 308.709, 308.56, 290.055, 292.673, 308.339, 
Time to set up datastructures: 9103.3ms
295.716, 267.525, 267.017, 268.998, 267.425, 267.418, 298.124, 267.239, 299.223, 297.492, 297.37, 267.275, 301.842, 267.611, 295.648, 295.602, 267.586, 295.271, 267.288, 297.854, 266.924, 297.165, 266.896, 297.645, 296.044, 295.361, 298.096, 268.923, 267.135, 296.397, 267.126, 266.979, 266.844, 297.065, 266.702, 267.332, 296.5, 268.428, 267.38, 297.605, 267.534, 307.182, 267.128, 296.023, 299.458, 297.992, 297.432, 299.269, 297.769, 267.005, 298.003, 296.348, 295.519, 296.11, 269.341, 268.795, 267.26, 297.439, 296.895, 267.307, 267.031, 296.837, 266.522, 297.44, 297.295, 295.324, 296.261, 295.882, 296.639, 266.96, 266.935, 296.583, 296.192, 266.596, 267.04, 297.557, 267.089, 295.937, 266.927, 266.781, 267.086, 268.425, 297.983, 267.098, 296.892, 295.283, 295.204, 296.193, 266.864, 267.293, 295.949, 295.057, 295.344, 296.222, 266.8, 266.968, 295.845, 266.833, 297.448, 267.684, 
Time to set up datastructures: 9118.25ms
254.247, 252.713, 289.662, 291.029, 292.916, 291.813, 253.308, 253.109, 293.053, 253.509, 291.007, 289.652, 291.098, 254.382, 291.486, 253.052, 252.96, 289.843, 291.935, 290.415, 253.065, 253.355, 291.335, 253.549, 253.152, 290.261, 291.527, 253.176, 253.081, 252.711, 290.818, 290.178, 254.141, 253.106, 289.928, 288.61, 252.825, 291.653, 290.575, 290.768, 252.863, 290.071, 289.747, 291.048, 252.946, 252.858, 289.569, 289.055, 252.887, 252.751, 252.955, 252.643, 252.783, 252.758, 252.921, 252.743, 252.761, 253.109, 289.44, 289.258, 291.235, 289.623, 303.942, 295.388, 290.762, 294.771, 291.208, 293.326, 253.535, 290.718, 253.606, 290.545, 301.367, 262.42, 312.241, 261.035, 290.389, 254.06, 292.335, 254.046, 253.113, 290.514, 292.075, 254.14, 289.285, 252.808, 252.939, 288.478, 252.73, 252.698, 291.001, 290.758, 289.554, 288.752, 290.801, 289.629, 290.399, 252.871, 252.752, 289.617, 
Time to set up datastructures: 9110.96ms
284.872, 252.132, 287.849, 254.643, 253.871, 284.667, 284.992, 286.049, 253.008, 284.981, 257.318, 286.756, 253.383, 285.151, 284.328, 254.021, 253.319, 284.668, 285.846, 253.62, 287.925, 307.123, 270.886, 297.48, 309.087, 297.338, 311.36, 299.192, 272.14, 297.159, 306.149, 309.068, 296.603, 275.765, 295.956, 307.421, 267.993, 271.659, 307.017, 261.674, 257.22, 253.329, 286.293, 286.051, 252.888, 252.319, 253.367, 286.829, 286.524, 252.206, 252.844, 284.581, 253.665, 285.59, 285.603, 252.696, 286.19, 252.828, 253.161, 285.969, 252.911, 253.056, 292.682, 261.979, 260.01, 292.559, 285.742, 252.466, 253.36, 252.173, 252.954, 285.813, 286.484, 253.293, 284.813, 286.922, 253.109, 253.059, 284.326, 253.431, 253.121, 253.545, 252.856, 252.57, 284.311, 284.091, 285.586, 285.505, 253.171, 252.903, 252.886, 284.396, 285.685, 285.371, 284.264, 252.088, 285.186, 285.758, 252.699, 286.84, 
Time to set up datastructures: 9102.14ms
283.526, 282.082, 253.628, 254.007, 281.133, 254.148, 255.759, 285.027, 282.936, 284.18, 283.237, 280.534, 283.82, 284.664, 253.979, 281.387, 254.209, 281.737, 254.565, 282.534, 254.077, 280.925, 284.141, 255.782, 283.135, 281.466, 254.783, 253.453, 253.978, 284.119, 280.991, 253.965, 250.731, 254.389, 283.1, 253.502, 253.291, 253.932, 282.801, 253.77, 254.882, 281.315, 253.805, 281.254, 253.219, 254.271, 253.613, 254.032, 254.27, 253.788, 253.602, 283.167, 282.671, 281.356, 283.79, 254.736, 282.987, 281.256, 253.509, 282.426, 253.751, 281.951, 252.684, 281.153, 253.649, 281.081, 282.183, 282.212, 282.638, 255.463, 281.427, 280.793, 282.62, 253.746, 252.829, 283.5, 283.653, 281.197, 255.067, 253.255, 284.038, 283.784, 281.302, 284.007, 282.372, 253.862, 282.423, 253.301, 253.834, 253.96, 253.36, 252.789, 282.443, 253.664, 281.994, 281.121, 254.131, 253.336, 281.071, 282.347, 
Time to set up datastructures: 9102.25ms
255.084, 254.686, 281.137, 254.983, 254.189, 280.028, 254.948, 256.386, 281.053, 255.06, 256.002, 255.066, 254.821, 256.67, 255.304, 254.159, 279.822, 278.928, 255.057, 254.824, 278.683, 278.482, 281.139, 280.622, 253.932, 253.756, 281.471, 281.067, 279.148, 254.915, 254.791, 279.942, 280.078, 254.714, 280.124, 280.917, 280.631, 254.556, 252.094, 278.328, 254.587, 254.546, 254.629, 254.266, 254.558, 254.197, 279.798, 279, 279.779, 278.395, 280.542, 290.433, 280.559, 254.857, 254.782, 279.725, 254.482, 278.331, 254.13, 278.644, 278.356, 254.789, 254.464, 278.908, 278.514, 254.497, 254.353, 279.991, 255.246, 280.186, 279.745, 279.625, 282.831, 254.572, 281.188, 280.233, 278.537, 281.231, 254.855, 279.727, 254.459, 264.079, 254.287, 279.527, 254.98, 254.659, 279.876, 254.441, 279.962, 254.493, 254.622, 254.21, 254.654, 281.876, 254.368, 254.802, 253.781, 254.251, 279.464, 254.631, 
Time to set up datastructures: 9126.2ms
278.397, 277.758, 278.106, 255.295, 276.739, 277.534, 276.598, 277.857, 254.508, 251.817, 276.387, 276.548, 277.743, 277.634, 254.627, 255.08, 277.957, 278.323, 254.815, 280.195, 254.892, 254.11, 254.869, 276.338, 278.586, 276.609, 254.805, 254.402, 255.287, 277.647, 254.74, 255.495, 262.126, 283.596, 279.156, 278.46, 276.33, 278.003, 254.945, 254.479, 254.462, 275.92, 255.231, 255.11, 278.962, 275.786, 277.181, 276.621, 276.45, 277.574, 254.604, 275.975, 255.439, 254.207, 277.39, 255.658, 275.152, 275.874, 254.759, 278.143, 277.784, 275.805, 277.488, 252.103, 254.764, 254.275, 278.138, 255.076, 277.745, 279.723, 276.537, 277.477, 276.212, 278.324, 254.394, 277.613, 276.098, 255.031, 278.861, 277.65, 277.226, 277.303, 278.343, 276.971, 254.747, 254.903, 278.039, 280.498, 255.723, 254.335, 279.359, 278.022, 284.07, 254.446, 277.305, 255.556, 254.686, 276.09, 254.724, 254.643, 
Time to set up datastructures: 9100.49ms
274.595, 276.96, 278.253, 256.864, 254.878, 254.332, 277.112, 275.617, 256.111, 276.014, 276.14, 277.228, 275.653, 254.903, 275.237, 274.415, 275.341, 255.297, 281.155, 277.996, 265.736, 255.433, 255.766, 275.962, 274.518, 275.832, 254.939, 254.526, 269.65, 255.394, 277, 255.375, 255.034, 280.432, 254.272, 275.515, 273.463, 274.264, 254.794, 273.905, 254.545, 274.692, 273.98, 254.79, 274.85, 273.634, 254.465, 255.546, 275.744, 275.57, 276.332, 273.771, 254.967, 267.143, 275.958, 254.701, 254.595, 254.708, 274.352, 275.564, 275.043, 273.877, 280.239, 254.076, 274.338, 254.969, 254.774, 277.973, 279.489, 275.895, 279.311, 274.972, 275.162, 274.148, 275.027, 275.449, 255.21, 275.415, 274.975, 274.6, 254.3, 262.157, 254.281, 254.004, 255.966, 274.563, 273.678, 254.739, 275.152, 273.596, 274.708, 278.155, 273.93, 254.807, 273.705, 275.052, 281.44, 275.021, 255.562, 255.243, 
Time to set up datastructures: 9099.94ms
274.977, 256.136, 270.236, 255.292, 254.524, 272.863, 254.489, 272.579, 254.153, 255.555, 278.742, 273.973, 275.25, 273.839, 255.263, 272.381, 272.55, 254.994, 255.591, 254.597, 254.837, 273.674, 255.335, 273.455, 274.383, 267.835, 273.481, 273.913, 254.724, 270.701, 272.464, 272.19, 254.646, 254.428, 255.502, 273.229, 272.268, 254.555, 272.093, 280.59, 256.521, 261.416, 254.57, 274.267, 254.595, 274.37, 257.543, 269.933, 279.896, 273.821, 254.579, 270.386, 256.681, 255.22, 274.25, 273.528, 254.531, 255.365, 255.805, 273.922, 273.597, 254.338, 273.922, 273.391, 254.946, 255.273, 255.484, 272.262, 254.306, 273.618, 274.363, 273.61, 273.437, 272.33, 274.454, 273.237, 254.691, 254.521, 272.033, 278.377, 254.613, 254.832, 254.936, 254.955, 272.353, 273.523, 255.03, 256.345, 272.092, 274.641, 272.603, 272.325, 272.51, 273.376, 255.637, 272.221, 273.362, 256.46, 255.052, 254.528, 
Time to set up datastructures: 9135.01ms
270.168, 269.429, 270.801, 252.563, 252.2, 253.152, 270.037, 253.041, 270.078, 268.481, 252.37, 252.336, 271.11, 252.285, 270.099, 253.517, 252.403, 252.104, 268.6, 268.987, 268.149, 271.863, 252.501, 269.574, 253.473, 269.997, 253.116, 269.846, 269.68, 252.312, 271.517, 252.123, 270.364, 252.733, 269.516, 254.046, 252.808, 252.531, 268.365, 254.283, 270.816, 252.194, 268.456, 268.5, 268.817, 252.975, 252.643, 252.329, 251.464, 270.002, 270.076, 269.184, 270.262, 269.591, 269.378, 252.795, 251.873, 269.481, 267.999, 253.269, 270.141, 251.93, 253.546, 252.428, 270.394, 252.944, 268.763, 253.691, 269.294, 268.447, 252.477, 252.572, 253.553, 270.777, 268.647, 269.709, 270.547, 272.499, 254.313, 253.156, 268.356, 268.539, 252.829, 270.543, 268.54, 269.734, 268.711, 270.313, 270.968, 254.001, 254.539, 252.526, 252.98, 270.03, 252.999, 279.14, 268.026, 252.579, 251.992, 252.816, 
Time to set up datastructures: 9099.35ms
272.761, 266.993, 267.272, 267.101, 251.649, 252.999, 251.948, 267.199, 251.597, 266.407, 269.089, 251.346, 265.429, 272.504, 250.904, 251.364, 249.813, 251.172, 276.707, 251.592, 265.725, 265.582, 278.21, 275.587, 265.382, 251.194, 251.145, 251.447, 267.299, 266.4, 252.332, 264.255, 267.297, 268.358, 250.596, 265.428, 265.738, 266.806, 265.951, 266.747, 268.396, 251.173, 251.06, 266.931, 251.382, 266.314, 266.796, 252.448, 276.737, 266.362, 267.925, 267.683, 265.631, 250.028, 251.9, 251.428, 251.496, 251.301, 251.383, 250.665, 267.07, 254.073, 267.23, 268.156, 251.777, 267.407, 263.602, 251.465, 268.658, 251.646, 264.428, 251.305, 252.153, 252.314, 278.523, 268.083, 250.922, 251.879, 266.502, 265.952, 267.185, 267.015, 251.516, 251.115, 267.65, 251.187, 267.123, 252.555, 265.423, 251.298, 266.596, 251.432, 266.32, 252.272, 251.784, 268.209, 251.144, 266.616, 251.73, 251.778, 
Running Threadpool implementation with double the amount of partitions than threads
Time to set up datastructures: 9259.84ms
402.757, 405.084, 403.904, 403.062, 407.419, 406.172, 403.205, 405.999, 406.408, 401.373, 401.65, 403.48, 402.73, 400.323, 403.237, 400.438, 405.755, 403.758, 400.203, 403.991, 402.683, 404.073, 406.855, 402.273, 400.729, 404.169, 402.554, 407.423, 405.055, 403.069, 400.435, 403.699, 402.786, 410.889, 401.323, 401.958, 406.671, 405.767, 408.542, 403.64, 404.351, 405.965, 403.157, 404.705, 400.316, 403.191, 402.401, 405.247, 405.456, 401.842, 406.566, 403.84, 406.358, 403.297, 402.031, 405.553, 403.548, 403.041, 408.216, 400.921, 403.402, 406.589, 405.404, 403.747, 407.461, 405.463, 405.929, 409.472, 409.301, 403.261, 404.189, 405.789, 405.165, 403.648, 402.876, 406.357, 403.778, 404.032, 402.6, 407.067, 404.691, 405.252, 404.797, 404.843, 405.758, 401.785, 403.909, 400.83, 403.773, 400.385, 404.895, 399.944, 404.075, 405.486, 402.499, 403.819, 407.206, 407.008, 404.993, 409.67, 
Time to set up datastructures: 9241.97ms
331.207, 331.513, 335.12, 332.58, 331.946, 332.387, 334.348, 333.04, 334.694, 332.09, 333.353, 332.78, 332.164, 332.768, 332.348, 333.466, 332.3, 331.827, 337.323, 330.059, 335.384, 335.252, 330.641, 334.256, 333.34, 333.821, 332.977, 337.516, 331.93, 334.039, 333.223, 335.26, 332.898, 334.694, 335.154, 333.405, 334.115, 333.527, 331.328, 333.958, 333.629, 333.544, 333.717, 333.176, 331.465, 332.45, 333.132, 335.913, 333.549, 332.693, 335.479, 333.324, 334.209, 332.958, 335.332, 332.441, 333.147, 335.074, 330.213, 334.986, 332.576, 332.089, 331.573, 331.396, 332.874, 334.475, 334.591, 333.28, 334.2, 333.264, 330.982, 335.83, 335.063, 333.693, 333.142, 333.096, 331.503, 335.91, 333.168, 334.388, 330.78, 334.276, 330.441, 334.117, 333.617, 333.258, 334.674, 332.95, 331.537, 332.728, 336.164, 331.179, 333.822, 333.435, 331.186, 334.548, 333.544, 331.671, 336.26, 330.542, 
Time to set up datastructures: 9240.59ms
309.493, 311.577, 309.955, 309.994, 310.202, 308.34, 310.141, 311.879, 311.617, 308.559, 312.372, 311.189, 310.412, 309.394, 309.804, 309.726, 308.892, 310.145, 309.521, 310.038, 310.921, 310.163, 309.227, 308.654, 310.297, 309.104, 310.298, 310.122, 307.994, 308.5, 310.071, 310.555, 308.956, 309.352, 308.556, 310.324, 311.521, 310.175, 309.851, 310.436, 307.934, 310.016, 309.716, 309.312, 310.014, 309.131, 309.159, 309.92, 310.302, 310.939, 310.853, 308.347, 310.125, 308.132, 309.849, 308.193, 310.224, 308.419, 308.989, 310.759, 309.884, 308.751, 309.193, 310.888, 309.077, 310.406, 310.335, 308.178, 310.165, 308.385, 310.07, 309.193, 309.162, 310.456, 310.286, 308.551, 310.395, 308.927, 310.777, 309.783, 309.785, 308.598, 310.246, 308.18, 310.172, 308.328, 309.813, 309.243, 310.751, 310.196, 310.938, 309.779, 309.514, 312.168, 309.284, 309.126, 310.261, 308.523, 308.488, 310.17, 
Time to set up datastructures: 9324.5ms
320.828, 319.158, 318.292, 317.336, 314.728, 315.208, 311.658, 309.978, 307.974, 305.703, 306.161, 303.436, 303.731, 302.877, 297.871, 300.233, 300.454, 297.95, 298.075, 298.27, 299.166, 297.038, 297.199, 297.118, 297.933, 297.799, 298.149, 298.033, 296.856, 298.501, 296.69, 297.341, 298.199, 298.512, 298.004, 296.382, 297.853, 299.755, 300.376, 297.46, 297.532, 299.075, 298.915, 300.217, 297.784, 297.075, 296.41, 296.604, 298.566, 298.041, 298.236, 297.143, 296.659, 299.109, 297.664, 298.668, 296.71, 298.543, 298.487, 297.617, 296.881, 296.852, 298.905, 298.025, 296.211, 297.741, 297.039, 298.342, 298.686, 297.972, 298.223, 297.789, 296.729, 297.323, 296.538, 297.161, 297.963, 296.915, 298.397, 297.821, 297.935, 297.088, 299.543, 297.551, 297.809, 296.123, 296.874, 297.896, 296.795, 299.403, 298.938, 297.985, 296.228, 297.822, 296.905, 299.091, 299.666, 297.299, 296.069, 296.849, 
Time to set up datastructures: 9268.99ms
292.946, 292.428, 292.116, 292.208, 291.224, 291.563, 291.267, 290.566, 291.688, 291.468, 291.194, 291.799, 293.514, 292.272, 290.212, 292.745, 290.19, 291.68, 291.034, 289.777, 292.114, 291.273, 291.158, 291.535, 291.068, 291.686, 290.417, 291.299, 291.109, 291.239, 290.363, 290.289, 291.681, 292.019, 292.259, 293.742, 293.121, 291.976, 289.835, 290.5, 291.012, 291.178, 291.056, 291.135, 289.989, 290.624, 290.007, 291.581, 290.516, 291.916, 291.176, 291.336, 291.017, 290.221, 291.84, 291.286, 292.896, 290.602, 292.6, 292.308, 290.198, 291.375, 290.941, 292.206, 290.784, 293.105, 289.832, 291.194, 289.982, 291.032, 289.863, 291.263, 291.958, 290.743, 291.316, 291.458, 290.947, 291.126, 293.542, 290.813, 293.118, 291.037, 291.685, 290.935, 291.401, 291.62, 291.148, 289.829, 290.493, 292.498, 292.969, 291.339, 291.196, 291.126, 290.555, 290.24, 290.249, 291.24, 291.172, 290.525, 
Time to set up datastructures: 9248.99ms
285.037, 285.223, 287.561, 287.46, 286.432, 286.734, 286.045, 286.516, 285.439, 286.044, 285.05, 286.341, 286.154, 286.124, 286.344, 286.497, 287.56, 286.782, 285.584, 286.963, 286.805, 285.882, 286.16, 286.847, 286.807, 288.107, 287.514, 284.963, 285.746, 286.435, 286.353, 284.948, 288.154, 287.341, 284.927, 286.323, 287.626, 286.874, 286.17, 287.757, 287.235, 286.218, 286.424, 285.007, 287.419, 287.263, 285.124, 287.037, 286.905, 284.984, 288.068, 285.378, 287.484, 285.498, 286.359, 285.711, 285.015, 286.337, 287.937, 286.893, 286.075, 286.104, 288.559, 286.892, 287.851, 287.046, 286.177, 287.323, 286.924, 287.817, 286.94, 286.704, 288.27, 287.111, 285.113, 287.823, 286.634, 287.218, 286.834, 286.059, 287.512, 286.692, 286.03, 288.549, 287.126, 288.903, 286.71, 286.387, 286.641, 286.652, 286.645, 285.073, 285.376, 286.886, 286.376, 286.021, 286.047, 285.181, 286.957, 286.161, 
Time to set up datastructures: 9244.54ms
281.615, 284.101, 283.835, 281.478, 282.84, 283.826, 283.602, 284.035, 283.73, 281.56, 281.989, 283.938, 283.407, 282.66, 282.673, 283.867, 283.625, 282.954, 281.772, 282.533, 283.019, 281.324, 281.337, 282.631, 281.42, 282.784, 282.972, 283.389, 282.745, 284.132, 283.351, 284.382, 283.249, 282.694, 283.353, 282.621, 281.564, 281.53, 281.788, 282.683, 285.444, 283.64, 282.424, 283.19, 281.751, 283.839, 283.901, 281.591, 282.799, 284.474, 283.222, 284.342, 283.397, 281.753, 283.37, 284.12, 283.097, 283.934, 283.173, 283.879, 283.182, 283.084, 282.885, 281.947, 282.502, 284.27, 283.037, 283.924, 283.48, 284.512, 286.284, 283.233, 281.649, 282.526, 282.566, 283.522, 283.069, 281.585, 284.237, 283.843, 281.42, 282.765, 281.64, 282.921, 282.811, 284.168, 283.168, 284.194, 283.111, 281.815, 282.565, 281.549, 281.694, 281.591, 282.717, 282.609, 281.673, 283.329, 282.751, 282.01, 
Time to set up datastructures: 9252.95ms
279.852, 278.776, 279.67, 280.252, 281.296, 279.922, 279.982, 279.054, 280.145, 278.649, 282.03, 281.216, 280.864, 281.408, 278.861, 279.114, 280.245, 280.29, 278.791, 281.24, 279.78, 278.865, 278.953, 279.935, 279.371, 280.568, 280.234, 278.847, 281.704, 280.529, 280.463, 280.768, 280.74, 280.313, 279.235, 280.377, 279.924, 280.235, 279.013, 278.924, 281.269, 279.864, 280.418, 279.951, 280.479, 278.814, 281.421, 280.422, 280.099, 280.024, 280.047, 280.054, 280.357, 279.098, 278.962, 280.552, 280.164, 278.956, 278.807, 280.2, 278.812, 279.972, 279.881, 279.947, 278.827, 280.085, 278.984, 281.596, 280.872, 279.041, 279.818, 279.191, 280.217, 279.941, 281.297, 279.022, 280.186, 280.388, 281.69, 279.094, 280.142, 280.366, 281.445, 280.431, 279.938, 281.398, 280.362, 280.756, 280.989, 278.972, 281.347, 279.838, 281.317, 280.528, 280.037, 280.398, 280.396, 278.822, 279.004, 280.096, 
Time to set up datastructures: 9240.77ms
277.914, 277.482, 277.884, 277.47, 278.641, 278.591, 278.743, 276.363, 277.988, 276.778, 277.555, 279.036, 276.708, 277.787, 277.83, 278.15, 277.616, 279.547, 276.512, 278.672, 276.716, 277.568, 276.92, 276.842, 276.886, 276.371, 276.749, 279.17, 278.511, 278.65, 277.869, 277.845, 277.901, 277.952, 277.863, 276.983, 276.401, 278.12, 277.909, 276.666, 277.745, 277.683, 277.669, 278.195, 277.957, 277.044, 278.211, 279.006, 277.957, 277.653, 277.827, 277.99, 277.995, 278.353, 277.615, 278.962, 277.97, 277.599, 276.306, 278.366, 276.535, 276.563, 276.343, 277.771, 279.136, 278.055, 277.409, 278.062, 277.725, 276.495, 278.736, 279.769, 276.508, 277.456, 278.791, 277.63, 279.37, 277.801, 277.849, 278.835, 277.52, 279.534, 278.85, 277.687, 278.816, 277.66, 277.561, 277.882, 276.459, 276.92, 277.06, 277.665, 278.04, 276.326, 278.097, 281.189, 277.748, 276.702, 276.519, 277.758, 
Time to set up datastructures: 9241.21ms
275.433, 275.072, 276.441, 275.491, 275.959, 274.468, 275.521, 276.718, 276.406, 275.881, 276.644, 275.871, 275.144, 275.442, 276.572, 280.314, 285.348, 275.933, 275.876, 275.223, 276.217, 275.304, 274.885, 276.251, 274.28, 274.022, 275.511, 274.914, 273.845, 276.711, 275.163, 276.749, 275.212, 275.645, 275.218, 275.253, 276.626, 283.308, 275.856, 275.063, 277.214, 275.119, 273.899, 275.898, 275.265, 274.034, 273.993, 275.431, 274.455, 275.239, 277.016, 275.231, 275.764, 275.875, 275.508, 276.421, 275.337, 274.163, 275.353, 276.813, 274.982, 274.224, 275.14, 276.205, 275.436, 276.063, 275.427, 274.947, 274.167, 275.251, 274.965, 276.015, 275.054, 274.118, 275.43, 274.45, 274.342, 275.484, 276.913, 275.972, 276.808, 275.624, 275.122, 276.429, 275.518, 274.416, 274.438, 275.03, 276.304, 275.718, 276.39, 276.453, 275.239, 276.287, 275.532, 275.51, 275.737, 276.236, 276.916, 275.546, 
Time to set up datastructures: 9254.19ms
273.551, 274.644, 275.585, 273.267, 272.708, 275.588, 274.046, 273.782, 273.828, 275.931, 275.064, 274.976, 273.864, 272.794, 273.487, 273.808, 273.459, 273.521, 273.826, 272.573, 272.547, 274.557, 274.752, 273.578, 272.845, 272.487, 273.983, 274.395, 274.162, 272.556, 273.431, 274.06, 275.467, 275.021, 273.535, 273.927, 272.535, 274.908, 274.757, 273.767, 273.748, 274.796, 273.764, 272.814, 273.799, 273.536, 274.277, 273.684, 274.239, 272.935, 273.819, 274.887, 274.583, 272.553, 273.976, 273.959, 273.682, 274.361, 273.64, 273.485, 275.004, 274.138, 273.539, 272.782, 273.562, 273.514, 274.437, 273.708, 273.005, 274.155, 272.541, 272.725, 273.798, 273.709, 273.568, 273.786, 272.418, 273.608, 274.117, 273.859, 272.59, 273.84, 273.466, 273.736, 272.614, 272.749, 277.044, 274.973, 273.744, 274.928, 273.686, 274.655, 273.79, 273.651, 272.571, 274.269, 273.586, 273.073, 272.689, 274.824, 
Time to set up datastructures: 9304.73ms
269.868, 269.674, 270.83, 269.681, 268.802, 268.696, 268.535, 269.617, 270.223, 269.64, 270.996, 268.833, 269.628, 268.822, 269.737, 270.846, 268.989, 270.985, 269.161, 269.605, 268.671, 269.85, 270.576, 269.946, 270.814, 269.671, 269.43, 269.595, 270.185, 270.06, 268.843, 269.784, 270.495, 270.74, 269.628, 271.124, 269.764, 268.798, 268.815, 269.87, 270.466, 269.881, 268.645, 268.641, 269.563, 270.837, 270.983, 269.824, 269.712, 269.992, 268.915, 268.757, 269.734, 268.93, 269.459, 269.587, 268.847, 269.733, 268.815, 270.004, 269.831, 270.375, 269.758, 273.861, 270.14, 269.958, 268.875, 269.619, 270.783, 269.579, 270.387, 269.959, 271.225, 270.641, 269.702, 269.842, 268.649, 268.757, 269.536, 271.143, 270.884, 268.78, 269.935, 270.994, 270.117, 269.011, 271.539, 270.055, 268.925, 268.896, 268.981, 270.19, 269.973, 268.911, 268.719, 268.985, 268.788, 269.706, 270.1, 270.797, 
Time to set up datastructures: 9297.98ms
267.082, 266.944, 268.398, 267.216, 267.603, 267.168, 267.231, 267.286, 268.848, 269.807, 267.369, 266.14, 267.358, 267.649, 268.994, 266.216, 268.409, 267.721, 267.106, 267.258, 267.153, 268.905, 266.113, 267.456, 267.452, 266.385, 266.173, 267.737, 266.368, 267.831, 266.116, 268.417, 266.152, 267.599, 266.415, 267.866, 267.039, 267.537, 267.205, 268.559, 267.156, 267.182, 267.139, 267.676, 267.491, 266.254, 266.24, 266.654, 267.752, 266.403, 267.356, 266.119, 267.165, 266.145, 266.244, 267.003, 267.507, 267.293, 266.527, 266.266, 267.1, 266.314, 267.209, 268.449, 267.689, 267.916, 267.244, 266.287, 265.997, 266.108, 268.526, 268.4, 267.126, 268.525, 267.468, 266.286, 266.952, 267.004, 267.729, 267.077, 267.599, 267.283, 267.861, 267.006, 267.178, 267.31, 267.277, 266.344, 267.194, 269.155, 267.187, 267.188, 267.223, 266.134, 267.116, 266.511, 267.255, 267.233, 266.995, 269.072, 
Running CRSMerge implementation
Time to set up datastructures: 12795.2ms
349.093, 348.961, 350.279, 348.89, 349.285, 348.899, 349.177, 348.932, 348.817, 348.882, 348.907, 349.107, 349.383, 349.337, 348.878, 349.028, 348.936, 348.935, 348.904, 348.858, 349.018, 348.894, 348.826, 349.136, 349.121, 349.174, 348.875, 349.326, 348.968, 349.154, 348.93, 348.837, 349.056, 349, 349.11, 348.948, 349.377, 348.931, 348.977, 349.084, 348.968, 349.099, 349.016, 348.843, 348.892, 348.857, 348.995, 349.432, 350.225, 349.735, 349.542, 349.536, 349.397, 349.229, 349.215, 349.538, 350.142, 350.276, 350.349, 350.593, 349.947, 350.087, 350.042, 349.606, 350.446, 349.851, 350.142, 349.529, 349.803, 349.851, 350.409, 349.994, 350.215, 350.042, 350.112, 349.99, 349.743, 349.621, 349.809, 349.738, 349.787, 349.694, 349.844, 349.561, 350.413, 349.749, 349.071, 349.018, 349.29, 349.64, 349.625, 349.766, 349.688, 349.968, 349.572, 349.131, 349.1, 349.666, 349.798, 349.5, 
Time to set up datastructures: 10464.1ms
273.915, 274.303, 273.881, 273.618, 273.787, 273.5, 273.771, 273.433, 274.55, 273.971, 273.748, 273.929, 273.748, 273.573, 273.905, 274.039, 274.109, 273.568, 273.556, 273.832, 274.178, 274.136, 273.53, 274.388, 273.797, 273.615, 273.581, 273.92, 274.558, 274.22, 274.547, 274.398, 274.788, 274.457, 274.828, 274.517, 273.97, 273.999, 274.652, 274.131, 274.295, 274.876, 274.502, 274.617, 274.504, 276.182, 273.987, 274.335, 274.033, 274.028, 274.119, 274.3, 274.609, 274.317, 274.82, 274.828, 274.49, 274.715, 274.292, 274.754, 274.375, 273.631, 273.594, 273.821, 273.524, 273.718, 273.426, 273.711, 273.874, 273.563, 273.601, 273.445, 273.693, 273.538, 274.456, 274.436, 273.643, 273.949, 273.907, 273.732, 273.403, 273.544, 273.734, 273.92, 273.701, 273.562, 273.616, 273.741, 274.028, 273.822, 273.734, 273.508, 274.033, 273.64, 274.084, 273.527, 273.742, 273.784, 273.895, 273.642, 
Time to set up datastructures: 14722.2ms
252.88, 253.17, 253.058, 253.218, 253.293, 253.426, 253.289, 253.337, 253.13, 253.286, 253.232, 253.249, 253.19, 253.182, 253.226, 253.356, 252.921, 253.278, 253.041, 253.329, 253.332, 253.221, 253.366, 253.2, 252.953, 253.499, 253.159, 253.2, 253.232, 253.302, 253.329, 253.276, 253.229, 253.384, 253.307, 253.269, 253.149, 253.087, 253.196, 253.004, 253.149, 253.028, 253.02, 253.229, 253.191, 253.375, 253.153, 252.896, 253.077, 253.09, 253.046, 253.077, 253.002, 253.073, 253.155, 252.924, 253.114, 253.014, 253.009, 253.083, 253.083, 253.187, 253.047, 252.855, 253.219, 252.992, 253.099, 253.062, 253.483, 253.113, 253.203, 253.328, 253.107, 253.011, 253.208, 253.138, 253.183, 253.034, 253.116, 252.886, 253.067, 252.997, 253.118, 253.143, 253.373, 253.067, 253.156, 252.871, 253.114, 252.977, 253.213, 253.114, 253.169, 253.112, 253.109, 252.905, 253.099, 253.01, 253.172, 253.066, 
Time to set up datastructures: 13785.7ms
241.781, 241.717, 241.726, 241.601, 241.585, 241.71, 241.701, 241.651, 242.064, 241.82, 241.754, 241.698, 241.664, 241.817, 241.629, 241.711, 241.759, 241.669, 241.823, 241.852, 241.71, 241.761, 241.715, 241.793, 241.728, 241.615, 241.645, 241.682, 241.518, 241.58, 248.984, 241.903, 241.582, 241.628, 241.571, 241.703, 241.585, 241.568, 241.623, 241.829, 241.686, 241.584, 241.594, 241.583, 241.621, 241.517, 241.612, 245.563, 241.495, 241.49, 241.603, 241.602, 241.558, 241.537, 241.649, 241.557, 241.65, 241.546, 241.499, 241.673, 241.583, 241.508, 241.523, 241.5, 241.582, 241.61, 241.53, 241.632, 241.577, 241.556, 241.619, 241.617, 241.618, 241.627, 241.636, 241.497, 241.584, 241.605, 241.473, 241.607, 241.544, 241.462, 241.55, 241.701, 241.58, 241.573, 241.536, 241.593, 241.576, 241.666, 241.558, 241.605, 241.598, 241.557, 241.553, 241.547, 241.608, 241.575, 241.452, 241.607, 
Time to set up datastructures: 14549.8ms
234.067, 234.205, 234.119, 234.058, 234.108, 234.254, 234.102, 234.115, 234.085, 234.077, 234.017, 233.997, 234.151, 233.951, 234.019, 234.144, 233.919, 233.932, 235.413, 233.969, 233.931, 234.066, 233.965, 233.967, 233.901, 233.921, 233.878, 233.825, 233.931, 233.896, 233.912, 234.018, 233.921, 234.125, 234.004, 234.086, 233.868, 233.963, 233.847, 233.961, 233.912, 233.932, 234.015, 233.908, 233.879, 233.898, 233.872, 233.926, 233.996, 233.925, 233.834, 233.989, 234.038, 233.9, 233.891, 233.885, 234.101, 234.081, 233.974, 233.946, 233.862, 233.892, 233.889, 233.956, 234.019, 234.025, 233.972, 233.901, 233.951, 234.012, 233.82, 233.921, 233.961, 233.916, 234.066, 233.904, 233.996, 233.953, 233.833, 233.934, 233.929, 233.861, 233.965, 233.908, 233.911, 233.979, 234.105, 233.887, 234.006, 233.906, 233.92, 234.02, 233.931, 234.015, 233.898, 233.882, 233.851, 234.041, 234.025, 233.974, 
Time to set up datastructures: 15005.7ms
229.807, 229.808, 229.778, 229.677, 229.807, 229.726, 229.67, 229.694, 229.675, 229.733, 229.922, 229.7, 229.844, 229.698, 229.849, 229.675, 229.728, 230.121, 229.757, 229.448, 229.853, 229.818, 229.727, 229.796, 229.695, 229.719, 229.669, 229.691, 229.727, 229.735, 229.777, 229.873, 229.754, 229.714, 229.704, 229.697, 229.821, 229.689, 229.759, 229.705, 229.695, 229.665, 229.771, 229.736, 229.67, 229.727, 229.69, 229.818, 229.725, 229.818, 229.663, 229.713, 229.738, 229.727, 229.675, 229.698, 229.73, 229.627, 230.147, 229.701, 229.699, 229.735, 229.795, 229.713, 229.718, 229.782, 229.82, 229.688, 229.698, 229.71, 229.686, 229.773, 229.732, 229.664, 229.8, 230.052, 229.679, 229.65, 229.752, 229.677, 229.771, 229.938, 229.73, 229.766, 229.808, 229.786, 229.699, 229.707, 229.709, 229.752, 229.688, 229.809, 229.671, 229.672, 229.7, 229.752, 229.711, 229.792, 229.731, 229.748, 
Time to set up datastructures: 14625.7ms
227.698, 230.195, 227.711, 227.651, 227.774, 227.721, 227.626, 227.742, 227.762, 227.725, 227.756, 227.697, 227.856, 227.808, 227.724, 227.652, 227.657, 227.79, 227.717, 227.684, 227.666, 227.879, 227.673, 227.658, 227.665, 227.742, 227.683, 227.701, 227.665, 227.694, 227.895, 227.862, 227.616, 227.675, 227.654, 227.615, 227.711, 227.614, 227.655, 227.716, 227.778, 227.69, 227.675, 227.647, 227.672, 227.685, 227.705, 227.691, 227.77, 227.813, 227.59, 227.749, 227.685, 227.906, 227.666, 227.692, 227.719, 227.72, 227.698, 227.598, 227.788, 227.67, 227.728, 227.72, 227.709, 227.725, 227.794, 227.726, 227.629, 227.712, 227.648, 227.763, 227.675, 227.638, 227.8, 227.72, 227.776, 227.604, 227.723, 227.681, 227.72, 227.712, 227.666, 227.724, 227.857, 227.637, 227.612, 227.634, 227.642, 227.668, 227.688, 227.637, 227.693, 227.665, 227.685, 227.787, 227.66, 227.678, 227.68, 227.753, 
Time to set up datastructures: 15668.8ms
226.62, 226.506, 226.602, 226.6, 226.633, 226.617, 226.555, 226.651, 226.655, 227.183, 227.862, 226.529, 226.75, 226.596, 226.562, 226.526, 226.568, 226.625, 226.602, 226.579, 226.549, 226.597, 226.537, 226.595, 226.524, 226.55, 226.636, 226.795, 226.622, 226.515, 226.557, 226.507, 226.628, 226.535, 226.551, 226.591, 226.539, 226.616, 226.538, 226.53, 226.511, 226.58, 226.523, 226.524, 226.616, 226.719, 226.537, 226.572, 226.54, 226.903, 226.57, 226.559, 226.793, 226.584, 226.607, 226.496, 226.66, 226.559, 226.603, 226.646, 226.503, 226.6, 226.676, 226.715, 226.533, 226.575, 226.485, 226.607, 226.58, 226.521, 226.652, 226.569, 226.529, 226.515, 226.588, 226.491, 226.555, 226.569, 226.577, 226.625, 226.722, 226.553, 226.589, 226.525, 226.604, 226.656, 226.577, 226.617, 226.552, 226.532, 226.542, 226.558, 226.629, 226.583, 226.618, 226.6, 226.534, 226.591, 226.768, 226.576, 
Time to set up datastructures: 14882.9ms
225.92, 225.884, 225.807, 226.059, 225.893, 226.149, 225.899, 225.893, 225.992, 226.034, 225.862, 225.804, 226.405, 225.841, 225.884, 225.961, 225.912, 226.058, 225.872, 225.823, 225.853, 225.927, 225.794, 225.839, 225.819, 225.799, 226.247, 226.058, 225.855, 225.95, 226.048, 226.091, 225.896, 225.832, 225.852, 226.288, 225.856, 225.898, 226.008, 226.075, 225.904, 225.836, 225.85, 225.872, 226.03, 226.031, 225.823, 225.942, 225.911, 225.887, 225.885, 226.017, 225.903, 226.149, 226.406, 225.864, 226.197, 225.906, 225.86, 225.89, 227.796, 226.224, 226.116, 225.94, 225.842, 225.951, 225.847, 225.961, 225.845, 226.04, 226.149, 226.442, 225.827, 225.846, 226.001, 225.876, 225.831, 226.402, 226.085, 225.959, 226.091, 225.873, 226.009, 225.931, 225.856, 225.922, 225.863, 225.866, 226.029, 225.895, 225.857, 225.879, 226.122, 225.944, 225.912, 225.977, 225.884, 225.995, 227.854, 225.982, 
Time to set up datastructures: 14732.7ms
225.027, 225.032, 224.874, 224.959, 225.009, 225.216, 224.866, 224.898, 224.856, 225.062, 225.228, 224.865, 225.152, 225.524, 224.987, 224.903, 224.871, 224.995, 225.574, 224.932, 224.862, 225.079, 225.042, 224.879, 224.875, 224.845, 224.972, 225.466, 225.768, 224.842, 225.198, 225.152, 224.978, 224.898, 225.063, 225.098, 225.141, 224.951, 224.859, 225.295, 225.044, 224.939, 224.871, 224.927, 224.865, 225.163, 225.215, 224.866, 224.999, 224.986, 225.587, 224.942, 224.982, 224.997, 225.107, 224.889, 224.849, 225.467, 225.091, 225.228, 224.97, 224.88, 225.125, 225.343, 224.966, 224.869, 225.374, 224.922, 224.921, 224.869, 224.861, 224.94, 225.175, 224.896, 225.181, 225.28, 224.938, 224.919, 224.877, 224.857, 225.123, 225.427, 224.953, 224.943, 225.044, 224.903, 224.984, 225.14, 224.865, 225.104, 224.946, 225.039, 224.851, 225.137, 224.972, 225.001, 224.869, 224.956, 225.14, 225.223, 
Time to set up datastructures: 14620.9ms
225.337, 225.322, 225.383, 225.331, 225.35, 225.318, 225.461, 225.428, 225.13, 225.308, 225.358, 225.34, 226.708, 225.407, 225.384, 225.424, 225.326, 225.176, 225.287, 225.412, 225.318, 225.279, 225.286, 225.315, 225.449, 225.341, 225.146, 225.286, 225.409, 225.428, 225.339, 225.42, 225.307, 225.396, 225.316, 225.124, 225.315, 225.406, 225.452, 225.27, 225.365, 225.387, 225.389, 225.345, 225.107, 225.262, 225.344, 225.502, 225.304, 225.282, 225.321, 225.589, 225.537, 225.33, 225.378, 225.425, 225.325, 225.309, 225.29, 225.497, 225.448, 225.257, 225.2, 225.431, 225.386, 225.43, 225.314, 225.258, 225.31, 225.612, 225.289, 225.122, 225.311, 225.454, 225.335, 225.347, 225.302, 225.411, 225.409, 225.189, 225.207, 225.31, 225.398, 225.406, 225.325, 225.468, 225.36, 225.437, 225.192, 225.232, 225.304, 225.366, 225.401, 225.254, 225.29, 225.363, 225.436, 225.122, 225.297, 225.377, 
Time to set up datastructures: 14959ms
223.169, 223.143, 223.067, 223.084, 223.071, 223.099, 223.146, 223.305, 223.11, 223.144, 223.241, 223.079, 223.22, 223.063, 223.058, 223.167, 223.119, 223.18, 223.17, 223.059, 223.101, 223.025, 223.057, 223.043, 223.085, 223.213, 223.114, 223.16, 223.07, 223.297, 223.151, 223.087, 223.18, 223.004, 223.071, 223.061, 223.102, 223.096, 223.038, 223.055, 223.071, 223.063, 223.045, 223.115, 223.067, 223.187, 223.162, 223.134, 223.094, 223.035, 223.054, 223.146, 223.072, 223.074, 223.045, 223.099, 223.073, 223.494, 223.074, 223.222, 223.101, 223.062, 223.091, 227.384, 223.201, 223.133, 223.175, 223.035, 223.112, 223.084, 226.325, 223.121, 223.185, 223.14, 223.544, 223.1, 223.054, 223.069, 223.06, 223.093, 223.122, 223.259, 223.084, 223.221, 223.094, 223.135, 223.027, 223.048, 223.097, 223.091, 223.178, 223.077, 223.171, 223.194, 223.222, 223.202, 223.207, 223.186, 223.504, 223.151, 
Time to set up datastructures: 14714.7ms
222.236, 222.287, 222.301, 222.25, 222.293, 222.342, 222.255, 222.229, 222.518, 222.287, 222.263, 222.319, 222.258, 222.454, 222.396, 222.345, 222.276, 222.467, 222.261, 222.233, 222.354, 222.236, 222.545, 222.326, 222.241, 222.211, 222.24, 222.253, 222.259, 222.266, 222.442, 222.69, 222.445, 222.288, 222.251, 222.286, 222.253, 222.312, 222.287, 222.298, 222.247, 222.37, 222.421, 222.24, 222.314, 222.284, 222.19, 222.294, 222.22, 222.277, 222.419, 222.334, 222.27, 222.357, 222.266, 222.405, 222.261, 222.29, 222.312, 222.323, 222.333, 226.184, 222.535, 222.248, 222.285, 222.421, 222.537, 222.296, 222.49, 222.361, 222.231, 222.225, 222.272, 222.285, 222.363, 222.32, 222.323, 222.377, 222.332, 222.198, 222.247, 222.226, 222.235, 222.224, 222.259, 222.381, 222.514, 222.45, 222.396, 222.515, 222.456, 222.354, 222.496, 222.378, 222.489, 222.584, 222.405, 222.335, 222.836, 222.471, 
Running CSB implementation
Time to set up datastructures: 15852ms
307.578, 307.609, 307.559, 307.364, 307.432, 308.492, 307.552, 307.435, 307.372, 307.41, 307.382, 307.405, 307.585, 307.234, 307.578, 307.35, 307.563, 307.582, 307.93, 307.52, 307.365, 307.482, 307.468, 307.493, 307.528, 307.693, 307.496, 307.468, 307.358, 307.473, 307.347, 308.006, 307.412, 307.453, 307.696, 307.678, 307.482, 307.456, 307.557, 307.317, 307.614, 307.252, 307.469, 307.509, 307.953, 307.263, 309.117, 307.39, 307.562, 307.492, 308.081, 308.281, 308.022, 307.967, 308.229, 307.729, 307.685, 308.025, 308.134, 307.575, 307.601, 307.675, 307.547, 308.065, 308.059, 307.946, 308.293, 307.891, 308.102, 307.519, 308.412, 307.829, 307.775, 308.219, 307.888, 308.071, 308.348, 307.917, 307.778, 307.431, 307.656, 307.391, 307.427, 308.14, 307.421, 307.354, 307.597, 307.403, 307.472, 307.392, 307.787, 307.616, 307.399, 307.542, 307.344, 307.281, 307.942, 307.805, 307.424, 307.569, 
Time to set up datastructures: 15673.9ms
234.09, 234.981, 235.275, 235.026, 235.114, 234.427, 234.388, 234.185, 235.037, 233.999, 234.583, 235.221, 234.783, 234.418, 235.465, 234.057, 234.064, 235.284, 235.323, 235.535, 235.108, 235.866, 236.212, 234.933, 235.345, 235.603, 234.753, 234.278, 235.86, 235.173, 234.697, 235.041, 235.563, 234.972, 235.379, 235.464, 235.193, 235.055, 235.739, 234.566, 234.72, 234.606, 235.734, 234.532, 234.998, 235.022, 235.318, 235.062, 235.549, 235.02, 234.974, 235.793, 234.968, 235.23, 235.922, 234.317, 234.871, 234.729, 234.107, 234.593, 233.937, 234.403, 234.257, 234.711, 234.592, 234.437, 234.666, 234.526, 234.414, 234.619, 234.766, 234.618, 234.384, 233.938, 234.312, 234.642, 234.205, 234.564, 234.093, 233.709, 234.566, 234.871, 234.439, 234.488, 234.189, 234.289, 234.415, 233.869, 235.169, 235.297, 233.833, 234.937, 235.089, 234.8, 235.043, 234.023, 234.351, 234.261, 234.554, 234.412, 
Time to set up datastructures: 17947.7ms
205.792, 205.979, 205.333, 205.773, 205.476, 205.842, 205.706, 205.854, 205.82, 205.75, 205.777, 205.896, 205.704, 205.962, 205.865, 205.796, 205.933, 205.744, 205.226, 205.688, 205.75, 205.667, 205.84, 206.12, 206.095, 205.765, 205.902, 205.839, 205.751, 205.873, 205.77, 205.707, 205.67, 205.655, 205.66, 205.7, 205.641, 206.671, 206.014, 205.691, 206.186, 205.631, 205.78, 205.825, 205.748, 205.644, 205.629, 205.651, 205.497, 205.723, 205.64, 205.284, 205.655, 205.771, 205.568, 205.704, 205.599, 205.297, 205.36, 205.661, 205.648, 205.447, 205.795, 205.668, 205.703, 207.488, 205.294, 205.543, 205.647, 205.658, 205.523, 205.636, 205.58, 205.854, 205.623, 206.981, 205.801, 205.397, 205.541, 205.891, 205.777, 205.562, 205.779, 205.855, 205.772, 205.291, 205.766, 205.429, 205.828, 205.592, 207.155, 205.476, 206.104, 205.632, 205.769, 205.838, 205.617, 205.48, 205.998, 205.769, 
Time to set up datastructures: 18526.7ms
190.38, 189.946, 189.936, 190.035, 190.076, 189.962, 190.512, 189.95, 190.866, 190.115, 189.894, 190.078, 190.006, 189.928, 190.02, 189.977, 190.022, 190.36, 189.888, 190.044, 190.36, 189.963, 190.014, 190.359, 189.98, 190.368, 190.257, 190.003, 190.033, 190.261, 190.061, 189.933, 190.034, 190.07, 190.285, 189.918, 190.238, 189.946, 190.386, 190.057, 191.217, 190.05, 189.873, 190.253, 190.23, 190.027, 189.944, 190.093, 189.941, 190.164, 190.394, 190.361, 189.97, 190.044, 189.949, 190.022, 190.078, 189.988, 190.059, 190.004, 190.169, 190.481, 190.529, 190.025, 190.491, 190.017, 190.068, 191.016, 192.086, 190.037, 190.375, 189.987, 190.65, 190.257, 190.202, 190.11, 190.621, 189.99, 190.582, 189.936, 189.825, 190.037, 190.089, 190.474, 189.942, 189.938, 190.367, 190.058, 189.956, 190.141, 190.397, 190.034, 189.983, 190.315, 190.084, 190.331, 190.042, 189.926, 190.049, 189.863, 
Time to set up datastructures: 19633.3ms
182.632, 182.654, 182.569, 182.752, 182.485, 184.052, 182.742, 182.732, 184.012, 182.801, 182.505, 182.612, 182.847, 182.7, 182.755, 182.759, 182.794, 182.617, 182.8, 182.76, 182.621, 182.728, 182.856, 182.589, 182.657, 182.732, 182.696, 182.659, 182.837, 182.652, 182.596, 182.846, 182.654, 182.567, 182.634, 182.67, 182.692, 182.73, 183.97, 182.746, 182.853, 182.74, 182.818, 182.681, 182.459, 182.719, 182.581, 182.245, 182.27, 182.411, 182.634, 182.673, 182.806, 182.444, 182.652, 182.795, 182.687, 183.015, 182.855, 182.645, 182.647, 182.641, 182.882, 182.676, 182.735, 182.577, 182.578, 182.682, 182.349, 182.734, 182.503, 182.421, 182.896, 182.893, 182.506, 182.537, 182.795, 182.461, 182.721, 182.641, 182.58, 182.65, 182.608, 182.76, 182.732, 182.412, 182.647, 182.844, 182.527, 182.766, 182.795, 182.856, 182.687, 182.714, 182.544, 182.581, 182.757, 182.327, 182.694, 182.582, 
Time to set up datastructures: 19952.8ms
179.504, 179.524, 179.5, 179.396, 179.757, 179.638, 179.412, 179.411, 179.396, 179.341, 179.476, 179.488, 179.358, 179.75, 179.593, 179.754, 179.344, 179.519, 179.691, 179.539, 179.429, 179.461, 179.325, 179.5, 179.413, 179.519, 179.129, 179.549, 179.487, 179.53, 179.258, 179.408, 179.69, 179.481, 179.478, 179.633, 179.609, 179.558, 179.588, 179.364, 179.482, 179.532, 179.721, 179.703, 179.484, 179.383, 179.529, 179.329, 179.29, 179.517, 179.404, 179.609, 179.354, 179.521, 179.455, 179.552, 179.577, 179.454, 179.615, 179.548, 179.482, 179.346, 179.625, 179.385, 179.468, 179.538, 179.357, 179.279, 179.681, 179.481, 179.359, 179.719, 179.589, 179.518, 179.289, 179.584, 179.385, 179.265, 179.406, 179.36, 179.558, 179.473, 179.403, 179.529, 179.54, 179.417, 179.358, 179.473, 179.38, 179.434, 179.565, 179.478, 179.276, 180.069, 179.325, 179.504, 179.7, 179.397, 179.383, 179.376, 
Time to set up datastructures: 19937.8ms
177.53, 177.031, 177.181, 177.072, 177.106, 177.066, 177.023, 177.395, 176.973, 177.091, 177.061, 177.081, 176.901, 177.022, 176.991, 176.909, 177.034, 177.008, 176.96, 177.002, 177.01, 177.12, 177.043, 176.749, 176.991, 177.086, 176.981, 177.032, 177.28, 176.946, 176.987, 177.261, 177.136, 177.071, 177.374, 176.992, 176.855, 177.264, 177.116, 177.33, 177.011, 177.066, 177.223, 176.924, 176.979, 176.881, 176.964, 176.995, 177.26, 177.02, 176.992, 177.023, 177.139, 177.167, 177.21, 177.01, 176.946, 177.146, 177.129, 177.227, 177.077, 176.98, 177.363, 177.106, 177.164, 177.023, 177.034, 177.057, 177.033, 176.984, 177.071, 177.08, 177.007, 176.989, 176.928, 177.257, 176.823, 177.094, 177.021, 177.182, 177.142, 177.068, 177.159, 177.144, 177.112, 176.917, 177.12, 176.968, 177.073, 176.878, 176.877, 176.939, 177.094, 177.061, 177.021, 176.99, 177.172, 177.048, 177.149, 177.108, 
Time to set up datastructures: 20901.6ms
176.491, 175.889, 175.756, 175.719, 176.053, 175.65, 175.69, 175.69, 176.328, 175.359, 175.344, 175.606, 175.813, 175.656, 175.679, 175.654, 175.76, 175.86, 175.641, 175.761, 175.947, 175.73, 175.843, 175.734, 175.822, 175.889, 176.007, 175.668, 175.83, 175.602, 175.551, 175.523, 175.919, 175.897, 175.887, 175.602, 175.832, 175.605, 175.663, 175.608, 175.584, 175.623, 175.87, 175.715, 175.537, 175.917, 175.405, 175.735, 175.765, 175.563, 175.488, 175.706, 175.633, 175.704, 175.661, 175.614, 175.663, 175.434, 175.631, 175.949, 175.72, 175.373, 175.813, 175.324, 175.523, 175.537, 175.653, 175.751, 175.652, 175.506, 175.468, 175.671, 175.495, 175.653, 175.677, 175.491, 175.803, 175.758, 175.56, 175.742, 175.743, 175.678, 175.72, 175.348, 175.67, 175.783, 176.168, 175.691, 175.475, 175.776, 175.808, 175.715, 175.879, 175.494, 175.78, 175.726, 175.872, 175.813, 175.591, 175.761, 
Time to set up datastructures: 20337ms
178.033, 178.218, 178.164, 178.062, 177.921, 178.184, 178.162, 178.075, 178.061, 177.997, 178.395, 178.021, 178.412, 178.207, 177.916, 178.244, 178.21, 178.405, 178.322, 178.568, 178.262, 177.967, 178.191, 178.304, 178.232, 178.233, 178.204, 178.125, 178.414, 178.006, 178.121, 177.941, 177.752, 177.919, 178.045, 178.273, 177.581, 177.943, 178.318, 178.37, 177.85, 178.268, 177.944, 177.982, 178.416, 178.227, 178.152, 178.565, 177.986, 178.017, 178.153, 178.12, 178.304, 178.154, 178.307, 177.942, 178.507, 177.9, 178.313, 178.393, 178.316, 178.214, 178.159, 178.26, 178.306, 178.324, 178.268, 178.406, 177.63, 178.171, 178.275, 177.944, 178.242, 177.972, 178.128, 178.096, 177.881, 178.195, 178.383, 178.434, 178.158, 177.97, 178.272, 178.124, 177.956, 178.234, 178.008, 178.07, 178.219, 177.945, 177.942, 178.791, 178.111, 178.132, 177.854, 178.091, 178.103, 178.316, 178.304, 178.469, 
Time to set up datastructures: 20238.5ms
179.7, 179.473, 179.447, 179.211, 179.224, 179.901, 179.461, 179.22, 179.362, 178.823, 179.313, 179.438, 179.667, 179.308, 179.519, 179.443, 179.736, 179.411, 179.681, 179.248, 179.118, 179.426, 179.437, 179.415, 179.719, 179.466, 179.345, 179.868, 179.43, 179.953, 179.491, 179.332, 179.365, 179.343, 179.511, 179.117, 179.427, 179.494, 179.355, 179.3, 179.593, 179.681, 179.418, 179.611, 179.368, 179.176, 179.247, 179.546, 179.787, 179.543, 179.418, 179.532, 179.455, 179.123, 179.808, 179.81, 179.886, 179.457, 179.645, 179.423, 179.246, 179.354, 180.338, 182.248, 201.86, 191.542, 190.944, 194.104, 188.27, 190.211, 192.504, 193.025, 190.262, 189.108, 190.209, 189.278, 189.251, 189.467, 189.307, 189.434, 180.166, 179.763, 182.628, 181.866, 179.807, 179.408, 179.841, 179.477, 179.167, 179.335, 179.296, 181.154, 179.911, 179.849, 179.56, 179.957, 179.575, 179.511, 179.383, 179.738, 
Time to set up datastructures: 20286.1ms
180.724, 180.626, 180.584, 180.18, 180.62, 181.105, 180.241, 180.437, 180.747, 180.479, 180.772, 180.341, 180.438, 180.706, 180.824, 180.617, 180.76, 180.661, 180.78, 180.948, 180.925, 180.135, 181.075, 180.82, 180.519, 181.175, 180.658, 180.584, 180.271, 179.952, 180.222, 182.271, 180.69, 180.451, 180.763, 180.42, 180.502, 181.002, 180.071, 181.028, 180.637, 180.011, 180.571, 180.661, 180.89, 180.545, 180.46, 180.896, 180.694, 180.878, 180.268, 180.64, 180.568, 180.523, 180.231, 180.917, 180.612, 180.978, 180.885, 180.752, 180.241, 181.029, 180.729, 180.479, 180.776, 180.586, 180.762, 180.793, 180.521, 180.681, 180.333, 180.138, 180.77, 180.457, 180.384, 180.785, 180.477, 180.243, 180.669, 180.668, 180.593, 181.001, 180.457, 180.602, 180.644, 180.465, 180.82, 180.563, 180.256, 183.695, 180.583, 180.92, 180.404, 180.578, 180.735, 180.295, 180.386, 180.83, 180.682, 180.846, 
Time to set up datastructures: 20418.6ms
182.542, 182.046, 182.559, 182.379, 182.182, 182.455, 182.357, 182.435, 182.242, 182.275, 182.33, 182.256, 182.454, 182.126, 182.092, 182.272, 181.963, 181.923, 182.14, 182.211, 182.201, 182.348, 182.308, 182.155, 182.579, 182.191, 182.272, 182.381, 182.043, 182.159, 182.132, 182.249, 182.188, 182.566, 182.366, 182.01, 182.306, 182.115, 182.305, 182.222, 181.944, 182.85, 182.422, 182.308, 182.089, 182.361, 182.159, 182.501, 182.26, 182.287, 182.375, 182.545, 182.43, 182.204, 182.355, 182.327, 182.726, 182.349, 182.057, 182.168, 182.213, 182.075, 182.166, 182.323, 182.28, 181.806, 182.298, 182.047, 181.892, 182.088, 182.202, 182.568, 182.325, 181.908, 182.267, 182.158, 182.111, 182.103, 181.898, 182.21, 182.339, 181.769, 182.56, 182.032, 182.05, 182.152, 182.242, 182.301, 182.061, 182.093, 182.104, 182.313, 182.117, 182.224, 182.53, 181.887, 182.476, 182.324, 182.263, 182.165, 
Time to set up datastructures: 20568.9ms
181.783, 181.649, 181.21, 181.383, 181.703, 181.678, 181.667, 181.69, 181.284, 181.898, 181.653, 181.71, 181.967, 181.311, 181.868, 181.714, 181.815, 181.696, 181.473, 181.712, 181.332, 181.79, 181.509, 181.645, 181.47, 182.004, 181.702, 181.453, 181.703, 181.46, 181.649, 181.444, 181.739, 181.485, 181.723, 181.322, 181.814, 181.362, 181.73, 181.432, 181.9, 181.782, 181.871, 182.026, 182.028, 181.616, 181.965, 181.548, 181.787, 182.073, 182.117, 181.378, 181.696, 181.443, 181.284, 181.703, 182.141, 181.836, 181.735, 181.631, 181.835, 181.745, 181.533, 181.365, 181.711, 181.574, 181.746, 181.89, 181.63, 181.602, 181.892, 181.959, 181.708, 181.613, 181.602, 181.421, 182.068, 181.565, 182.01, 181.704, 181.773, 181.579, 181.514, 181.515, 181.639, 182.434, 181.982, 181.564, 181.694, 181.71, 182.144, 181.465, 181.865, 181.308, 181.89, 181.792, 181.543, 182.015, 181.334, 181.514, 
Running BlockCOH implementation
Time to set up datastructures: 25102.3ms
322.97, 323.08, 323.063, 323.448, 323.492, 322.99, 323.342, 323.062, 323, 323.052, 323.19, 323.085, 323.069, 323.137, 322.979, 322.932, 323.264, 323.486, 323.352, 323.433, 323.306, 323.051, 322.952, 323.001, 323.307, 323.216, 323.144, 322.906, 322.817, 323.414, 322.896, 323.043, 323.094, 322.896, 323.171, 323.271, 323.071, 322.947, 322.949, 322.961, 323.051, 323.164, 323.054, 322.98, 323.169, 322.966, 323.039, 322.851, 323.11, 323.082, 323.12, 323.072, 322.926, 323.043, 323.079, 323.102, 322.96, 322.91, 323.07, 322.931, 323.106, 323.023, 323.173, 322.885, 322.788, 323.023, 323.178, 322.933, 322.986, 322.984, 322.908, 323.031, 322.972, 322.973, 323.125, 322.932, 322.996, 322.918, 323.268, 323.043, 322.937, 322.996, 323.151, 323.223, 323.145, 323.095, 323.282, 322.955, 323.104, 323.145, 322.932, 323.188, 323.174, 322.874, 323.15, 322.94, 323.108, 322.867, 323.046, 323.239, 
Time to set up datastructures: 20968.4ms
258.225, 257.873, 257.587, 257.689, 257.921, 259.473, 257.72, 258.391, 257.841, 257.982, 257.737, 257.695, 257.654, 257.739, 257.711, 258.07, 257.919, 257.9, 257.693, 257.824, 258.484, 257.791, 257.757, 257.935, 257.992, 257.709, 257.543, 257.627, 257.553, 257.787, 258.142, 257.775, 258.189, 257.673, 257.96, 257.917, 258.206, 257.864, 258.263, 258.257, 258.098, 257.653, 257.587, 257.555, 257.997, 257.904, 258.447, 257.984, 257.802, 257.561, 257.818, 258.433, 257.687, 257.665, 258.068, 258.238, 257.788, 257.738, 257.747, 257.796, 257.704, 257.954, 257.945, 258.028, 257.783, 257.652, 257.919, 258.131, 257.732, 257.994, 257.682, 258.019, 257.665, 257.719, 257.63, 257.713, 257.715, 258.067, 258.016, 257.939, 257.598, 257.761, 258.459, 257.683, 257.902, 258.552, 258.116, 257.595, 257.553, 258.212, 257.622, 257.61, 258.018, 258.095, 257.853, 257.782, 257.686, 257.932, 258.342, 257.806, 
Time to set up datastructures: 18714.8ms
245.537, 245.4, 245.579, 245.314, 245.368, 244.944, 245.43, 245.324, 245.648, 245.49, 245.52, 245.629, 245.528, 245.093, 245.429, 245.442, 245.832, 245.422, 245.555, 245.526, 245.397, 245.188, 246.678, 245.353, 245.531, 245.332, 245.449, 245.409, 245.306, 245.359, 245.103, 245.382, 245.561, 245.383, 245.471, 245.415, 245.617, 245.371, 245.452, 245.361, 245.484, 245.451, 245.51, 245.511, 245.451, 245.469, 245.145, 245.39, 245.363, 245.482, 245.333, 245.319, 245.634, 245.511, 245.015, 245.338, 245.487, 246.706, 245.345, 245.44, 245.569, 245.439, 245.204, 245.36, 245.213, 245.359, 245.352, 245.451, 245.439, 245.36, 245.318, 245.111, 245.897, 245.64, 245.5, 245.488, 245.512, 245.399, 245.484, 245.147, 245.479, 245.488, 245.252, 245.467, 245.548, 245.259, 245.373, 245.04, 245.268, 245.436, 245.582, 245.588, 245.471, 245.465, 245.68, 245.165, 245.373, 245.394, 245.354, 245.359, 
Time to set up datastructures: 19606.4ms
228.706, 230.007, 228.779, 228.619, 228.662, 228.714, 228.552, 228.601, 228.613, 228.656, 228.555, 228.716, 228.817, 228.728, 228.685, 228.511, 228.676, 228.573, 228.74, 228.629, 228.691, 228.492, 228.609, 228.533, 228.679, 228.697, 228.715, 228.497, 228.499, 228.583, 228.712, 228.821, 228.763, 228.579, 228.613, 228.814, 228.492, 228.573, 228.625, 228.591, 228.59, 228.573, 228.55, 228.575, 228.705, 228.554, 228.517, 228.604, 228.635, 228.734, 228.638, 228.584, 228.557, 228.854, 228.536, 228.844, 228.606, 228.547, 228.689, 228.54, 228.65, 228.649, 228.655, 228.5, 228.953, 228.673, 241.421, 242.716, 235.751, 239.559, 239.457, 269.89, 241.828, 247.453, 252.583, 244.282, 241.08, 241.39, 246.77, 240.823, 251.388, 244.352, 238.669, 235.027, 235.237, 235.061, 234.794, 234.961, 245.88, 229.184, 229.004, 229.377, 229.225, 229.24, 229.095, 236.545, 229.189, 229.09, 229.443, 229.071, 
Time to set up datastructures: 20732.5ms
237.202, 240.371, 234.301, 227.949, 232.331, 242.102, 247.862, 249.659, 238.154, 227.777, 226.621, 229.911, 227.705, 227.12, 228.747, 232.914, 230.098, 228.798, 235.026, 239.029, 231.093, 230.482, 230.386, 231.378, 230.825, 230.913, 239.598, 253.337, 231.158, 230.493, 236.443, 242.465, 236.779, 237.556, 240.023, 231.864, 230.672, 235.844, 231.292, 232.344, 230.43, 230.799, 233.186, 230.91, 230.75, 231.132, 255.01, 240.504, 243.793, 239.631, 233.224, 230.644, 234.483, 245.489, 230.719, 231.461, 231.068, 233.206, 227.443, 227.555, 232.333, 238.317, 234.152, 229.729, 227.948, 233.384, 229.354, 228.861, 233.394, 227.29, 233.199, 228.044, 232.153, 230.602, 233.654, 235.833, 232.855, 230.382, 235.798, 239.191, 230.19, 230.057, 230.947, 230.35, 233.275, 233.255, 229.277, 232.89, 229.515, 234.118, 229.575, 233.028, 235.786, 224.782, 224.563, 224.547, 224.47, 224.518, 224.667, 224.37, 
Time to set up datastructures: 20767ms
220.528, 220.803, 220.549, 220.564, 220.613, 220.601, 220.503, 220.518, 220.589, 220.443, 220.704, 220.616, 220.471, 220.594, 220.607, 220.694, 220.485, 220.504, 220.493, 220.51, 220.49, 220.479, 220.821, 220.44, 220.565, 220.472, 220.498, 220.618, 220.683, 220.609, 220.506, 220.762, 220.578, 220.678, 220.495, 220.57, 220.576, 220.463, 220.929, 220.465, 220.621, 220.619, 220.531, 220.553, 220.37, 220.545, 220.59, 220.642, 220.466, 220.682, 220.621, 220.551, 220.459, 220.517, 220.702, 220.489, 220.486, 220.522, 220.578, 220.669, 220.516, 220.562, 220.59, 220.536, 220.532, 220.717, 220.406, 220.578, 220.597, 220.52, 220.517, 220.714, 220.528, 220.456, 220.558, 220.42, 220.61, 220.389, 220.453, 220.446, 220.471, 220.435, 220.501, 220.664, 220.604, 220.695, 220.503, 220.611, 220.557, 220.553, 220.632, 220.488, 220.525, 220.524, 220.569, 224.102, 220.43, 220.506, 220.589, 220.507, 
Time to set up datastructures: 20629.9ms
220.211, 220.058, 220.117, 220.242, 220.194, 220.441, 220.01, 220.198, 220.201, 220.277, 220.148, 220.135, 220.442, 220.134, 220.624, 220.154, 220.296, 220.198, 220.263, 220.251, 220.335, 220.153, 220.145, 220.411, 220.147, 220.139, 223.463, 220.243, 220.031, 220.125, 220.045, 220.13, 220.162, 220.135, 220.193, 220.183, 220.201, 220.113, 220.135, 220.28, 220.216, 221.71, 220.07, 220.409, 220.536, 220.109, 220.07, 220.184, 220.165, 220.277, 220.308, 220.228, 220.141, 220.216, 220.114, 220.306, 220.125, 220.214, 219.98, 220.204, 220.42, 220.151, 220.215, 220.139, 220.165, 220.245, 220.334, 220.22, 220.195, 220.313, 220.197, 220.254, 220.059, 220.277, 220.041, 220.166, 220.152, 220.201, 220.3, 220.127, 220.156, 220.262, 220.273, 220.178, 220.131, 220.247, 220.092, 220.333, 220.139, 220.235, 220.333, 220.179, 220.036, 220.184, 220.139, 220.091, 220.412, 220.257, 220.064, 220.163, 
Time to set up datastructures: 21183.1ms
218.2, 218.153, 218.421, 218.287, 218.329, 218.257, 218.291, 218.094, 218.181, 218.26, 218.352, 218.446, 218.4, 218.293, 218.185, 218.196, 218.325, 218.152, 218.267, 218.381, 218.333, 218.153, 218.301, 218.238, 218.282, 218.202, 218.225, 218.144, 218.269, 218.319, 218.245, 218.22, 218.259, 218.071, 218.273, 218.242, 218.217, 218.358, 218.396, 218.282, 218.209, 218.218, 218.645, 218.297, 218.192, 218.191, 218.278, 218.115, 218.377, 218.286, 218.261, 218.32, 218.256, 218.358, 218.132, 218.353, 218.448, 218.369, 218.365, 218.238, 218.271, 218.211, 218.921, 218.167, 218.325, 218.556, 218.287, 218.302, 218.269, 218.182, 218.267, 218.282, 218.283, 218.157, 218.206, 218.357, 218.191, 218.253, 218.168, 218.304, 218.506, 218.273, 218.242, 218.496, 218.409, 218.161, 218.629, 218.176, 218.207, 218.257, 218.261, 218.342, 218.219, 218.31, 218.331, 218.301, 218.272, 218.223, 218.129, 218.243, 
Time to set up datastructures: 20502.1ms
213.976, 213.721, 213.879, 213.985, 214.065, 213.808, 213.902, 213.879, 213.94, 213.824, 213.939, 214.033, 214.006, 213.949, 214.008, 213.871, 213.881, 214.019, 213.918, 214.193, 213.964, 213.77, 213.821, 213.929, 213.807, 213.809, 213.917, 213.817, 213.878, 213.921, 213.892, 213.866, 214.095, 213.857, 213.829, 213.843, 213.907, 213.877, 213.812, 213.714, 213.896, 214.054, 213.753, 213.918, 214.508, 213.976, 214.007, 213.846, 213.901, 213.89, 214.054, 213.806, 214.079, 213.94, 213.877, 213.974, 213.871, 213.938, 214.162, 214.077, 214.024, 214.022, 213.947, 213.867, 213.911, 213.843, 213.805, 213.747, 213.81, 213.975, 214.411, 213.818, 213.76, 213.957, 213.978, 213.879, 214.082, 213.88, 213.975, 213.689, 213.794, 213.919, 213.82, 214.033, 213.873, 213.777, 213.872, 213.99, 213.909, 213.969, 213.872, 214.082, 213.913, 213.829, 213.913, 214.43, 213.813, 214.128, 213.89, 213.803, 
Time to set up datastructures: 20301.1ms
216.486, 216.345, 216.4, 216.417, 216.319, 216.235, 216.293, 216.354, 216.329, 216.3, 216.443, 216.434, 216.864, 216.411, 216.268, 216.317, 216.355, 216.876, 216.223, 216.314, 216.422, 216.448, 216.361, 216.166, 216.556, 216.263, 216.331, 216.442, 216.438, 216.231, 216.652, 216.672, 216.426, 216.212, 216.253, 216.79, 216.456, 216.405, 216.409, 216.455, 216.344, 216.297, 216.338, 216.343, 216.244, 216.361, 216.28, 216.572, 217.26, 216.978, 216.329, 216.321, 216.193, 216.25, 216.536, 216.29, 216.519, 216.425, 216.555, 216.305, 216.356, 216.493, 216.371, 216.406, 216.461, 216.192, 216.49, 216.631, 216.549, 216.171, 216.349, 216.814, 216.332, 221.377, 216.411, 216.9, 216.994, 216.334, 216.367, 216.821, 216.468, 216.363, 216.412, 216.278, 216.535, 216.4, 216.809, 216.381, 216.403, 216.327, 216.318, 216.724, 216.397, 216.304, 216.426, 216.312, 216.373, 216.513, 216.399, 216.432, 
Time to set up datastructures: 20577.4ms
217.837, 217.473, 217.528, 217.467, 217.375, 217.476, 217.435, 219.377, 217.505, 217.638, 217.276, 217.506, 217.54, 217.405, 217.63, 217.574, 217.404, 217.519, 217.628, 217.437, 217.549, 217.465, 217.521, 221.437, 218.012, 217.508, 217.371, 217.579, 217.373, 217.496, 217.505, 217.449, 217.557, 217.503, 217.381, 217.419, 217.556, 217.553, 217.453, 217.444, 217.304, 217.422, 217.631, 217.479, 217.409, 217.487, 218.806, 217.426, 217.525, 217.807, 217.394, 217.5, 217.414, 217.49, 217.478, 217.51, 217.503, 217.391, 217.422, 217.444, 217.568, 217.431, 217.426, 217.495, 217.646, 217.519, 217.365, 217.7, 217.379, 217.491, 217.601, 217.367, 217.44, 217.599, 217.529, 217.741, 217.43, 217.26, 217.419, 217.312, 217.807, 217.368, 217.458, 217.569, 217.326, 217.357, 217.599, 217.502, 217.443, 217.597, 217.525, 217.481, 217.556, 217.441, 217.471, 217.5, 217.434, 217.487, 217.402, 217.376, 
Time to set up datastructures: 20429.8ms
219.276, 219.746, 219.648, 219.444, 219.375, 219.517, 220.733, 219.442, 219.526, 219.396, 219.383, 219.544, 219.36, 224.481, 219.837, 219.397, 219.274, 219.494, 219.283, 219.412, 220.661, 219.52, 219.234, 219.35, 219.517, 219.598, 219.394, 220.88, 219.45, 219.482, 219.482, 219.406, 219.455, 219.435, 220.586, 219.389, 219.351, 219.557, 219.521, 219.448, 219.374, 220.672, 219.559, 219.375, 219.392, 219.403, 219.452, 219.453, 220.62, 219.423, 219.68, 219.529, 219.397, 219.351, 219.485, 220.551, 219.453, 219.345, 219.331, 219.396, 219.484, 219.456, 220.525, 219.456, 219.523, 219.348, 219.462, 219.502, 219.237, 221.046, 219.483, 219.373, 219.72, 219.491, 219.408, 219.371, 220.542, 219.531, 219.502, 219.3, 219.482, 219.449, 219.384, 220.518, 219.414, 219.542, 219.381, 220.157, 219.378, 219.431, 220.682, 219.408, 219.426, 219.51, 219.802, 219.565, 219.47, 220.494, 219.525, 219.414, 
Time to set up datastructures: 20763.3ms
221.748, 221.604, 222.695, 221.476, 221.642, 221.508, 221.535, 221.653, 221.596, 222.659, 221.367, 221.604, 221.564, 221.637, 221.563, 221.479, 222.829, 221.502, 222.002, 221.528, 221.473, 221.612, 221.583, 222.773, 221.477, 221.595, 221.528, 221.638, 221.45, 221.667, 222.914, 221.462, 221.626, 221.394, 221.62, 221.515, 221.655, 222.613, 221.665, 221.567, 221.401, 221.712, 221.389, 221.538, 222.75, 221.516, 221.608, 221.685, 221.738, 221.665, 221.455, 222.774, 221.695, 221.518, 221.698, 221.422, 221.583, 221.508, 222.645, 221.491, 221.517, 221.62, 221.826, 221.615, 221.6, 223.202, 221.7, 221.509, 221.64, 221.799, 221.482, 221.592, 222.829, 221.492, 221.513, 221.771, 221.533, 221.637, 221.624, 222.665, 221.421, 221.603, 221.74, 221.522, 221.745, 221.701, 222.832, 221.49, 221.689, 221.552, 221.667, 221.576, 221.432, 222.796, 221.428, 221.635, 221.732, 221.583, 221.56, 221.496, 

run on commit: 260dbfb5cc251e2ca5b57530ef04bc70282bc3e6