2 3 4 5 6 7 8 9 10 11 12 13 14
Running sequential algorithm
Time to set up datastructures: 10320.4ms
219.252, 219.229, 219.236, 219.258, 219.031, 219.12, 219.537, 220.045, 218.878, 219.017, 218.831, 218.781, 219.162, 219.27, 218.954, 218.9, 219.2, 218.984, 218.867, 219.034, 218.754, 218.903, 218.854, 218.699, 218.817, 219.207, 219.02, 218.728, 218.818, 218.806, 218.967, 218.577, 218.692, 218.71, 218.741, 219.199, 218.868, 219.07, 218.896, 218.835, 218.79, 218.778, 218.635, 219.203, 219.19, 218.919, 218.889, 218.94, 218.855, 218.628, 218.579, 218.802, 218.783, 219.009, 218.73, 219.075, 218.985, 218.936, 218.755, 218.699, 218.81, 219.328, 218.964, 218.856, 218.776, 218.711, 219.242, 219.008, 218.603, 219.22, 218.774, 218.662, 219.049, 218.739, 218.694, 218.736, 218.875, 218.754, 218.706, 218.873, 219.145, 218.992, 219.139, 219.093, 218.656, 218.866, 218.615, 218.634, 218.766, 218.607, 218.905, 218.682, 218.785, 218.86, 218.895, 218.903, 218.854, 218.857, 219.27, 218.947, 
Running OpenMP implementation
Time to set up datastructures: 15597.6ms
112.908, 112.737, 112.82, 112.832, 112.838, 112.878, 112.983, 112.841, 112.85, 112.837, 112.863, 112.934, 112.917, 112.83, 113.283, 113.029, 112.881, 113.015, 112.942, 112.982, 112.91, 112.919, 112.932, 112.964, 113.027, 113.068, 112.953, 112.887, 113.016, 113.051, 113.083, 112.869, 112.916, 112.869, 113.004, 113.116, 112.865, 112.849, 112.912, 112.922, 112.954, 112.953, 113.098, 112.972, 112.923, 112.956, 112.839, 113.076, 112.959, 112.917, 113, 113.007, 113.039, 112.948, 112.856, 112.951, 113.028, 112.955, 113.16, 113.102, 113.125, 112.967, 112.993, 113.006, 112.942, 113.032, 112.997, 112.941, 113.004, 112.937, 113.019, 112.993, 112.908, 112.871, 112.957, 112.948, 112.94, 113.044, 112.906, 112.988, 112.89, 113.066, 113.026, 112.971, 112.955, 112.963, 112.926, 112.957, 113.265, 112.945, 112.91, 112.896, 113.431, 112.941, 113.008, 113.066, 113.099, 112.998, 112.972, 112.981, 
Time to set up datastructures: 12250.4ms
78.3341, 78.3558, 78.2371, 78.321, 78.3739, 78.347, 78.2831, 78.3119, 78.2869, 78.294, 78.2299, 78.546, 78.532, 78.65, 78.306, 78.1982, 78.3069, 78.361, 78.254, 78.2971, 78.4478, 78.2421, 78.2909, 78.229, 78.2151, 78.4991, 78.3329, 78.284, 78.336, 78.45, 78.582, 78.563, 78.2142, 78.28, 78.217, 78.2468, 78.346, 78.3021, 78.2371, 78.553, 78.249, 78.285, 78.315, 78.4039, 78.3131, 78.2521, 78.603, 78.1689, 78.248, 78.244, 78.3179, 78.32, 78.3529, 78.2762, 78.3911, 78.476, 78.367, 78.3031, 78.2769, 78.2402, 78.2988, 78.326, 78.265, 78.311, 78.259, 78.6359, 78.233, 78.403, 78.3238, 78.2621, 78.32, 78.3629, 78.4712, 78.234, 78.274, 78.316, 78.4841, 78.589, 78.465, 78.227, 78.516, 78.6209, 78.6562, 78.4318, 78.269, 78.51, 78.3291, 78.259, 78.5661, 78.2189, 78.397, 78.469, 78.3861, 78.346, 78.3288, 78.222, 78.301, 78.491, 78.3701, 78.301, 
Time to set up datastructures: 17817.4ms
61.3871, 61.3668, 61.3332, 61.384, 61.3599, 61.4152, 61.3899, 61.3461, 61.3871, 61.4018, 61.425, 61.4471, 61.409, 61.343, 61.635, 61.408, 61.5668, 61.471, 61.4409, 61.403, 61.4278, 61.3992, 61.4009, 61.4719, 61.3921, 61.4631, 61.471, 61.4378, 61.4071, 61.373, 61.3971, 61.4541, 61.4989, 61.4221, 61.4121, 61.4259, 61.44, 61.501, 61.419, 61.404, 61.3999, 61.3511, 61.578, 61.4581, 61.5668, 61.4631, 61.5211, 61.4719, 61.311, 61.377, 61.439, 61.547, 61.4469, 61.4431, 61.4851, 61.4829, 61.398, 61.389, 61.4231, 61.465, 61.3949, 61.4371, 61.446, 61.4269, 61.4781, 61.522, 61.5239, 61.5101, 61.5101, 61.471, 61.337, 61.4479, 61.446, 61.4309, 61.5442, 61.4538, 61.4822, 61.527, 61.4898, 61.4531, 61.4641, 61.3329, 61.5699, 61.4691, 61.3961, 61.482, 61.5149, 61.4722, 61.4989, 61.4781, 61.3849, 61.5051, 61.4581, 61.445, 61.3639, 61.4719, 61.4672, 61.507, 61.4898, 61.47, 
Time to set up datastructures: 16770.6ms
51.2061, 51.234, 51.2128, 51.2469, 51.2991, 51.244, 51.307, 51.2621, 51.312, 51.2359, 51.2331, 51.3339, 51.28, 51.2481, 51.2979, 51.2271, 51.2841, 51.218, 51.2948, 51.3432, 51.2791, 51.291, 51.3568, 51.3248, 51.2421, 51.317, 51.25, 51.218, 51.2631, 51.271, 51.3861, 51.3048, 51.3532, 51.307, 51.2559, 51.3361, 51.2788, 51.3382, 51.244, 51.2848, 51.3489, 51.3201, 51.337, 51.2998, 51.383, 51.4112, 51.3189, 51.3611, 51.3439, 51.306, 51.358, 51.3051, 51.337, 51.276, 51.281, 51.3299, 51.2919, 51.2691, 51.367, 51.3048, 51.3361, 51.322, 51.3132, 51.291, 51.312, 51.3611, 51.378, 51.3821, 51.342, 51.3079, 51.3229, 51.3649, 51.2941, 51.373, 51.2619, 51.3122, 51.3558, 51.2462, 51.3518, 51.307, 51.3949, 51.321, 51.3489, 51.3639, 51.373, 51.2881, 51.317, 51.358, 51.326, 51.43, 51.326, 51.3709, 51.332, 51.3141, 51.2929, 51.362, 51.3041, 51.455, 51.3361, 51.332, 
Time to set up datastructures: 17784.2ms
45.047, 45.0809, 45.0802, 45.0239, 44.975, 45.0919, 45.1241, 45.119, 45.0749, 45.1481, 45.068, 45.048, 45.032, 45.1579, 45.1021, 45.0799, 45.1479, 45.1441, 45.0881, 45.0959, 45.1479, 45.188, 45.1579, 45.13, 45.1491, 45.131, 45.1329, 45.1412, 45.172, 45.1078, 45.1491, 45.126, 45.1641, 45.1279, 45.1691, 45.1438, 45.136, 45.2349, 45.2042, 45.1438, 45.1281, 45.053, 45.193, 45.1469, 45.156, 45.1341, 45.192, 45.2299, 45.171, 45.1691, 45.1159, 45.1519, 45.188, 45.259, 45.125, 45.151, 45.176, 45.157, 45.1651, 45.1939, 45.1992, 45.1338, 45.151, 45.193, 45.1019, 45.1498, 45.1121, 45.1679, 45.1431, 45.1479, 45.1579, 45.1958, 45.1682, 45.1479, 45.171, 45.1431, 45.1698, 45.1851, 45.1729, 45.1021, 45.166, 45.1159, 45.218, 45.177, 45.2051, 45.2321, 45.202, 45.157, 45.1639, 45.1891, 45.1989, 45.2189, 45.1701, 45.217, 45.167, 45.208, 45.27, 45.222, 45.2089, 45.243, 
Time to set up datastructures: 18240ms
41.0721, 41.0309, 41.0821, 41.0399, 41.132, 41.0571, 41.132, 41.203, 41.1289, 41.1201, 41.147, 41.1391, 41.172, 41.136, 41.1429, 41.2199, 41.178, 41.1792, 41.198, 41.121, 41.1229, 41.2641, 41.2021, 41.1479, 41.146, 41.1329, 41.2071, 41.1861, 41.2118, 41.1992, 41.173, 41.1179, 41.172, 41.214, 41.26, 41.198, 41.194, 41.2121, 41.2049, 41.1911, 41.193, 41.1701, 41.2149, 41.2271, 41.2788, 41.229, 41.2591, 41.229, 41.254, 41.1961, 41.2149, 41.2469, 41.2381, 41.193, 41.194, 41.1971, 41.2171, 41.2219, 41.2171, 41.1911, 41.3659, 41.2161, 41.254, 41.188, 41.1739, 41.266, 41.2171, 41.229, 41.2481, 41.224, 41.2259, 41.256, 41.223, 41.2719, 41.2121, 41.2691, 41.1961, 41.1868, 41.2171, 41.24, 41.121, 41.2111, 41.2149, 41.2149, 41.219, 41.2312, 41.2481, 41.2018, 41.218, 41.271, 41.2321, 41.4641, 41.3339, 41.2641, 41.2729, 41.2271, 41.2469, 41.1892, 41.2688, 41.213, 
Time to set up datastructures: 18369.2ms
38.3949, 38.3852, 38.352, 38.2769, 38.4111, 38.4579, 38.5821, 38.47, 38.512, 38.5709, 38.3952, 38.43, 38.532, 38.492, 38.4488, 38.4002, 38.439, 38.4128, 38.4152, 38.4219, 38.5392, 38.5149, 38.4302, 38.4619, 38.445, 38.552, 38.5079, 38.492, 38.5091, 38.4629, 38.4569, 38.5501, 38.5439, 38.5079, 38.5041, 38.501, 38.5389, 38.4419, 38.4569, 38.5809, 38.517, 38.45, 38.5108, 38.548, 38.532, 38.6021, 38.481, 38.547, 38.5759, 38.4951, 38.475, 38.5239, 38.434, 38.522, 38.533, 38.6322, 38.5079, 38.4741, 38.4839, 38.4381, 38.4681, 38.574, 38.5489, 38.5139, 38.558, 38.444, 38.501, 38.506, 38.569, 38.543, 38.5051, 38.5871, 38.5249, 38.471, 38.5551, 38.6441, 38.5499, 38.528, 38.4531, 38.533, 38.43, 38.4941, 38.564, 38.5389, 38.4812, 38.5199, 38.5251, 38.5759, 38.5211, 38.516, 38.522, 38.4629, 38.579, 38.481, 38.578, 38.5151, 38.4979, 38.579, 38.481, 38.5931, 
Time to set up datastructures: 18022.3ms
36.6311, 36.561, 36.608, 36.5911, 36.6058, 36.5899, 36.6342, 36.6299, 36.6671, 36.7141, 36.6499, 36.6211, 36.612, 36.701, 36.731, 36.6731, 36.71, 36.68, 36.6089, 36.696, 36.696, 36.7131, 36.6819, 36.6421, 36.6831, 36.6879, 36.6971, 36.694, 36.6628, 36.706, 36.685, 36.7019, 36.6709, 36.6719, 36.7169, 36.679, 36.6821, 36.675, 36.7448, 36.7141, 36.679, 36.726, 36.689, 36.7141, 36.6709, 36.6821, 36.8018, 36.7091, 36.679, 36.6571, 36.6671, 36.7329, 36.6662, 36.6518, 36.6821, 36.7191, 36.685, 36.737, 36.71, 36.736, 36.7069, 36.7219, 36.7241, 36.6731, 36.7041, 36.767, 36.69, 36.6728, 36.7591, 36.7301, 36.6859, 36.691, 36.7179, 36.7081, 36.706, 36.689, 36.7339, 36.7351, 36.658, 36.6819, 36.6981, 36.659, 36.6471, 36.7019, 36.6871, 36.751, 36.727, 36.7692, 36.701, 36.6831, 36.7229, 36.6499, 36.725, 36.6921, 36.7188, 36.7301, 36.6821, 36.7301, 36.6778, 36.7591, 
Time to set up datastructures: 18222.5ms
35.3739, 35.372, 35.3539, 35.3839, 35.363, 35.372, 35.387, 35.3971, 35.3339, 35.4052, 35.388, 35.3401, 35.3889, 35.3551, 35.3909, 35.377, 35.444, 35.5182, 35.4278, 35.404, 35.3951, 35.434, 35.393, 35.3749, 35.4748, 35.3801, 35.394, 35.373, 35.3961, 35.3739, 35.404, 35.4052, 35.363, 35.378, 35.3999, 35.4691, 35.4121, 35.4459, 35.399, 35.3961, 35.423, 35.444, 35.408, 35.367, 35.393, 35.4002, 35.3968, 35.429, 35.4102, 35.4469, 35.43, 35.387, 35.383, 35.43, 35.4469, 35.4271, 35.4309, 35.4142, 35.4049, 35.4259, 35.4102, 35.445, 35.445, 35.507, 35.4381, 35.428, 35.4271, 35.3799, 35.408, 35.424, 35.4352, 35.4249, 35.3999, 35.4202, 35.3918, 35.4052, 35.4319, 35.46, 35.372, 35.4118, 35.459, 35.408, 35.454, 35.3711, 35.394, 35.507, 35.413, 35.3971, 35.4118, 35.3861, 35.429, 35.413, 35.4311, 35.3739, 35.428, 35.4269, 35.512, 35.4629, 35.43, 35.4221, 
Time to set up datastructures: 18757.8ms
34.487, 34.4729, 34.467, 34.524, 34.472, 34.4861, 34.4319, 34.4491, 34.4329, 34.5211, 34.5089, 34.4791, 34.6379, 34.574, 34.5089, 34.4331, 34.4551, 34.4899, 34.4851, 34.462, 34.59, 34.4431, 34.4949, 34.461, 34.4291, 34.445, 34.4551, 34.492, 34.462, 34.519, 34.4591, 34.4689, 34.4369, 34.498, 34.4379, 34.616, 34.477, 34.4591, 34.652, 34.725, 34.4381, 34.4529, 34.5161, 34.476, 34.524, 34.4729, 34.461, 34.4961, 34.5571, 34.4639, 34.5011, 34.4801, 34.488, 34.5051, 34.4808, 34.452, 34.5221, 34.539, 34.4889, 34.4949, 34.472, 34.4841, 34.622, 34.517, 34.451, 34.4391, 34.4238, 34.5211, 34.4501, 34.4698, 34.4541, 34.5049, 34.517, 34.446, 34.502, 34.507, 34.523, 34.4059, 34.595, 34.497, 34.4641, 34.4839, 34.4698, 34.4701, 34.5159, 34.4348, 34.6351, 34.466, 34.4429, 34.4691, 34.5201, 34.4598, 34.471, 34.3831, 34.476, 34.4529, 34.4701, 34.452, 34.4539, 34.6, 
Time to set up datastructures: 18015.1ms
34.0931, 34.097, 34.0681, 34.1079, 34.1141, 34.143, 34.138, 34.1611, 34.1339, 34.054, 34.111, 34.086, 34.1341, 34.1201, 34.142, 34.1489, 34.122, 34.055, 33.999, 34.0869, 34.1401, 34.1239, 34.0421, 34.04, 34.097, 34.05, 34.03, 34.1289, 34.1091, 34.0919, 34.116, 34.1408, 34.0972, 34.142, 34.1759, 34.143, 34.1902, 34.1299, 34.0991, 34.101, 33.9911, 33.9921, 34.0388, 34.0221, 34.06, 34.0879, 34.1358, 34.1392, 34.152, 34.1978, 34.1489, 34.1051, 34.142, 34.023, 33.9708, 33.988, 34.0328, 34.116, 34.0922, 34.0638, 34.0321, 34.0559, 34.0421, 34.102, 34.045, 34.1389, 34.1611, 34.106, 34.06, 34.132, 34.143, 34.112, 34.1082, 34.0919, 34.1461, 34.0419, 33.9842, 34.0109, 34.0891, 34.097, 34.091, 33.951, 34.0321, 34.014, 34.0819, 34.0281, 34.1239, 34.0822, 34.122, 34.0638, 33.988, 34.04, 34.081, 34.0502, 34.045, 34.1129, 34.128, 34.0581, 34.0629, 34.1191, 
Time to set up datastructures: 18021.3ms
33.5131, 33.525, 33.5879, 33.54, 33.5481, 33.51, 33.5219, 33.5321, 33.474, 33.5231, 33.5069, 33.498, 33.4921, 33.5479, 33.4671, 33.4361, 33.463, 33.4959, 33.5021, 33.505, 33.514, 33.5181, 33.484, 33.6139, 33.5209, 33.4921, 33.468, 33.4861, 33.4408, 33.4761, 33.54, 33.4868, 33.4542, 33.494, 33.4449, 33.4601, 33.4721, 33.489, 33.5069, 33.5481, 33.4959, 33.535, 33.4711, 33.484, 33.5169, 33.4809, 33.5391, 33.4849, 33.4351, 33.4611, 33.504, 33.5009, 33.473, 33.4601, 33.4098, 33.4551, 33.462, 33.5188, 33.5102, 33.535, 33.5519, 33.5081, 33.5009, 33.504, 33.499, 33.4451, 33.479, 33.505, 33.5131, 33.457, 33.4468, 33.462, 33.4911, 33.5169, 33.5081, 33.4721, 33.484, 33.4699, 33.5109, 33.4542, 33.4399, 33.4949, 33.4668, 33.396, 33.437, 33.4508, 33.53, 33.4342, 33.457, 33.463, 33.4818, 33.448, 33.458, 33.452, 33.468, 33.448, 33.4439, 33.4389, 33.4752, 33.494, 
Time to set up datastructures: 17900.1ms
33.4871, 33.458, 33.469, 33.4868, 33.462, 33.4761, 33.514, 33.4549, 33.4752, 33.4449, 33.4971, 33.468, 33.514, 33.479, 33.4539, 33.504, 33.4551, 33.4609, 33.4969, 33.498, 33.453, 33.4451, 33.4859, 33.505, 33.4721, 33.4861, 33.4568, 33.463, 33.4601, 33.4809, 33.4721, 33.473, 33.531, 33.488, 33.453, 33.4661, 33.4709, 33.457, 33.427, 33.4642, 33.4659, 33.484, 33.463, 33.4659, 33.4849, 33.4642, 33.4408, 33.484, 33.5379, 33.514, 33.484, 33.5062, 33.5279, 33.4852, 33.4778, 33.4859, 33.452, 33.499, 33.5081, 33.489, 33.4899, 33.4799, 33.52, 33.462, 33.5159, 33.4771, 33.4761, 33.4928, 33.4902, 33.4439, 33.433, 33.4609, 33.483, 33.4849, 33.5081, 33.5209, 33.4342, 33.4668, 33.483, 33.4499, 33.462, 33.494, 33.448, 33.541, 33.4768, 33.4668, 33.4718, 33.4821, 33.468, 33.5071, 33.464, 33.51, 33.5031, 33.494, 33.4861, 33.4949, 33.5181, 33.474, 33.51, 33.463, 
Running TBB implementation
Time to set up datastructures: 15385.1ms
113.016, 113.033, 112.917, 112.921, 112.97, 112.932, 112.896, 112.98, 112.998, 112.942, 112.871, 112.949, 112.93, 113.07, 113.174, 113.013, 112.94, 113.146, 113.219, 113.161, 113.066, 113.009, 112.951, 113.053, 112.989, 112.979, 113.126, 113.027, 113.014, 113.04, 112.99, 113.021, 113.179, 112.988, 113.016, 113.043, 113.186, 113.099, 112.933, 113.052, 113.014, 113.038, 113.003, 113.187, 113.17, 113.016, 113.122, 113.078, 113.148, 113.058, 113.199, 113.023, 113.002, 113.08, 113.25, 113.083, 113.053, 112.986, 113.023, 113.028, 113.068, 113.052, 113.202, 113.001, 112.929, 112.998, 113.15, 113.051, 112.966, 112.993, 112.99, 113.338, 113.043, 113.007, 113.04, 113.088, 113.113, 113.024, 113.08, 112.949, 113.117, 113.048, 113.018, 112.932, 112.996, 113.056, 113.056, 112.942, 113.162, 113.119, 113.23, 113.046, 113.154, 113.016, 112.972, 113.035, 113.1, 113.106, 113.109, 112.931, 
Time to set up datastructures: 12219.2ms
77.9891, 78.052, 77.9269, 78.059, 78.181, 78.0499, 78.1391, 78.126, 78.064, 78.1682, 78.2828, 78.0931, 78.0489, 78.017, 77.976, 78.3689, 78.233, 78.1262, 77.992, 78.14, 77.9488, 78.1779, 78.9089, 78.6822, 78.074, 78.2208, 78.207, 78.0551, 78.15, 78.156, 78.176, 78.3329, 78.0928, 78.16, 78.1171, 78.1078, 78.2828, 78.3651, 78.048, 78.1732, 78.3949, 78.233, 78.4121, 78.0859, 78.074, 78.1701, 78.023, 78.3491, 78.078, 78.155, 78.16, 78.1419, 78.151, 78.0439, 78.167, 78.0921, 78.32, 78.0931, 78.088, 78.0919, 78.0971, 78.2259, 78.2218, 77.986, 78.1009, 78.16, 78.238, 78.2299, 78.0921, 78.1839, 78.1329, 78.1641, 78.1229, 78.2969, 78.5131, 78.213, 78.1538, 78.126, 78.1481, 78.088, 78.1279, 77.985, 78.155, 78.0461, 78.1639, 78.0602, 78.1679, 78.28, 78.0749, 78.325, 78.1879, 78.0902, 77.9748, 78.228, 78.0921, 78.09, 77.9412, 78.1498, 78.063, 78.1488, 
Time to set up datastructures: 17634.4ms
61.4471, 61.5249, 61.403, 61.4209, 61.4691, 61.476, 61.4781, 61.4529, 61.4901, 61.444, 61.4791, 61.394, 61.4779, 61.4901, 61.3298, 61.5361, 61.511, 61.6131, 61.5349, 61.6231, 61.517, 61.47, 61.482, 61.501, 61.636, 61.625, 61.542, 61.5251, 61.5349, 61.542, 61.61, 61.5671, 61.5849, 61.5811, 61.5249, 61.604, 61.5451, 61.671, 61.517, 61.6109, 61.4972, 61.5778, 61.6372, 61.5089, 61.527, 61.4979, 61.4562, 61.4579, 61.6021, 61.5339, 61.636, 61.574, 61.5401, 61.5699, 61.487, 61.547, 61.5602, 61.5399, 61.6021, 61.6848, 61.543, 61.574, 61.4738, 61.5051, 61.5931, 61.6491, 61.5361, 61.579, 61.621, 61.5799, 61.6012, 61.517, 61.6028, 61.619, 61.6372, 61.6019, 61.5599, 61.5931, 61.609, 61.455, 61.5261, 61.63, 61.5401, 61.6179, 61.517, 61.5978, 61.5511, 61.605, 61.5909, 61.537, 61.4541, 61.5959, 61.552, 61.6241, 61.594, 61.5592, 61.6448, 61.5759, 61.5611, 61.6159, 
Time to set up datastructures: 16500.7ms
51.2819, 51.229, 51.2381, 51.265, 51.358, 51.2722, 51.3079, 51.348, 51.3811, 51.3568, 51.259, 51.3291, 51.3699, 51.3182, 51.3108, 51.3091, 51.389, 51.3821, 51.3561, 51.369, 51.3589, 51.2588, 51.3661, 51.4469, 51.3861, 51.358, 51.3089, 51.403, 51.306, 51.42, 51.424, 51.378, 51.3382, 51.3568, 51.388, 51.4159, 51.373, 51.3809, 51.481, 51.3811, 51.3759, 51.3852, 51.3461, 51.3408, 51.3721, 51.3711, 51.7061, 51.441, 51.403, 51.41, 51.383, 51.4019, 51.3921, 51.352, 51.3799, 51.398, 51.3508, 51.3639, 51.3442, 51.513, 51.389, 51.4472, 51.3401, 51.3608, 51.358, 51.4162, 51.3909, 51.4522, 51.3721, 51.306, 51.3759, 51.4469, 51.3711, 51.435, 51.3949, 51.4131, 51.3091, 51.388, 51.439, 51.4958, 51.4362, 51.384, 51.343, 51.482, 51.4359, 51.3651, 51.3721, 51.3508, 51.4681, 51.434, 51.506, 51.3959, 51.394, 51.398, 51.4131, 51.4679, 51.4288, 51.4112, 51.415, 51.4371, 
Time to set up datastructures: 17542.5ms
45.2781, 45.3119, 45.294, 45.3641, 45.3219, 45.3629, 45.336, 45.3351, 45.3379, 45.419, 45.3422, 45.408, 45.465, 45.4588, 45.3882, 45.3768, 45.4562, 45.5189, 45.4891, 45.4061, 45.49, 45.4409, 45.4409, 45.4361, 45.3839, 45.532, 45.4831, 45.5289, 45.464, 45.433, 45.486, 45.433, 45.471, 45.4271, 45.5039, 45.4741, 45.4001, 45.5499, 45.5461, 45.5129, 45.5401, 45.4938, 45.4261, 45.4149, 45.3701, 45.454, 45.3939, 45.4381, 45.5198, 45.501, 45.4359, 45.4671, 45.4659, 45.3999, 45.5222, 45.5408, 45.4922, 45.4478, 45.4791, 45.4941, 45.4481, 45.505, 45.4278, 45.4631, 45.476, 45.4631, 45.4879, 45.47, 45.4829, 45.4781, 45.5289, 45.475, 45.4991, 45.5198, 45.4111, 45.4459, 45.4772, 45.4659, 45.475, 45.5091, 45.4209, 45.495, 45.5441, 45.5048, 45.521, 45.4721, 45.548, 45.4941, 45.5139, 45.5379, 45.5191, 45.4941, 45.5039, 45.4781, 45.428, 45.511, 45.5029, 45.4841, 45.4869, 45.4371, 
Time to set up datastructures: 18259.5ms
41.29, 41.2629, 41.3251, 41.229, 41.271, 41.265, 41.2951, 41.3239, 41.2879, 41.2891, 41.3508, 41.3182, 41.3198, 41.3501, 41.3499, 41.42, 41.3611, 41.3299, 41.3768, 41.414, 41.3458, 41.3721, 41.3361, 41.3799, 41.326, 41.477, 41.393, 41.2979, 41.2838, 41.3439, 41.373, 41.3189, 41.374, 41.399, 41.399, 41.4419, 41.4281, 41.374, 41.373, 41.364, 41.4732, 41.333, 41.3859, 41.3411, 41.379, 41.398, 41.4481, 41.398, 41.3799, 41.3969, 41.4071, 41.3449, 41.388, 41.4219, 41.393, 41.348, 41.398, 41.368, 41.369, 41.394, 41.3768, 41.348, 41.4538, 41.3661, 41.4, 41.398, 41.43, 41.4209, 41.445, 41.45, 41.4889, 41.4422, 41.3818, 41.4112, 41.3759, 41.3961, 41.4, 41.4059, 41.3911, 41.4219, 41.419, 41.4681, 41.3949, 41.471, 41.4529, 41.3911, 41.523, 41.311, 41.363, 41.362, 41.4319, 41.45, 41.4011, 41.3799, 41.4269, 41.4259, 41.394, 41.3949, 41.3809, 41.3151, 
Time to set up datastructures: 17706.7ms
38.7108, 38.661, 38.6641, 38.7321, 38.7721, 38.693, 38.8269, 38.7611, 38.7599, 38.7189, 38.7461, 38.748, 38.8179, 38.8219, 39.3322, 38.986, 38.852, 38.8911, 38.769, 38.7359, 38.7301, 38.7969, 38.7781, 38.7881, 38.734, 38.7149, 38.7712, 38.8489, 38.862, 38.8322, 38.7959, 38.794, 38.8508, 38.8489, 38.8851, 38.8029, 38.8291, 38.8229, 38.8141, 38.9061, 38.918, 38.837, 38.8579, 38.8601, 38.821, 38.836, 38.8989, 38.7762, 38.7778, 38.7571, 38.7859, 38.795, 38.841, 38.835, 38.9109, 38.9321, 38.847, 38.872, 38.8541, 38.8019, 38.8889, 38.897, 38.8939, 38.8172, 38.8229, 38.9111, 38.9299, 38.8801, 38.8639, 38.9049, 38.799, 38.8522, 38.8999, 38.9669, 38.862, 38.81, 38.8958, 38.9011, 38.847, 38.842, 38.8491, 38.893, 38.944, 38.9249, 38.8889, 38.919, 38.8739, 38.873, 38.9791, 38.799, 38.7812, 38.789, 39.8278, 39.0971, 39.0489, 38.9681, 38.9271, 38.893, 38.9309, 38.8892, 
Time to set up datastructures: 17887ms
36.7441, 36.7639, 36.777, 36.772, 36.8352, 36.7529, 36.7739, 36.7482, 36.777, 36.8071, 36.7699, 36.793, 36.8581, 36.7689, 36.8001, 36.8099, 36.7789, 36.8681, 36.84, 36.8359, 36.8271, 36.8371, 36.8459, 36.7811, 36.8249, 36.8469, 36.8171, 36.8071, 36.8071, 36.8328, 36.819, 36.835, 36.8211, 36.8218, 36.8412, 36.8469, 36.8171, 36.818, 36.8299, 36.833, 36.87, 36.828, 36.8359, 36.8061, 36.818, 36.871, 36.8509, 36.819, 36.844, 36.8481, 36.8581, 36.824, 36.8719, 36.829, 36.9351, 36.8581, 36.844, 36.829, 36.8221, 36.845, 36.803, 36.8259, 36.8052, 36.85, 36.8431, 36.835, 36.8249, 36.8371, 36.833, 36.8669, 36.864, 36.814, 36.793, 36.8431, 36.849, 36.8621, 36.8848, 36.8218, 36.8052, 36.813, 36.8059, 36.8261, 36.834, 36.844, 36.8659, 36.8481, 36.823, 36.777, 36.8319, 36.8402, 36.8259, 36.7739, 36.8052, 36.7899, 36.809, 36.89, 36.8171, 36.8581, 36.7811, 36.8068, 
Time to set up datastructures: 18383.1ms
35.2628, 35.2972, 35.259, 35.213, 35.2459, 35.2931, 35.3439, 35.2931, 35.27, 35.285, 35.332, 35.3651, 35.377, 35.367, 35.367, 35.3899, 35.3551, 35.4371, 35.3768, 35.434, 35.3851, 35.377, 35.4099, 35.4021, 35.708, 35.4671, 35.3799, 35.4149, 35.3651, 35.383, 35.3861, 35.3529, 35.3971, 35.4118, 35.3911, 35.3911, 35.3658, 35.4381, 35.449, 35.4769, 35.45, 35.4302, 35.4559, 35.47, 35.383, 35.399, 35.3661, 35.3711, 35.434, 35.3808, 35.404, 35.4018, 35.4309, 35.362, 35.4021, 35.363, 35.3661, 35.4259, 35.3401, 35.3811, 35.358, 35.367, 35.449, 35.413, 35.4059, 35.3911, 35.3839, 35.3849, 35.382, 35.424, 35.419, 35.409, 35.476, 35.4609, 35.394, 35.4691, 35.3951, 35.414, 35.428, 35.387, 35.4578, 35.47, 35.4629, 35.4249, 35.409, 35.4431, 35.3901, 35.4249, 35.471, 35.4881, 35.4729, 35.4791, 35.4199, 35.4149, 35.372, 35.4152, 35.3808, 35.408, 35.418, 35.414, 
Time to set up datastructures: 17771.9ms
34.3199, 34.3289, 34.2479, 34.3301, 34.369, 34.2479, 34.23, 34.312, 34.2691, 34.2901, 34.3208, 34.328, 34.2879, 34.6079, 34.6148, 34.4372, 34.3039, 34.204, 34.24, 34.3139, 34.3151, 34.296, 34.251, 34.276, 34.4532, 34.287, 34.2751, 34.373, 34.255, 34.306, 34.354, 34.286, 34.3289, 34.4179, 34.3778, 34.2538, 34.2221, 34.2529, 34.2731, 34.271, 34.292, 34.276, 34.2841, 34.2379, 34.2472, 34.2638, 34.3041, 34.4489, 34.3392, 34.3518, 34.4632, 34.2429, 34.2531, 34.2171, 34.2999, 34.2801, 34.265, 34.4532, 34.4119, 34.2741, 34.2538, 34.2891, 34.3099, 34.2431, 34.2591, 34.2729, 34.27, 34.2591, 34.287, 34.2391, 34.246, 34.2281, 34.2889, 34.27, 34.2541, 34.2729, 34.2751, 34.312, 34.435, 34.3709, 34.286, 34.3349, 34.394, 34.5449, 34.409, 34.379, 34.399, 34.4, 34.3502, 34.338, 34.3928, 34.3232, 34.3499, 34.3199, 34.3618, 34.343, 34.38, 34.4262, 34.4248, 34.4222, 
Time to set up datastructures: 18105ms
33.9339, 33.901, 33.978, 33.9091, 33.9119, 33.947, 33.9642, 33.9448, 33.917, 33.9451, 33.922, 33.9601, 33.9589, 33.9279, 33.9191, 33.9489, 33.92, 33.905, 33.9589, 33.9761, 33.957, 33.9561, 33.968, 33.937, 33.9692, 33.9918, 34.0171, 34.0381, 33.9608, 33.962, 33.9718, 33.9639, 33.9441, 33.973, 34.0018, 33.9961, 33.947, 33.962, 33.957, 33.9489, 33.9231, 33.972, 33.9289, 33.9541, 33.9279, 33.9711, 33.942, 33.9241, 33.9909, 33.9291, 33.9739, 33.9291, 33.9761, 33.9949, 34.0011, 33.952, 33.9558, 33.9069, 33.9711, 33.9088, 33.968, 33.916, 33.9739, 33.9291, 33.978, 33.9589, 33.989, 33.9119, 33.9501, 33.9129, 33.9789, 34.0009, 33.951, 33.9441, 33.9398, 33.9551, 33.987, 33.9398, 33.9601, 33.9451, 33.962, 33.989, 33.9599, 33.9851, 33.9539, 33.9761, 33.9899, 33.957, 33.982, 33.957, 33.962, 33.9711, 33.946, 33.9329, 33.9091, 33.9808, 33.9682, 33.9558, 33.9451, 33.946, 
Time to set up datastructures: 18338.5ms
33.4361, 33.4489, 33.4871, 33.4611, 33.4749, 33.4702, 33.4759, 33.4651, 33.4778, 33.4711, 33.488, 33.478, 33.474, 33.519, 33.483, 33.4551, 33.4849, 33.464, 33.5062, 33.4809, 33.5071, 33.4759, 33.52, 33.4821, 33.478, 33.4849, 33.458, 33.5541, 33.5159, 33.4499, 33.4921, 33.498, 33.5081, 33.4928, 33.4918, 33.4911, 33.4849, 33.483, 33.493, 33.4899, 33.462, 33.4749, 33.4711, 33.5021, 33.5138, 33.498, 33.4871, 33.5259, 33.488, 33.4921, 33.5028, 33.5071, 33.4971, 33.4799, 33.5469, 33.551, 33.5031, 33.515, 33.514, 33.4971, 33.4928, 33.4699, 33.489, 33.489, 33.5162, 33.463, 33.483, 33.4868, 33.5331, 33.4759, 33.478, 33.5121, 33.478, 33.53, 33.4659, 33.5021, 33.4761, 33.5078, 33.4952, 33.5369, 33.531, 33.4949, 33.493, 33.5062, 33.4868, 33.4949, 33.4792, 33.5259, 33.484, 33.493, 33.8089, 33.601, 33.5219, 33.5231, 33.498, 33.5679, 33.4771, 33.515, 33.5159, 33.4849, 
Time to set up datastructures: 18078ms
33.5162, 33.5238, 33.458, 33.5, 33.4749, 33.577, 33.5481, 33.5429, 33.5062, 33.51, 33.531, 33.4959, 33.494, 33.5169, 33.515, 33.5281, 33.5209, 33.514, 33.4911, 33.5238, 33.5162, 33.5319, 33.52, 33.5162, 33.5388, 33.5572, 33.5259, 33.5259, 33.566, 33.541, 33.4971, 33.4971, 33.53, 33.515, 33.514, 33.5231, 33.5388, 33.5422, 33.5209, 33.4849, 33.514, 33.509, 33.536, 33.525, 33.5119, 33.5321, 33.5259, 33.509, 33.479, 33.5109, 33.5062, 33.5288, 33.525, 33.5462, 33.5128, 33.6211, 33.5312, 33.5479, 33.536, 33.535, 33.5162, 33.5469, 33.555, 33.5162, 33.5069, 33.5159, 33.5119, 33.525, 33.519, 33.5171, 33.5159, 33.531, 33.498, 33.546, 33.529, 33.484, 33.498, 33.5159, 33.5259, 33.519, 33.5209, 33.5231, 33.5181, 33.5059, 33.509, 33.5491, 33.551, 33.515, 33.551, 33.5522, 33.525, 33.524, 33.5529, 33.6051, 33.5639, 33.52, 33.536, 33.5591, 33.515, 33.5059, 
Running TBB_graphs implementation with double the amount of partitions than threads
Time to set up datastructures: 10341ms
118.088, 115.307, 114.658, 116.533, 118.056, 114.517, 118.086, 117.373, 113.593, 114.56, 118.244, 116.727, 118.215, 113.507, 115.072, 118.257, 117.165, 118.446, 118.304, 113.52, 114.712, 113.566, 113.511, 117.025, 118.46, 118.434, 114.667, 115.278, 118.496, 116.659, 118.401, 118.512, 116.792, 117.114, 116.962, 114.892, 115.074, 117.188, 114.793, 114.818, 113.488, 117.138, 116.807, 115.236, 114.902, 113.529, 115.124, 118.448, 116.748, 115.066, 113.428, 115.035, 117.101, 114.903, 113.597, 118.502, 113.609, 118.676, 116.967, 115.271, 115.11, 114.963, 115.106, 116.901, 117.027, 116.92, 118.578, 117.082, 118.591, 114.989, 116.87, 115.164, 115.355, 116.948, 115.109, 118.494, 113.689, 116.964, 114.944, 117.167, 117.186, 118.526, 118.549, 116.999, 114.974, 117.026, 118.682, 114.972, 115.133, 113.415, 117.024, 115.004, 118.618, 113.868, 115.078, 113.337, 114.965, 116.982, 115.216, 117.039, 
Time to set up datastructures: 10308.6ms
79.1678, 81.233, 79.891, 80.152, 91.486, 81.758, 86.148, 80.6081, 80.2701, 79.917, 86.3779, 80.3142, 78.9878, 79.88, 79.9921, 79.7901, 79.653, 79.891, 79.35, 79.8931, 78.7289, 79.5, 79.7832, 80.1148, 79.766, 79.8411, 80.076, 80.1399, 80.1692, 78.6998, 80.1072, 79.7589, 79.102, 78.6021, 80.0669, 80.1001, 80.004, 80.106, 88.1531, 88.7609, 81.609, 80.1501, 79.2229, 80.2531, 79.5498, 80.3571, 78.7601, 78.8929, 79.458, 79.0501, 79.9718, 80.2262, 90.2319, 85.901, 78.7089, 79.952, 78.7022, 78.7079, 78.872, 80.2231, 80.2238, 81.5182, 79.9749, 78.9921, 80.59, 80.5759, 79.9179, 80.41, 81.2399, 91.0361, 81.6841, 80.0538, 88.1102, 80.411, 80.04, 79.9, 80.0419, 79.1311, 79.845, 80.699, 79.0241, 78.681, 79.386, 79.5259, 79.0181, 79.8049, 79.0191, 78.769, 79.8411, 79.8309, 79.247, 79.8111, 78.98, 79.9479, 79.844, 80.039, 79.9689, 80.451, 80.2281, 79.133, 
Time to set up datastructures: 10333.9ms
63.3359, 62.4871, 62.9919, 62.6001, 62.165, 68.7149, 62.582, 62.217, 61.6541, 62.536, 62.3341, 62.1171, 62.2108, 63.1032, 62.628, 62.254, 63.0369, 62.18, 62.1569, 62.1512, 62.1588, 62.8731, 62.84, 62.017, 62.1941, 62.3851, 62.758, 61.8429, 62.0942, 61.6908, 62.8111, 62.433, 62.4869, 62.5122, 63.314, 62.8929, 62.2048, 62.413, 62.902, 62.7749, 62.845, 62.4771, 62.3469, 62.4402, 62.1049, 62.1231, 62.9399, 62.5401, 63.3461, 63.195, 62.1679, 62.5219, 63.082, 62.4039, 61.842, 63.1189, 62.7048, 63.04, 62.9802, 61.8439, 62.1781, 62.4299, 61.8081, 62.9869, 62.6528, 62.479, 62.4101, 62.4249, 63.025, 62.525, 63.0832, 63.0388, 62.907, 62.1781, 62.9399, 62.7601, 62.901, 62.948, 62.2969, 63.0019, 62.9201, 62.49, 62.427, 62.525, 63.406, 64.9199, 63.221, 68.2611, 64.6861, 62.252, 62.1939, 62.8181, 62.8991, 62.748, 62.979, 62.4261, 62.815, 62.094, 67.1411, 63.9288, 
Time to set up datastructures: 10332.6ms
52.8331, 51.4729, 51.9731, 52.3758, 52.6271, 53.982, 52.3741, 51.939, 52.7959, 52.6409, 57.1072, 52.588, 52.6979, 51.9929, 51.9841, 52.9151, 52.4161, 52.3548, 52.5331, 52.8469, 52.325, 52.259, 52.979, 52.8631, 52.382, 57.8949, 52.86, 52.4192, 52.2709, 52.68, 52.1841, 57.034, 52.8231, 52.8679, 52.7241, 52.8779, 52.87, 51.8191, 52.9609, 53, 52.9811, 52.9408, 56.9592, 52.8839, 52.5782, 52.701, 57.0638, 53.7741, 52.547, 55.6121, 52.9439, 52.192, 52.7821, 52.789, 52.475, 52.2511, 52.249, 52.3441, 52.932, 52.418, 52.454, 51.8389, 52.8312, 52.7999, 52.315, 52.3272, 52.7818, 52.3932, 52.7649, 52.8152, 54.3199, 57.1301, 52.9459, 52.479, 52.433, 52.3951, 52.1469, 52.484, 52.8491, 52.8471, 51.796, 52.357, 52.922, 51.9121, 52.3448, 52.3012, 52.49, 57.5681, 53.16, 52.6929, 52.4611, 52.3739, 54.029, 52.4671, 51.8858, 52.572, 52.408, 54.0781, 52.5439, 52.4251, 
Time to set up datastructures: 10303.9ms
46.242, 46.1869, 46.0851, 46.0451, 49.726, 49.7129, 46.4962, 46.7329, 46.8512, 46.0229, 46.139, 46.478, 46.412, 45.9261, 46.278, 46.4759, 46.663, 46.711, 47.261, 51.6679, 46.2701, 46.4718, 50.2782, 46.6878, 46.5162, 46.6199, 46.3791, 46.6628, 46.4761, 46.437, 46.5689, 46.6731, 46.7401, 46.592, 46.4849, 50.1568, 51.6231, 46.684, 46.7598, 46.664, 46.422, 45.9609, 46.298, 46.387, 49.7692, 46.8109, 46.3278, 46.7331, 45.788, 46.6628, 46.3212, 46.205, 46.463, 46.6859, 45.711, 46.514, 47.2119, 47.1721, 46.787, 45.6901, 46.541, 45.979, 46.4821, 46.361, 50.957, 48.558, 47.091, 46.4299, 46.4251, 48.4509, 46.3421, 46.2549, 46.9651, 46.01, 46.35, 51.399, 46.7961, 46.576, 46.721, 46.5071, 46.0708, 46.7322, 46.6988, 46.731, 46.6971, 46.3228, 46.432, 47.075, 46.757, 46.34, 47.199, 46.155, 46.34, 46.5801, 46.5548, 47.636, 46.056, 46.562, 50.5431, 47.5221, 
Time to set up datastructures: 10330.2ms
42.4809, 42.1908, 42.1772, 42.012, 48.0149, 42.527, 42.099, 42.089, 42.4249, 42.1979, 45.018, 42.032, 42.4721, 42.4619, 42.125, 42.4201, 42.124, 42.325, 42.531, 42.0349, 42.6011, 42.5301, 42.4919, 42.2411, 42.423, 42.3141, 42.4578, 41.8382, 46.0899, 46.0272, 41.95, 42.3539, 43.546, 46.1659, 42.1219, 43.87, 42.2001, 42.2089, 43.6232, 42.2449, 42.1309, 45.505, 42.223, 42.3522, 42.2058, 42.1631, 42.223, 42.119, 42.2301, 42.254, 42.4109, 42.1782, 42.3169, 42.531, 47.4761, 46.3271, 42.8958, 42.2451, 48.162, 42.5889, 42.1419, 42.5479, 42.5, 42.347, 42.9752, 42.4709, 41.718, 43.4351, 42.3291, 42.3298, 42.3801, 41.6369, 42.2101, 42.372, 42.412, 42.2111, 42.491, 42.3832, 42.2659, 42.1412, 42.3489, 42.5391, 42.4218, 42.4321, 45.5801, 46.1829, 42.4511, 41.6589, 42.177, 42.1, 42.161, 42.2411, 42.4349, 42.3141, 42.0949, 42.959, 42.6142, 42.2609, 42.2399, 42.1772, 
Time to set up datastructures: 10315.2ms
39.355, 39.3028, 41.467, 39.36, 41.9641, 42.4449, 39.1431, 41.7099, 43.664, 39.5601, 39.078, 39.099, 39.196, 39.5739, 39.258, 39.3429, 39.3209, 42.7191, 40.0839, 39.2811, 39.557, 39.5839, 39.4349, 39.8421, 39.3329, 39.355, 39.5861, 39.4771, 39.4058, 39.279, 39.4871, 40.3399, 39.793, 40.576, 40.4279, 39.546, 40.0648, 39.288, 39.2811, 42.2151, 39.7229, 39.3791, 39.3119, 39.398, 39.4211, 39.6121, 39.4561, 39.247, 39.5739, 39.4671, 50.323, 41.697, 39.5091, 42.511, 39.6309, 39.4189, 39.4542, 39.438, 39.4809, 39.4089, 39.418, 39.089, 38.933, 38.9771, 38.908, 39.243, 39.217, 39.495, 39.4101, 39.2668, 39.103, 39.3431, 39.4418, 39.3848, 39.536, 39.6199, 39.2759, 39.465, 39.3178, 39.325, 39.5012, 39.32, 41.3208, 39.4361, 39.402, 39.5529, 39.484, 39.1881, 39.469, 39.4421, 39.3579, 39.366, 42.7079, 39.552, 39.3429, 39.247, 39.4659, 41.3942, 41.6648, 39.4709, 
Time to set up datastructures: 10344.7ms
37.426, 37.5671, 37.4651, 37.5028, 39.602, 37.503, 37.3931, 37.209, 39.643, 37.679, 37.58, 37.4591, 37.4308, 37.3499, 37.4451, 37.4999, 37.287, 37.5211, 37.38, 37.5659, 37.2951, 37.4238, 37.3821, 39.33, 37.648, 37.447, 37.143, 37.353, 37.5659, 37.4961, 40.3829, 38.9881, 37.5171, 40.4191, 37.7479, 37.2632, 37.3969, 37.5509, 37.3268, 37.8501, 37.498, 37.472, 37.328, 37.2961, 37.2808, 37.4112, 37.1668, 37.3092, 37.04, 37.4091, 37.369, 37.4198, 37.456, 37.231, 37.4029, 37.2982, 37.2918, 37.3971, 37.549, 37.781, 37.5509, 37.544, 37.3259, 37.282, 37.3812, 39.6399, 37.744, 37.4269, 37.4141, 37.353, 37.4379, 37.529, 37.6539, 38.4781, 37.6329, 37.2722, 39.623, 37.3299, 37.5431, 37.3859, 37.591, 37.2171, 37.282, 37.292, 37.5271, 37.523, 39.9499, 39.3038, 37.42, 37.508, 37.322, 37.585, 37.57, 37.3261, 37.1051, 37.2729, 37.473, 37.312, 37.4351, 37.322, 
Time to set up datastructures: 10315.6ms
36.103, 35.898, 36.056, 38.599, 36.104, 36.0789, 35.985, 36.0222, 36.109, 36.0839, 35.964, 36.061, 36.139, 36.114, 36.128, 36.0389, 35.9702, 35.9988, 35.9371, 36.0169, 36.166, 36.0382, 36.124, 35.9209, 35.8951, 36.094, 36.1271, 35.9139, 35.9511, 35.97, 35.928, 35.805, 36.092, 35.9321, 36.1469, 36.1869, 35.995, 35.9871, 36.016, 35.928, 36.1021, 35.887, 35.9979, 36.051, 35.969, 36.1311, 36.0019, 38.259, 36.752, 35.9559, 36.0081, 35.979, 35.9209, 35.9201, 35.9108, 36.0441, 36.005, 36.1629, 35.907, 35.9199, 36.0041, 35.897, 35.974, 36.0429, 36.0019, 36.135, 36.005, 35.9259, 35.989, 36.067, 36.0651, 36.016, 36.1369, 36.0501, 36.0179, 36.083, 35.943, 35.9609, 36.068, 36.001, 36.0751, 35.991, 36.216, 35.9151, 36.005, 36.1078, 36.0811, 35.965, 35.9421, 36.0961, 36.0739, 36.088, 36.011, 36.0661, 36.0711, 36.062, 36.1018, 35.9051, 35.979, 35.9159, 
Time to set up datastructures: 10353.4ms
35.0001, 35.079, 35.1589, 34.935, 35.0308, 35.104, 35.121, 35.0699, 34.996, 35.0778, 35.6448, 35.193, 35.238, 35.0659, 35.1489, 35.2371, 35.1691, 35.111, 35.254, 35.2101, 41.7118, 35.4681, 35.0521, 35.1701, 35.1379, 35.2111, 35.0549, 35.0399, 36.9811, 35.2309, 34.9791, 35.1939, 35.177, 35.0411, 35.4271, 35.166, 34.9109, 35.0261, 35.1028, 35.0242, 34.9319, 34.9691, 35.0709, 35.0342, 35.3339, 35.1291, 35.1369, 35.006, 41.4891, 35.2199, 35.0211, 35.2271, 35.0561, 35.1648, 35.078, 35.111, 35.141, 35.1212, 35.1789, 35.0852, 35.0859, 35.1291, 35.115, 35.002, 35.152, 35.0621, 34.966, 35.147, 35.1391, 37.0569, 35.157, 34.945, 35.2829, 35.1071, 35.1839, 35.0759, 35.3, 35.054, 35.073, 34.965, 36.6428, 35.2001, 35.121, 34.914, 35.213, 35.125, 37.0681, 35.2099, 35.14, 35.1701, 35.0249, 35.146, 35.135, 35.1732, 35.0959, 35.085, 35.1319, 36.1841, 35.1, 36.1872, 
Time to set up datastructures: 10334.3ms
36.5391, 35.212, 36.674, 35.8479, 34.7419, 34.533, 34.7302, 34.688, 34.642, 34.802, 34.6351, 34.739, 34.8089, 34.6501, 35.9619, 36.5212, 34.827, 34.904, 34.621, 34.4889, 34.585, 34.7581, 34.62, 34.718, 34.7469, 34.642, 35.8641, 34.7009, 34.529, 34.668, 34.646, 34.7209, 34.5719, 34.6692, 34.7059, 34.678, 34.729, 34.642, 34.646, 34.7669, 34.6072, 36.1369, 35.3692, 34.7209, 34.6789, 34.713, 34.6601, 34.6861, 34.698, 34.801, 34.811, 34.77, 34.703, 34.8299, 34.6992, 34.7688, 36.4492, 37.137, 36.1588, 34.6751, 40.3891, 36.6828, 35.033, 34.7781, 34.6489, 34.7311, 34.61, 34.7509, 34.7381, 34.6999, 34.6379, 34.8191, 34.7509, 34.6301, 34.657, 34.6901, 34.668, 34.6739, 34.636, 34.642, 34.6901, 34.6799, 34.7531, 34.7281, 34.7128, 36.7372, 34.8039, 34.6959, 34.677, 34.677, 34.5309, 34.6968, 36.752, 34.7281, 36.5801, 37.7409, 34.8282, 34.7168, 34.683, 34.6839, 
Time to set up datastructures: 10370.9ms
33.988, 34.0819, 34.0762, 34.1189, 34.2641, 34.009, 33.9549, 34.1692, 34.7559, 34.0459, 34.0359, 34.0621, 34.0519, 34.1611, 34.148, 33.9739, 33.9901, 34.0018, 34.1711, 33.9839, 34.0531, 33.937, 34.0459, 34.0681, 34.2171, 34.0488, 34.076, 35.6781, 34.111, 34.095, 34.0788, 34.1589, 34.0519, 33.987, 34.112, 34.0002, 34.035, 34.1969, 34.0171, 34.029, 34.0481, 34.054, 33.9868, 34.1039, 33.9501, 33.922, 40.4391, 36.1938, 34.2152, 34.0528, 34.0819, 34.8101, 34.0741, 34.147, 34.0819, 34.0731, 34.05, 34.0159, 34.1101, 34.0729, 34.029, 34.08, 33.916, 36.6151, 35.471, 35.5489, 34.1601, 34.194, 34.1299, 34.2071, 34.2269, 34.168, 34.0052, 34.3568, 34.0881, 34.2259, 33.9611, 33.978, 33.9351, 34.1601, 33.9708, 34.0099, 34.044, 34.1179, 34.0152, 34.1249, 34.1341, 33.968, 34.081, 33.917, 34.066, 34.0111, 34.116, 34.127, 34.1108, 34.0409, 34.0221, 34.029, 34.034, 33.9618, 
Time to set up datastructures: 10311.4ms
33.989, 33.9341, 33.895, 33.9949, 33.869, 33.8731, 33.9611, 33.9739, 33.87, 33.9279, 37.2891, 34.106, 33.9911, 33.9978, 33.7939, 33.776, 33.8359, 35.192, 34.121, 33.9191, 33.8459, 33.9031, 33.9191, 33.9029, 33.951, 34.0569, 33.8891, 33.9291, 34.0219, 33.926, 33.9131, 33.9088, 33.8371, 33.8621, 33.9098, 33.8862, 33.8738, 33.977, 33.9, 33.9031, 33.814, 33.8249, 33.9501, 35.1729, 33.9921, 33.9091, 33.941, 33.9539, 33.931, 33.8531, 33.8719, 33.9692, 33.9499, 35.3332, 34.1489, 33.9839, 34.0061, 33.8728, 33.8371, 33.901, 33.8919, 33.9642, 33.9711, 34.1098, 33.967, 34.0128, 33.8552, 33.8979, 33.968, 33.947, 33.8421, 33.9141, 33.941, 33.9019, 34.0199, 33.8922, 33.942, 33.915, 34.0328, 33.9351, 33.8819, 35.537, 34.008, 33.9491, 34.0018, 34.0512, 33.7989, 33.8709, 33.952, 33.8788, 33.8321, 33.8559, 34.003, 33.8962, 33.8299, 33.916, 33.8469, 33.7701, 33.8299, 34.9562, 
Running Threadpool implementation with double the amount of partitions than threads
Time to set up datastructures: 10516ms
117.256, 116.902, 117.959, 117.345, 118.456, 117.566, 124.413, 125.66, 117.512, 118.385, 118.832, 118.003, 127.584, 117.43, 117.029, 117.98, 117.737, 124.275, 123.475, 116.958, 120.007, 117.984, 117.405, 118.097, 117.334, 116.835, 123.176, 116.907, 124.173, 119.447, 118.196, 117.451, 116.975, 117.927, 118.554, 117.743, 124.104, 117.142, 118.274, 117.595, 118.132, 117.408, 116.928, 118.007, 123.361, 122.436, 118.264, 119.679, 117.573, 121.547, 117.791, 117.206, 118.065, 117.464, 116.864, 124.569, 118.045, 117.045, 118.08, 117.447, 118.301, 117.447, 117.068, 124.209, 118.094, 117.144, 118.206, 117.702, 118.347, 117.394, 118.441, 124.843, 117.261, 120.73, 121.231, 117.693, 118.422, 117.656, 118.76, 117.355, 118.321, 117.642, 125.899, 117.628, 117.181, 118.049, 117.337, 118.206, 124.929, 117.235, 118.15, 117.375, 118.465, 123.48, 121.72, 117.122, 126.354, 116.408, 117.086, 118.023, 
Time to set up datastructures: 10509.9ms
79.998, 79.9911, 80.1029, 79.921, 79.3419, 80.2689, 88.1631, 80.26, 80.2019, 79.86, 80.0161, 80.0071, 80.21, 80.837, 89.123, 84.671, 80.6708, 80.6301, 80.0111, 81.219, 80.9529, 80.688, 92.6292, 85.953, 87.7011, 84.796, 80.7209, 81.5902, 84.9829, 86.4851, 88.321, 81.425, 80.899, 80.5781, 82.113, 86.0009, 86.293, 87.543, 81.1751, 80.8468, 84.9252, 86.1399, 80.811, 80.179, 88.649, 81.5909, 89.9858, 83.0801, 81.1279, 95.0961, 85.2809, 80.2422, 81.8019, 80.9681, 80.843, 80.209, 80.138, 80.2569, 81.4931, 80.9641, 80.1449, 80.204, 87.4002, 93.1859, 90.4369, 81.218, 90.693, 84.5501, 85.408, 84.9359, 81.1381, 81.0061, 82.2098, 81.0251, 80.7738, 80.6539, 80.5271, 80.3549, 81.219, 80.8802, 80.688, 80.101, 80.3649, 80.1971, 81.3599, 81.11, 80.6398, 79.8709, 80.0691, 80.1511, 81.98, 86.184, 84.065, 80.3702, 80.3759, 81.2171, 81.9719, 91.881, 87.419, 85.048, 
Time to set up datastructures: 10502.8ms
62.2051, 62.207, 62.2151, 68.774, 63.21, 62.2568, 62.0711, 62.125, 62.17, 63.457, 62.299, 62.062, 69.582, 63, 62, 61.9922, 62.907, 62.0921, 62.0508, 62.3751, 62.1371, 69.2079, 62.3541, 62.444, 61.929, 62.212, 62.0332, 67.771, 63.03, 62.0129, 62.18, 62.0921, 62.88, 69.0069, 62.35, 62.2141, 62.1119, 67.8861, 63.1719, 62.6791, 69.4292, 62.336, 62.9249, 67.6682, 63.2019, 62.0289, 62.2501, 62.1481, 62.181, 70.4699, 62.6669, 63.1411, 69.2089, 62.5551, 69.4931, 62.6481, 67.9998, 68.356, 62.427, 62.2191, 62.2299, 62.053, 62.0899, 62.062, 61.9011, 68.4519, 63.7929, 62.4669, 64.425, 62.2902, 62.192, 62.1529, 62.191, 62.0811, 62.1319, 62.4671, 61.9121, 62.355, 61.908, 62.166, 62.0549, 62.1991, 62.1819, 61.9941, 62.284, 62.0849, 62.0911, 62.1839, 62.187, 62.027, 69.9821, 62.4709, 62.289, 62.129, 62.264, 62.2361, 62.1159, 62.0911, 62.1719, 62.346, 
Time to set up datastructures: 10466ms
51.8649, 51.7812, 51.8219, 51.873, 51.847, 51.8091, 51.749, 51.7509, 52.2089, 51.77, 51.9328, 51.7669, 51.7621, 51.7528, 52.211, 51.801, 52.073, 51.8608, 51.8501, 51.7991, 52.186, 51.8551, 52.1491, 51.8129, 51.873, 51.9831, 52.0289, 51.882, 51.966, 52.2349, 52.1181, 51.918, 51.8379, 52.0201, 52.027, 51.9071, 52.0101, 52.0148, 52.182, 51.986, 51.9629, 51.9981, 51.8789, 52.0852, 51.9459, 52.0449, 51.9562, 52.316, 51.9459, 51.9791, 51.9321, 52.0449, 51.918, 51.9621, 51.893, 52.1259, 51.95, 52.0432, 52.0198, 52.063, 52.026, 51.996, 52.1631, 52.0079, 51.904, 51.7821, 51.914, 51.9929, 52.073, 52.068, 52.1851, 51.9531, 51.9969, 51.9421, 51.8701, 52.2528, 51.887, 51.9409, 52.1731, 52.0489, 52.007, 51.775, 52.0611, 52.084, 51.897, 51.893, 52.078, 52.1729, 53.0431, 56.895, 52.634, 52.46, 57.0948, 58.1338, 54.9452, 56.7, 52.1169, 51.825, 52.1691, 51.847, 
Time to set up datastructures: 10499.9ms
45.845, 45.696, 46.0219, 45.9239, 46.3178, 45.7411, 46.17, 45.953, 46.2639, 46.0231, 45.9249, 45.7408, 46.349, 46.0911, 46.108, 45.81, 46.304, 46.0529, 46.1271, 46.1888, 45.732, 46.217, 46.3018, 51.2941, 46.391, 46.2089, 46.2601, 46.1609, 46.7212, 46.35, 46.365, 45.81, 46.288, 45.712, 47.102, 47.375, 47.6341, 46.715, 47.0278, 50.3011, 47.9851, 48.306, 49.757, 47.688, 47.595, 47.1249, 47.406, 46.6988, 47.1542, 51.085, 47.8349, 47.55, 51.0712, 52.8529, 47.6511, 46.757, 47.1151, 49.8199, 50.513, 50.9799, 50.59, 46.8371, 47.0901, 47.523, 47.4839, 46.699, 46.8411, 47.2929, 47.4379, 47.549, 47.683, 46.69, 47.0181, 48.4312, 49.3929, 46.0131, 47.087, 47.714, 50.8821, 50.0338, 48.5139, 47.313, 47.446, 47.2829, 46.8071, 49.2961, 46.8049, 47.0459, 47.523, 47.606, 47.4081, 47.7519, 46.633, 47.0381, 47.369, 47.5111, 47.617, 47.389, 46.833, 51.5919, 
Time to set up datastructures: 10493.1ms
45.9371, 45.1229, 42.51, 42.918, 42.4502, 42.6388, 42.9242, 42.352, 42.733, 43.0892, 42.3391, 42.743, 45.4719, 47.7421, 44.7359, 43.9301, 43.627, 42.8109, 43.041, 42.3691, 42.82, 42.984, 42.3, 42.7089, 43.062, 42.3861, 42.7709, 42.9292, 42.212, 42.9039, 42.9261, 42.3889, 42.7999, 43.9551, 43.061, 43.1612, 42.49, 42.8879, 43.107, 42.4371, 42.1948, 43.1979, 42.4781, 42.7489, 43.0529, 42.408, 42.8371, 43.036, 43.36, 42.5222, 45.8469, 48.213, 43.5989, 42.537, 42.829, 43.124, 43.2389, 42.536, 42.897, 44.806, 47.1981, 44.6041, 43.4449, 42.232, 42.465, 42.9568, 43.242, 42.371, 42.825, 46.463, 42.8839, 45.6691, 45.996, 42.706, 43.056, 42.5141, 43.0481, 42.547, 46.6981, 45.2499, 49.078, 43.201, 43.4821, 42.618, 42.8779, 43.1421, 43.1991, 42.4891, 43.1199, 43.0779, 43.4911, 42.5889, 42.8619, 46.2852, 45.9089, 44.5631, 46.0989, 43.4842, 42.686, 43.0889, 
Time to set up datastructures: 10479.5ms
42.8011, 42.1538, 40.7519, 39.4671, 39.9079, 39.8729, 39.8932, 39.8791, 39.9539, 40.2241, 39.4731, 40.118, 40.1089, 39.9601, 40.0989, 40.0641, 40.1459, 40.0751, 40.0851, 40.0181, 40.0879, 40.046, 40.0381, 39.9821, 42.582, 39.5999, 39.7651, 39.9139, 39.8471, 39.7871, 39.4068, 40.0591, 40.0259, 39.9921, 39.9511, 39.973, 40.029, 39.896, 40.0088, 42.9242, 44.1921, 41.1949, 42.269, 40.252, 42.8379, 43.3249, 39.8579, 39.8571, 39.8979, 40.0171, 39.9818, 39.907, 39.9208, 40.0212, 39.9139, 39.921, 39.9621, 40.071, 39.9849, 40.1001, 40.0178, 39.9032, 39.988, 40.046, 40.072, 40.066, 39.9508, 40.004, 39.4268, 40.086, 40.091, 40.0651, 40.02, 40.0171, 40.0369, 40.06, 40.1061, 40.0441, 40.0839, 39.9799, 39.937, 40.024, 39.984, 40.0219, 39.993, 39.9671, 40.0169, 39.974, 39.9871, 39.9308, 39.9511, 40.138, 40.0679, 39.9702, 40.0209, 40.045, 40.0591, 39.9389, 39.8381, 40.0019, 
Time to set up datastructures: 10514.6ms
40.396, 39.3271, 39.6349, 40.488, 37.776, 38.2049, 37.9381, 37.4489, 37.2031, 37.03, 36.943, 37.3421, 37.5161, 37.2109, 37.518, 37.3878, 37.0421, 37.642, 37.5309, 40.436, 40.6141, 37.437, 37.3199, 37.19, 37.3819, 37.2171, 37.384, 37.478, 37.2939, 37.2732, 37.4579, 37.3499, 37.688, 37.4391, 37.2438, 39.4621, 37.637, 37.5218, 37.3409, 41.3661, 41.157, 39.9358, 37.641, 40.1671, 40.3171, 40.149, 40.262, 39.187, 38.5091, 38.074, 39.5639, 40.8549, 40.4251, 42.82, 40.0541, 38.8241, 38.8501, 37.5268, 38.7082, 38.3458, 37.6821, 37.437, 37.852, 37.6141, 37.189, 37.5979, 37.3871, 37.2291, 37.6489, 37.42, 37.8408, 37.698, 37.2171, 37.6079, 37.4689, 37.3392, 37.6139, 37.468, 41.4062, 41.3389, 38.5711, 41.2419, 40.246, 39.7408, 38.871, 37.8461, 38.8041, 38.2509, 37.8311, 37.379, 37.1721, 37.5659, 37.457, 37.812, 37.6799, 37.3631, 37.535, 37.4641, 37.3209, 37.3521, 
Time to set up datastructures: 10515.9ms
36.1359, 36.0961, 36.207, 35.985, 36.0551, 38.7778, 38.7061, 39.551, 37.3819, 37.894, 38.0039, 38.4049, 38.645, 38.8281, 38.6279, 37.8602, 37.6339, 37.411, 37.1501, 36.947, 36.917, 36.7081, 36.6418, 36.7022, 36.413, 36.2599, 36.3221, 36.2589, 38.5721, 38.789, 38.789, 36.2799, 37.2951, 36.7701, 37.76, 38.245, 37.6461, 39.295, 37.7882, 38.3589, 39.052, 39.185, 38.7459, 37.585, 37.853, 37.6761, 37.5819, 37.7631, 37.3609, 37.2238, 36.9952, 36.9558, 39.376, 36.294, 36.6809, 38.1439, 36.1152, 36.695, 39.2809, 38.2881, 36.581, 37.6749, 36.278, 36.4251, 36.562, 36.3948, 36.4161, 36.3011, 36.0029, 38.774, 38.7981, 38.6391, 38.5449, 36.5419, 37.6711, 36.746, 38.2681, 38.193, 37.9529, 39.0568, 38.2142, 38.0459, 38.6081, 37.8709, 37.8091, 37.2858, 37.1082, 37.1139, 36.1919, 36.6731, 39.443, 36.382, 39.221, 36.479, 36.8381, 37.2319, 37.0581, 36.7751, 38.383, 38.3968, 
Time to set up datastructures: 10508.6ms
35.233, 35.219, 35.5091, 35.629, 35.5968, 35.7811, 35.8491, 35.969, 35.903, 35.8989, 36.051, 35.97, 37.0359, 35.4211, 35.8689, 35.3081, 35.995, 36.097, 36.0339, 36, 36.166, 36.0842, 35.9941, 35.9368, 35.912, 35.996, 35.9888, 36.0491, 36.051, 36.0999, 36.0701, 36.1099, 36.0219, 36.0231, 35.9621, 36.119, 35.96, 36.154, 36.027, 36.0839, 36.1321, 35.9449, 36.119, 35.949, 36.0131, 35.948, 35.9159, 36.0532, 35.9259, 35.99, 36.042, 36.128, 35.989, 35.903, 36.0651, 35.9769, 36.0348, 35.9931, 35.8419, 36.1352, 37.6668, 37.5462, 37.1258, 36.1638, 35.9561, 36.0301, 36.099, 36.0379, 36.0451, 36.026, 36.2499, 36.5191, 35.795, 36.4232, 36.556, 36.4659, 35.805, 35.3541, 35.81, 37.6248, 35.753, 35.7971, 35.7409, 35.9099, 35.753, 35.857, 35.547, 35.8131, 35.943, 35.9089, 35.9561, 36.582, 36.4218, 36.3822, 36.3698, 36.3379, 36.396, 35.7571, 36.145, 36.289, 
Time to set up datastructures: 10496.7ms
35.264, 35.3761, 36.2918, 36.1969, 35.382, 36.634, 35.423, 35.7521, 35.6328, 35.9302, 35.64, 35.9478, 35.6641, 35.7342, 35.691, 35.919, 35.856, 36.0339, 35.8651, 35.7349, 36.0692, 36.072, 35.4369, 36.1941, 36.68, 35.9201, 36.2279, 35.8491, 35.639, 36.011, 35.9619, 36.042, 35.8472, 36.2258, 36.0942, 36.0429, 35.619, 35.4719, 35.9881, 36.6211, 36.1409, 36.273, 35.8579, 36.0332, 35.9261, 35.661, 36.1009, 36.041, 36.159, 36.14, 36.3362, 36.2909, 36.299, 35.959, 36.1512, 35.898, 35.9979, 35.4218, 36.0501, 35.7599, 36.0372, 36.0079, 36.0022, 35.5599, 36.0591, 36.1819, 36.0951, 36.2959, 36.062, 36.247, 36.0451, 35.9399, 35.763, 36.0799, 36.0961, 35.6028, 36.2229, 36.032, 36.0391, 36.0799, 36.2389, 35.9218, 35.938, 35.774, 35.9781, 35.9721, 35.9449, 35.619, 36.073, 36.1481, 36.0579, 36.243, 36.104, 36.284, 35.831, 36.2132, 35.785, 35.917, 35.4822, 36.0599, 
Time to set up datastructures: 10527.7ms
36.2442, 35.5539, 35.5651, 36.516, 36.351, 35.604, 36.854, 35.9161, 36.88, 35.9869, 36.217, 36.545, 35.0599, 35.9359, 35.459, 35.4471, 35.7499, 35.5251, 35.727, 36.581, 35.9838, 36.2341, 35.738, 36.2899, 35.9712, 36.1938, 36.5491, 36.0501, 36.392, 35.9099, 37.0152, 36.0498, 36.742, 36.8431, 35.692, 35.9268, 35.4319, 35.7091, 35.5649, 35.748, 35.383, 35.8491, 35.4309, 36.094, 35.3708, 36.2508, 36.2091, 36.267, 36.9499, 35.5158, 36.0808, 36.2542, 36.8109, 36.118, 36.972, 36.87, 36.2201, 36.582, 36.8121, 36.437, 36.1531, 36.8719, 36.6189, 35.9681, 36.128, 35.11, 35.517, 35.428, 36.263, 35.882, 36.366, 37.293, 36.6321, 37.0131, 36.3379, 36.412, 36.3111, 35.9399, 36.1121, 35.706, 35.4841, 35.4118, 35.192, 35.7459, 35.749, 35.255, 35.7921, 35.408, 35.666, 35.238, 35.305, 34.935, 35.4481, 35.3539, 34.5511, 34.3511, 34.75, 34.3499, 34.1451, 35.7609, 
Time to set up datastructures: 10501.6ms
34.997, 35.2771, 34.7259, 35.1632, 35.2299, 35.4879, 35.9371, 36.9501, 36.582, 36.1059, 35.295, 35.403, 35.049, 34.9181, 34.2228, 34.4398, 34.1642, 34.183, 34.7788, 34.7521, 34.0691, 34.4069, 34.07, 34.138, 34.373, 35.3441, 35.691, 35.3608, 36.1769, 35.3029, 36.4802, 35.8188, 36.0711, 35.2671, 35.907, 35.4209, 35.845, 35.2991, 35.5611, 35.2149, 35.6081, 35.1889, 35.408, 34.256, 33.9289, 35.394, 35.322, 34.1699, 34.061, 35.6882, 34.925, 34.169, 34.3831, 34.4949, 34.7281, 34.7931, 34.862, 34.873, 34.9331, 35.2299, 35.238, 35.4531, 35.274, 35.6338, 35.6901, 36.5031, 36.0711, 36.1779, 35.5189, 35.434, 35.1551, 35.526, 35.0871, 35.2948, 35.4512, 35.377, 34.219, 34.25, 34.0939, 34.7321, 34.0269, 33.8891, 33.9661, 33.9189, 35.2702, 34.173, 34.014, 34.0528, 33.874, 33.915, 34.0011, 33.9611, 33.983, 34.122, 33.953, 33.9291, 33.999, 34.013, 33.901, 33.9811, 
Running CRSMerge implementation
Time to set up datastructures: 15099.3ms
114.922, 114.798, 114.808, 114.765, 114.898, 114.85, 114.872, 114.873, 114.936, 114.995, 115.091, 114.868, 114.792, 114.832, 114.838, 114.831, 114.955, 115.052, 114.913, 114.861, 114.746, 114.78, 114.843, 114.914, 114.838, 114.771, 114.844, 114.795, 114.809, 114.837, 114.885, 115.007, 114.994, 114.809, 115.304, 115.093, 114.875, 114.996, 114.83, 114.797, 114.845, 114.941, 114.915, 114.768, 115.306, 114.962, 114.976, 114.923, 114.82, 114.932, 114.875, 114.94, 114.926, 115, 114.804, 114.837, 114.896, 114.872, 114.966, 114.92, 114.863, 114.896, 114.822, 114.919, 115.107, 114.868, 114.885, 114.961, 114.762, 114.846, 114.906, 114.988, 114.791, 114.827, 114.86, 114.919, 114.856, 114.848, 114.957, 115.154, 114.788, 114.861, 114.832, 114.943, 114.908, 114.991, 114.899, 114.942, 114.905, 114.952, 114.965, 114.789, 114.813, 115.022, 114.851, 114.778, 114.923, 115.025, 114.841, 114.842, 
Time to set up datastructures: 12208.5ms
79.1471, 78.9249, 79.1421, 78.9859, 79.0541, 79.0639, 79.3869, 79.4821, 79.0491, 79.006, 79.195, 79.0329, 79.077, 79.221, 78.975, 79.546, 79.268, 79.0339, 79.0761, 79.1662, 79.078, 78.9859, 79.088, 79.0491, 79.0699, 79.1352, 79.056, 79.0758, 79.2301, 79.366, 79.0331, 79.1829, 79.134, 79.0851, 79.0839, 79.226, 79.1221, 78.9511, 79.1001, 79.268, 79.119, 79.37, 79.0639, 79.0741, 79.1049, 79.3979, 79.1509, 79.1299, 79.0701, 79.0069, 78.9971, 79.1171, 79.0989, 79.231, 79.1922, 79.3848, 79.2809, 79.52, 79.175, 79.0792, 79.1829, 79.263, 79.0129, 79.0491, 79.0911, 79.1399, 79.3381, 79.0329, 79.1202, 79.4339, 79.205, 79.3619, 79.061, 79.061, 79.0639, 79.0951, 79.098, 79.226, 79.0379, 79.1161, 79.011, 79.113, 79.1662, 79.1299, 79.1531, 79.1099, 79.2251, 79.077, 79.0219, 79.0491, 79.1521, 79.1059, 79.2599, 79.247, 79.1481, 79.155, 79.123, 79.0901, 79.1879, 78.99, 
Time to set up datastructures: 17827ms
62.0451, 62.1059, 61.9361, 62.017, 61.9509, 62.0151, 61.976, 61.9571, 61.9299, 62.0401, 62.0599, 61.9171, 62.016, 61.99, 62.166, 61.9822, 61.9569, 62.0382, 62.098, 62.006, 61.9268, 62.0251, 62.108, 61.9261, 62.036, 62.1159, 62.058, 61.945, 62.0019, 62.0191, 62.072, 62.036, 62.0251, 62.104, 62.139, 61.9409, 61.9161, 61.9769, 62.1371, 61.9879, 61.9872, 61.976, 61.9581, 62.0449, 61.99, 61.9729, 61.9271, 62.0401, 61.7559, 62.0959, 62.043, 62.0282, 62.057, 61.9669, 62.0019, 62.0141, 61.904, 61.9872, 62.089, 61.9621, 62.0179, 63.8599, 63.349, 63.5362, 62.7348, 62.649, 62.5858, 62.5231, 62.5899, 62.526, 62.49, 62.6619, 62.5441, 62.5231, 62.485, 62.526, 62.588, 62.494, 62.5119, 62.4402, 62.4421, 62.3238, 62.577, 62.4542, 62.4778, 62.4921, 62.4769, 62.4459, 62.4959, 62.4821, 62.418, 62.3751, 62.3579, 62.3631, 62.4609, 62.5329, 62.3569, 62.5288, 62.4628, 62.3851, 
Time to set up datastructures: 16692.3ms
51.6529, 51.697, 51.702, 51.713, 51.7321, 51.728, 51.7271, 51.6679, 51.7151, 51.7161, 51.8539, 51.666, 51.7271, 51.8191, 51.6829, 51.666, 51.7461, 51.6789, 51.8961, 51.7008, 51.7759, 51.755, 51.718, 51.7361, 51.832, 51.702, 51.65, 51.769, 51.76, 51.707, 51.8081, 51.882, 51.8019, 51.7349, 51.6548, 51.8241, 51.703, 51.753, 51.79, 51.697, 51.7261, 51.8949, 51.8281, 51.806, 51.76, 51.764, 51.76, 51.8, 51.769, 51.8029, 51.8692, 51.7809, 51.7991, 51.7991, 51.6679, 51.7709, 51.8188, 51.7941, 51.682, 51.717, 51.682, 51.836, 51.8191, 51.748, 51.7581, 51.791, 51.878, 51.7509, 51.7392, 51.7528, 51.6851, 51.862, 51.733, 51.8501, 51.861, 51.8079, 51.7211, 51.7628, 51.81, 51.728, 51.847, 51.753, 51.743, 51.7721, 51.729, 51.77, 51.7311, 51.6698, 51.8272, 51.7828, 51.8181, 51.8, 51.8918, 51.7712, 51.7809, 51.8219, 51.9559, 51.8351, 51.7921, 52.022, 
Time to set up datastructures: 18114.8ms
45.4149, 45.4762, 45.4159, 45.454, 45.5551, 45.418, 45.465, 45.541, 45.5751, 45.5399, 45.4578, 45.506, 45.486, 45.5282, 45.4888, 45.4941, 45.45, 45.5611, 45.4891, 45.541, 45.475, 45.5389, 45.5101, 45.548, 45.5461, 45.66, 45.49, 45.553, 45.5592, 45.5048, 45.5022, 45.5959, 45.553, 45.5091, 45.5019, 45.5279, 45.6011, 45.5198, 45.4662, 45.5959, 45.5022, 45.5239, 45.521, 45.557, 45.5179, 45.5511, 45.521, 45.6131, 45.496, 45.608, 45.5399, 45.537, 45.5241, 45.5019, 45.64, 45.609, 45.6309, 45.619, 45.594, 45.5561, 45.5048, 45.6262, 45.5999, 45.5601, 45.553, 45.5399, 45.5692, 45.532, 45.6309, 45.5639, 45.5761, 45.646, 45.5291, 45.5089, 45.5501, 45.7399, 45.552, 45.5902, 45.5639, 45.6209, 45.5129, 45.5611, 45.6529, 45.608, 45.6271, 45.588, 45.5749, 45.536, 45.5949, 45.6381, 45.588, 45.603, 45.5961, 45.614, 45.696, 45.5461, 45.619, 45.5351, 45.6419, 45.5761, 
Time to set up datastructures: 17916.4ms
41.3072, 41.307, 41.7969, 41.5061, 41.486, 41.4579, 41.399, 41.4319, 41.4009, 41.419, 41.4519, 41.415, 41.4281, 41.3909, 41.434, 41.42, 41.4209, 41.42, 41.363, 41.4722, 41.502, 41.4538, 41.4851, 41.436, 41.4271, 41.5089, 41.4131, 41.507, 41.4102, 41.4979, 41.3809, 41.3692, 41.4109, 41.4519, 41.41, 41.441, 41.3668, 41.3458, 41.4312, 41.4398, 41.5249, 41.5092, 41.446, 41.4381, 41.481, 41.5199, 41.5051, 41.45, 41.5258, 41.5111, 41.522, 41.4929, 41.424, 41.4832, 41.4388, 41.4588, 41.553, 41.4569, 41.4259, 41.5719, 41.5142, 41.4159, 41.4472, 41.4908, 41.476, 41.3811, 41.4951, 41.4338, 41.487, 41.5442, 41.4588, 41.4991, 41.4619, 41.4801, 41.5359, 41.46, 41.4422, 41.4319, 41.518, 41.46, 41.466, 41.4751, 41.497, 41.436, 41.4281, 41.4429, 41.5082, 41.4548, 41.5311, 41.5151, 41.497, 41.5649, 41.429, 41.5158, 41.5051, 41.532, 41.621, 41.539, 41.4879, 41.4641, 
Time to set up datastructures: 17474.1ms
38.552, 38.5411, 38.533, 38.599, 38.6269, 38.687, 38.6291, 38.614, 38.5959, 38.6682, 38.6989, 38.712, 38.6059, 38.6021, 38.6469, 38.5501, 38.5919, 38.631, 38.6279, 38.6341, 38.6119, 38.5718, 38.6131, 38.7011, 38.626, 38.645, 38.62, 38.5871, 38.6889, 38.6162, 38.5489, 38.6689, 38.635, 38.713, 38.6229, 38.6422, 38.6329, 38.6341, 38.775, 38.5919, 38.6, 38.599, 38.6908, 38.6369, 38.6329, 38.754, 38.707, 38.63, 38.7208, 38.641, 38.6181, 38.6701, 38.6679, 38.6541, 38.691, 38.6848, 38.6028, 38.6572, 38.6369, 38.687, 38.614, 38.7061, 38.712, 38.7211, 38.693, 38.805, 38.6212, 38.734, 38.6989, 38.7418, 38.7008, 38.7151, 38.7769, 38.7499, 38.7549, 38.712, 38.727, 38.754, 38.769, 38.754, 38.739, 38.604, 38.7959, 38.6581, 38.7108, 38.6288, 38.749, 38.6181, 38.6829, 38.666, 38.6229, 38.8231, 38.6639, 38.6529, 38.64, 38.708, 38.7361, 38.6379, 38.6548, 38.6641, 
Time to set up datastructures: 17698.7ms
36.8109, 36.8321, 36.839, 36.8099, 36.778, 36.7839, 36.8469, 36.7961, 36.804, 36.8631, 36.819, 36.741, 36.8538, 36.813, 36.8731, 36.9029, 36.799, 36.8319, 36.839, 36.9391, 36.9298, 36.8941, 36.8659, 36.8211, 36.932, 36.8569, 36.7918, 36.9248, 36.8421, 36.8121, 36.8779, 36.8311, 36.8738, 36.8469, 36.772, 36.783, 36.828, 36.8931, 36.855, 36.9711, 37.015, 36.9129, 36.8471, 36.947, 36.8359, 36.9122, 36.8478, 36.87, 36.7999, 36.9909, 36.85, 36.8891, 36.8819, 36.936, 36.839, 36.9639, 36.8462, 36.9189, 36.9091, 36.871, 36.927, 36.9661, 36.8819, 36.9449, 36.8352, 36.8969, 36.937, 36.8321, 36.9229, 36.926, 36.9179, 36.8981, 36.8938, 36.901, 36.983, 36.8631, 36.943, 36.9141, 36.963, 36.891, 36.8969, 36.9282, 36.906, 36.9329, 36.8621, 36.8788, 36.953, 36.901, 36.9041, 36.9329, 36.849, 36.9849, 36.8581, 36.8509, 36.9761, 36.921, 36.8948, 36.8941, 36.912, 36.9711, 
Time to set up datastructures: 17903.5ms
35.5101, 35.475, 35.413, 35.491, 35.424, 35.522, 35.4509, 35.517, 35.5141, 35.507, 35.4161, 35.517, 35.538, 35.327, 35.464, 35.418, 35.543, 35.4311, 35.5139, 35.444, 35.4438, 35.532, 35.4259, 35.4631, 35.5151, 35.44, 35.5048, 35.5759, 35.5711, 35.522, 35.506, 35.526, 35.46, 35.496, 35.44, 35.5191, 35.4629, 35.512, 35.5489, 35.5031, 35.3999, 35.502, 35.6359, 35.4931, 35.5759, 35.4331, 35.5639, 35.5148, 35.517, 35.4791, 35.4931, 35.5699, 35.4569, 35.4919, 35.485, 35.5089, 35.4972, 35.6009, 35.5141, 35.5859, 35.5051, 35.5821, 35.5868, 35.5132, 35.5389, 35.5401, 35.517, 35.496, 35.4791, 35.435, 35.4729, 35.6061, 35.491, 35.5239, 35.4588, 35.5291, 35.533, 35.516, 35.4681, 35.5539, 35.5499, 35.506, 35.552, 35.5179, 35.5339, 35.5651, 35.4888, 35.471, 35.4631, 35.4781, 35.4171, 35.449, 35.81, 35.533, 35.507, 35.5389, 35.6011, 35.4869, 35.593, 35.6469, 
Time to set up datastructures: 18005.9ms
34.477, 34.5552, 34.518, 34.5399, 34.6901, 34.538, 34.58, 34.5359, 34.58, 34.559, 34.6258, 34.6, 34.595, 34.533, 34.683, 34.656, 34.5211, 34.56, 34.6689, 34.6901, 34.6498, 34.6181, 34.529, 34.5941, 34.5418, 34.7781, 34.595, 34.575, 34.5521, 34.5619, 34.6191, 34.518, 34.579, 34.579, 34.533, 34.6148, 34.56, 34.5812, 34.6448, 34.6711, 34.6851, 34.554, 34.56, 34.5829, 34.5681, 34.6, 34.514, 34.5631, 34.6379, 34.5821, 34.5531, 34.4949, 34.678, 34.879, 34.6382, 34.651, 34.5409, 34.6279, 34.5001, 34.5399, 34.539, 34.503, 34.7402, 34.534, 34.5669, 34.5321, 34.5619, 34.6251, 34.5621, 34.5891, 34.5678, 34.6341, 34.5409, 34.548, 34.5261, 34.579, 34.534, 34.56, 34.5099, 34.5702, 34.523, 34.5249, 34.5821, 34.6661, 34.5359, 34.6351, 34.5008, 34.5922, 34.529, 34.5869, 34.5681, 34.517, 34.5259, 34.565, 34.4961, 34.5531, 34.564, 34.56, 34.611, 34.5471, 
Time to set up datastructures: 17795.3ms
34.3332, 34.3168, 34.2069, 34.2331, 34.224, 34.246, 34.2939, 34.2522, 34.2081, 34.3449, 34.1771, 34.2779, 34.2669, 34.1711, 34.2851, 34.173, 34.1809, 34.0941, 34.2979, 34.2391, 34.1501, 34.2319, 34.2591, 34.322, 34.1609, 34.1811, 34.169, 34.2779, 34.2538, 34.2681, 34.204, 34.26, 34.2479, 34.245, 34.2271, 34.271, 34.2588, 34.214, 34.1742, 34.2829, 34.3001, 34.22, 34.21, 34.2159, 34.1871, 34.292, 34.2791, 34.2579, 34.1561, 34.214, 34.2121, 34.1871, 34.2238, 34.1351, 34.1079, 34.2362, 34.2438, 34.1401, 34.224, 34.2178, 34.215, 34.225, 34.1711, 34.1589, 34.2081, 34.246, 34.2131, 34.137, 34.1868, 34.1592, 34.3449, 34.173, 34.255, 34.2181, 34.27, 34.281, 34.2078, 34.2162, 34.246, 34.2419, 34.1201, 34.1651, 34.147, 34.1539, 34.2641, 34.2669, 34.23, 34.1589, 34.2441, 34.2519, 34.2011, 34.1129, 34.2, 34.2741, 34.1811, 34.2848, 34.2331, 34.308, 34.2, 34.184, 
Time to set up datastructures: 18008.8ms
33.5381, 33.592, 33.7021, 33.5889, 33.5419, 33.6211, 33.6649, 33.607, 33.5472, 33.587, 33.5319, 33.5162, 33.654, 33.658, 33.6859, 33.576, 33.5932, 33.567, 33.577, 33.567, 33.5851, 33.534, 33.5529, 33.6111, 33.741, 33.638, 33.5751, 33.4799, 33.5181, 33.622, 33.6132, 33.5119, 33.4959, 33.4952, 33.581, 33.5791, 33.577, 33.632, 33.612, 33.56, 33.607, 33.6089, 33.7021, 33.5889, 33.551, 33.5841, 33.5839, 33.608, 33.55, 33.5319, 33.5002, 33.5028, 33.524, 33.5531, 33.6261, 33.5469, 33.5891, 33.653, 33.52, 33.6199, 33.6511, 33.6549, 33.6761, 33.572, 33.5941, 33.6399, 33.643, 33.5739, 33.6192, 33.515, 33.6199, 33.5391, 33.4821, 33.5879, 33.5841, 33.5829, 33.6211, 33.5979, 33.5879, 33.56, 33.602, 33.5181, 33.654, 33.654, 33.633, 33.5791, 33.571, 33.5469, 33.478, 33.5259, 33.6001, 33.5131, 33.5419, 33.5441, 33.5159, 33.565, 33.56, 33.587, 33.53, 33.5319, 
Time to set up datastructures: 18044.1ms
33.5102, 33.602, 33.649, 33.6089, 33.556, 33.5541, 33.519, 33.6001, 33.5209, 33.489, 33.5441, 33.5279, 33.6301, 33.567, 33.649, 33.581, 33.53, 33.5031, 33.6339, 33.6101, 33.5939, 33.5672, 33.5588, 33.6258, 33.5062, 33.5319, 33.5622, 33.5729, 33.5641, 33.5898, 33.56, 33.5062, 33.5529, 33.5171, 33.618, 33.5979, 33.618, 33.5822, 33.5209, 33.5629, 33.5941, 33.638, 33.622, 33.5159, 33.5639, 33.6261, 33.6101, 33.5231, 33.5898, 33.5221, 33.545, 33.514, 33.6039, 33.6702, 33.5579, 33.5751, 33.623, 33.4849, 33.5932, 33.6459, 33.5131, 33.5829, 33.5162, 33.5329, 33.5772, 33.494, 33.5, 33.5889, 33.565, 33.551, 33.6261, 33.54, 33.6399, 33.54, 33.6101, 33.622, 33.6521, 33.607, 33.6099, 33.607, 33.5481, 33.5739, 33.6542, 33.5548, 33.5791, 33.6099, 33.6351, 33.649, 33.5319, 33.515, 33.5009, 33.484, 33.5801, 33.571, 33.5159, 33.5441, 33.5591, 33.5739, 33.5081, 33.5841, 
Running CSB implementation
Time to set up datastructures: 17794.8ms
39.191, 39.2041, 39.1228, 39.1841, 39.185, 39.1791, 39.1908, 39.2642, 39.1829, 39.165, 39.192, 39.259, 39.2859, 39.237, 39.32, 39.187, 39.206, 39.185, 39.254, 39.3312, 39.2458, 39.119, 39.1521, 39.1619, 39.2079, 39.1982, 39.3889, 39.15, 39.1691, 39.161, 39.1319, 39.2022, 39.3529, 39.1881, 39.156, 39.12, 39.2089, 39.1228, 39.1951, 39.206, 39.1359, 39.1231, 39.134, 39.216, 39.1378, 39.1111, 39.145, 39.2389, 39.1181, 39.176, 39.1691, 39.2079, 39.151, 39.181, 39.1562, 39.15, 39.2618, 39.139, 39.1619, 39.1359, 39.1541, 39.156, 39.185, 39.134, 39.0871, 39.1181, 39.2268, 39.1312, 39.1331, 39.1788, 39.1219, 39.2182, 39.1979, 39.176, 39.0601, 39.145, 39.1939, 39.1731, 39.1231, 39.2199, 39.134, 39.1691, 39.1459, 39.2339, 39.1879, 39.1331, 39.1259, 39.171, 39.1021, 39.1359, 39.2129, 39.211, 39.166, 39.2671, 39.176, 39.1231, 39.151, 39.079, 39.1362, 39.15, 
Time to set up datastructures: 17572.6ms
33.6881, 33.7281, 33.7369, 33.7071, 33.721, 33.6878, 33.778, 33.802, 33.7229, 33.7121, 33.762, 33.623, 33.798, 33.9069, 33.6971, 33.6239, 33.6769, 33.7238, 33.668, 33.6652, 33.7038, 33.673, 33.6912, 33.6719, 33.6452, 33.807, 33.664, 33.73, 33.735, 33.6399, 33.6471, 33.648, 33.7009, 33.7272, 33.648, 33.731, 33.653, 33.6649, 33.7, 33.7851, 33.7441, 33.989, 33.8919, 33.6511, 33.6771, 33.705, 33.633, 33.6878, 33.5481, 33.664, 33.658, 33.612, 33.7081, 33.7179, 33.73, 33.633, 33.6211, 33.685, 33.704, 33.618, 33.7119, 33.6111, 33.5939, 33.72, 33.7031, 33.644, 33.638, 33.7319, 33.747, 33.6249, 33.6461, 33.6771, 33.7739, 33.6449, 33.6058, 33.684, 33.6251, 33.607, 33.637, 33.5948, 33.7491, 33.709, 33.8321, 33.8211, 33.8209, 33.8092, 33.675, 33.6339, 33.6452, 33.6568, 33.7291, 33.6981, 33.649, 33.6611, 33.6609, 33.6101, 33.7009, 33.6099, 33.7121, 33.6359, 
Time to set up datastructures: 18476.8ms
33.5002, 33.603, 33.5779, 33.5462, 33.5538, 33.54, 33.56, 33.632, 33.4711, 33.4969, 33.4911, 33.529, 33.5331, 33.5619, 33.556, 33.504, 33.556, 33.54, 33.5929, 33.4671, 33.5259, 33.5321, 33.5639, 33.524, 33.5011, 33.5419, 33.52, 33.4601, 33.5789, 33.5259, 33.5221, 33.493, 33.4649, 33.5209, 33.5231, 33.5569, 33.5181, 33.4449, 33.4809, 33.5619, 33.5321, 33.52, 33.4771, 33.499, 33.5069, 33.535, 33.4961, 33.5209, 33.488, 33.5481, 33.4768, 33.484, 33.371, 33.4699, 33.5641, 33.4709, 33.401, 33.4902, 33.4778, 33.4442, 33.5228, 33.5391, 33.5851, 33.5281, 33.4711, 33.5109, 33.5209, 33.529, 33.457, 33.4821, 33.536, 33.4711, 33.493, 33.566, 33.4871, 33.5019, 33.4671, 33.514, 33.498, 33.4809, 33.488, 33.5259, 33.462, 33.566, 33.4799, 33.4649, 33.4771, 33.4949, 33.4852, 33.4568, 33.4692, 33.464, 33.551, 33.468, 33.5441, 33.576, 33.478, 33.5059, 33.5538, 33.5031, 
Time to set up datastructures: 20340ms
33.8211, 33.7059, 33.587, 33.5431, 33.5519, 33.5159, 33.6061, 33.5321, 33.5279, 33.54, 33.5011, 33.649, 33.5159, 33.5391, 33.5672, 33.5429, 33.5, 33.4702, 33.5159, 33.5391, 33.493, 33.5319, 33.5121, 33.555, 33.5441, 33.54, 33.535, 33.4611, 33.494, 33.5078, 33.5472, 33.4818, 33.5162, 33.5438, 33.504, 33.5171, 33.5119, 33.4771, 33.5631, 33.551, 33.555, 33.493, 33.54, 33.55, 33.587, 33.5031, 33.56, 33.4339, 33.474, 33.4771, 33.4451, 33.5629, 33.5281, 33.5441, 33.488, 33.536, 33.5479, 33.5832, 33.5078, 33.56, 33.5431, 33.5839, 33.5, 33.4742, 33.438, 33.536, 33.5829, 33.5011, 33.4849, 33.469, 33.536, 33.4101, 33.473, 33.555, 33.5281, 33.5429, 33.509, 33.4771, 33.571, 33.5009, 33.571, 33.4969, 33.4589, 33.51, 33.5979, 33.52, 33.4661, 33.422, 33.5789, 33.4501, 33.473, 33.4971, 33.5009, 33.4339, 33.653, 33.5321, 33.4849, 33.505, 33.489, 33.5081, 
Time to set up datastructures: 20628.1ms
33.9091, 33.8759, 33.9129, 33.891, 33.9, 33.9289, 33.921, 33.921, 33.906, 33.884, 33.88, 33.911, 33.8969, 33.9139, 33.8931, 33.896, 33.8721, 33.8469, 33.9711, 33.9081, 33.9389, 33.869, 33.87, 33.8719, 33.8721, 33.8769, 33.844, 33.8399, 34.0989, 33.9899, 33.9341, 33.8659, 33.8769, 33.891, 33.8688, 33.8962, 33.891, 33.9351, 33.849, 33.833, 33.8449, 33.8399, 33.8399, 33.864, 33.8671, 33.8969, 33.8211, 33.8919, 33.9069, 33.8631, 33.833, 33.8571, 33.9079, 33.85, 33.8762, 33.8368, 33.855, 33.8612, 33.8171, 33.8459, 33.8871, 33.8688, 33.8302, 33.8531, 33.8449, 33.8819, 33.8731, 33.8969, 33.8662, 33.86, 33.839, 33.848, 33.8771, 33.849, 33.8688, 33.854, 33.8359, 33.854, 33.8891, 33.874, 33.8459, 33.834, 33.8559, 33.8669, 33.9031, 33.839, 33.8111, 33.8459, 33.8521, 33.8469, 33.8349, 33.854, 33.7942, 33.8609, 33.808, 33.8452, 33.8328, 33.8502, 33.8709, 33.8631, 
Time to set up datastructures: 21424.1ms
34.0869, 34.1141, 34.107, 34.106, 34.1489, 34.1151, 34.0929, 34.1151, 34.1461, 34.126, 34.0919, 34.1129, 34.111, 34.1191, 34.199, 34.1001, 34.1489, 34.086, 34.0769, 34.0672, 34.0819, 34.126, 34.112, 34.102, 34.075, 34.116, 34.0791, 34.1399, 34.0781, 34.085, 34.1649, 34.1442, 34.091, 34.095, 34.1389, 34.1311, 34.127, 34.152, 34.1139, 34.085, 34.1141, 34.122, 34.1289, 34.128, 34.1072, 34.0979, 34.112, 34.122, 34.1301, 34.1039, 34.1101, 34.0681, 34.1051, 34.1849, 34.1241, 34.1289, 34.121, 34.1198, 34.1148, 34.1148, 34.1072, 34.1349, 34.091, 34.1341, 34.0819, 34.1101, 34.138, 34.0841, 34.116, 34.091, 34.1179, 34.106, 34.0939, 34.0772, 34.117, 34.1649, 34.152, 34.0991, 34.0929, 34.1249, 34.097, 34.1091, 34.132, 34.1439, 34.054, 34.0979, 34.0948, 34.0772, 34.1201, 34.1439, 34.1251, 34.148, 34.0779, 34.101, 34.1201, 34.1561, 34.0688, 34.1191, 34.097, 34.049, 
Time to set up datastructures: 21509.3ms
34.0099, 34.066, 34.09, 34.045, 34.066, 34.081, 34.071, 34.0481, 34.06, 34.0068, 34.1032, 34.0629, 34.0741, 34.076, 34.0202, 34.0989, 34.0171, 33.9911, 34.071, 34.066, 34.05, 34.0471, 34.0209, 34.0741, 34.059, 34.049, 34.055, 34.025, 34.07, 33.989, 34.018, 34.0412, 34.0459, 34.0309, 34.019, 34.05, 34.0509, 34.0159, 34.0381, 34.0221, 34.008, 34.054, 34.0309, 34.0559, 34.0321, 34.0312, 33.994, 34.0259, 34.0581, 34.0421, 34.009, 34.0359, 34.04, 34.0049, 34.0202, 34.0369, 34.05, 34.0488, 34.0219, 34.0431, 34.0159, 34.0102, 34.004, 34.0469, 33.9959, 34.147, 34.0509, 34.034, 34.009, 34.0331, 34.0052, 34.054, 34.0319, 34.0199, 34.0302, 34.0099, 33.978, 34.035, 33.9949, 34.0781, 33.9971, 34.0559, 34.0309, 34.0221, 34.034, 33.9971, 34.0009, 34.008, 34.0071, 34.0331, 34.0209, 34.0211, 33.9968, 34.0359, 34.04, 34.0149, 34.025, 33.9971, 34.05, 34.0211, 
Time to set up datastructures: 21773.5ms
34.7538, 34.471, 34.38, 34.333, 34.358, 34.3938, 34.3451, 34.359, 34.3521, 34.3099, 34.4081, 34.368, 34.3211, 34.3568, 34.369, 34.343, 34.374, 34.3132, 34.3418, 34.3411, 34.332, 34.4419, 34.3761, 34.343, 34.395, 34.363, 34.373, 34.354, 34.374, 34.302, 34.3549, 34.3552, 34.3359, 34.313, 34.328, 34.3342, 34.3249, 34.327, 34.3502, 34.333, 34.322, 34.3449, 34.3289, 34.308, 34.3559, 34.3311, 34.318, 34.353, 34.337, 34.343, 34.332, 34.3342, 34.411, 34.338, 34.339, 34.3561, 34.404, 34.3399, 34.3549, 34.328, 34.338, 34.3139, 34.3449, 34.3492, 34.3249, 34.3621, 34.3029, 34.3251, 34.323, 34.348, 34.3449, 34.3301, 34.337, 34.3549, 34.3142, 34.3459, 34.3192, 34.2801, 34.3299, 34.333, 34.3421, 34.374, 34.3339, 34.3339, 34.3592, 34.3618, 34.3301, 34.3158, 34.338, 34.349, 34.3239, 34.327, 34.3521, 34.333, 34.3881, 34.339, 34.349, 34.3301, 34.3518, 34.3051, 
Time to set up datastructures: 21508.5ms
34.5919, 34.6711, 34.6138, 34.585, 34.6508, 34.6031, 34.6379, 34.6711, 34.559, 34.6251, 34.596, 34.621, 34.6341, 34.6348, 34.5881, 34.606, 34.622, 34.5762, 34.5709, 34.57, 34.6169, 34.6072, 34.555, 34.5891, 34.6298, 34.5528, 34.627, 34.58, 34.5619, 34.6091, 34.672, 34.6849, 34.6029, 34.6231, 34.601, 34.6301, 34.6749, 34.616, 34.6141, 34.498, 34.5759, 34.646, 34.564, 34.5831, 34.6072, 34.637, 34.5778, 34.543, 34.58, 34.5671, 34.627, 34.519, 34.591, 34.4779, 34.6539, 34.626, 34.606, 34.564, 34.6129, 34.5521, 34.5628, 34.5922, 34.5759, 34.605, 34.493, 34.586, 34.543, 34.6451, 34.5771, 34.5418, 34.6291, 34.673, 34.6529, 34.5871, 34.621, 34.5929, 34.5781, 34.579, 34.5881, 34.4758, 34.6022, 34.5969, 34.6229, 34.5981, 34.585, 34.6489, 34.605, 34.5948, 34.6551, 34.7099, 34.6901, 34.5418, 34.5142, 34.627, 34.5559, 34.601, 34.616, 34.5659, 34.606, 34.632, 
Time to set up datastructures: 21497.8ms
34.74, 34.73, 34.7559, 34.7729, 34.8141, 34.7791, 34.8339, 34.714, 34.755, 34.662, 34.663, 34.677, 35.084, 34.935, 34.724, 34.7281, 34.797, 34.693, 34.725, 34.8141, 34.78, 34.6529, 34.739, 34.8611, 34.755, 34.699, 34.9011, 34.7779, 34.802, 34.7071, 34.7469, 34.8401, 34.8389, 34.842, 34.6661, 34.7171, 34.688, 34.6339, 34.667, 35.0561, 34.822, 34.6739, 34.795, 34.7691, 34.8539, 34.7211, 34.6479, 34.703, 34.6739, 34.6851, 34.7481, 34.621, 34.6849, 34.8279, 34.7769, 34.7812, 34.6439, 34.6589, 34.7631, 34.7021, 34.729, 34.796, 34.677, 34.7419, 34.7781, 34.7559, 34.7071, 34.7211, 34.8129, 34.6391, 34.8248, 34.6401, 34.658, 34.7922, 34.683, 34.5979, 34.7099, 34.811, 34.6339, 34.6911, 34.663, 34.8539, 34.8501, 34.6649, 34.668, 34.765, 34.6639, 34.7052, 34.677, 34.7638, 34.8241, 34.605, 34.6229, 34.667, 34.708, 34.682, 34.647, 34.683, 34.6789, 34.7841, 
Time to set up datastructures: 21671.9ms
35.0981, 35.037, 35.006, 35.0931, 35.0199, 35.114, 35.109, 35.022, 35.0239, 35.1672, 35.1329, 35.116, 35.0411, 35.069, 35.0561, 35.013, 35.109, 34.9851, 34.9989, 35.089, 35.0821, 35.094, 35.0418, 34.9729, 34.982, 35.059, 35.099, 35.0342, 35.059, 35.0728, 35.0351, 35.0649, 35.032, 35.0981, 35.1019, 35.0401, 35.1009, 35.13, 35.0189, 34.9841, 35.125, 34.9689, 35.094, 35.084, 35.038, 35.0139, 35.0971, 34.9839, 34.9572, 34.9879, 34.96, 35.074, 35.111, 35.104, 34.9569, 34.981, 35.0492, 35.0568, 35.0721, 35.012, 35.079, 35.0521, 34.9588, 34.9691, 35.089, 35.09, 34.93, 35.0301, 35.0928, 35.059, 34.9801, 34.9472, 35.0749, 34.9979, 35.0611, 35.078, 34.9638, 34.9751, 35.085, 34.956, 35.049, 34.972, 34.946, 35.001, 35.033, 35.0499, 34.9901, 34.992, 35.0809, 35.0502, 34.9481, 34.987, 35.033, 35.0778, 34.9512, 35.116, 35.09, 35.0089, 35.0161, 35.0189, 
Time to set up datastructures: 22176.3ms
34.934, 34.8721, 34.9109, 34.8842, 34.8799, 34.903, 34.884, 34.8699, 34.8709, 34.858, 34.94, 34.8752, 34.956, 34.8699, 34.869, 34.899, 34.8401, 34.8511, 34.8399, 34.8589, 34.9522, 34.8349, 34.8601, 34.857, 35.0578, 34.946, 34.8649, 34.8339, 34.8699, 34.924, 34.843, 34.8351, 35.032, 34.8749, 34.822, 34.869, 34.9221, 34.843, 34.9531, 34.9598, 34.889, 34.9648, 34.8549, 34.8551, 34.8389, 34.8179, 34.8191, 34.9209, 35.032, 34.8461, 34.8361, 34.837, 34.8408, 34.9491, 34.9641, 34.8461, 34.8659, 34.8351, 34.826, 34.899, 34.8198, 34.8871, 34.8341, 34.867, 34.8718, 34.8461, 34.8139, 35.14, 35.058, 34.8761, 34.8461, 34.9519, 34.8439, 34.807, 34.806, 34.8139, 34.8151, 34.8229, 34.8389, 34.7981, 34.8029, 34.894, 34.9121, 34.821, 34.853, 34.8139, 34.8401, 34.795, 34.8539, 34.821, 35.0192, 35.0389, 34.956, 34.826, 34.869, 34.873, 34.827, 34.8279, 34.9181, 34.848, 
Time to set up datastructures: 22088.1ms
34.966, 34.904, 34.8451, 34.9178, 34.8949, 34.8749, 35.0409, 35.042, 34.8961, 34.9309, 34.965, 34.8921, 35.0418, 34.899, 35.001, 34.9309, 34.919, 34.9891, 34.9469, 34.832, 34.878, 35.013, 34.929, 34.992, 34.837, 35.0509, 34.8232, 34.853, 34.925, 35.0749, 34.8949, 35.1651, 35.027, 34.8871, 34.9491, 34.8158, 34.9321, 34.8899, 34.858, 34.93, 34.9491, 35.0721, 34.847, 34.976, 34.8289, 34.9081, 35.0289, 34.8282, 34.9391, 34.9009, 34.9169, 34.868, 34.9321, 34.93, 34.8549, 34.9109, 34.847, 35.054, 35.0411, 34.929, 34.987, 34.9839, 34.8182, 35.0389, 34.874, 35.0332, 34.8878, 34.904, 34.9319, 35.049, 34.867, 35.0189, 34.9431, 34.8849, 35.027, 35.028, 34.8248, 34.9631, 34.9128, 34.868, 35.0192, 34.868, 35.012, 34.848, 34.915, 34.811, 34.8241, 34.941, 34.96, 35.0339, 35.0671, 34.9121, 34.919, 34.8439, 34.9159, 35.0819, 35.033, 35.0151, 34.888, 35.0471, 
Running BlockCOH implementation
Time to set up datastructures: 23843ms
98.6099, 98.6819, 98.706, 99.9501, 99.189, 98.5999, 98.6071, 98.7179, 98.6271, 100.818, 99.777, 98.8331, 98.5761, 98.5389, 99.036, 98.911, 99.1731, 98.5711, 98.727, 98.623, 98.547, 98.6459, 98.6261, 98.4759, 100.027, 98.7051, 98.603, 98.829, 98.6271, 98.6788, 99.638, 98.5808, 98.8958, 98.5901, 98.6791, 98.794, 98.645, 98.6149, 98.6171, 98.974, 98.7599, 98.7132, 98.634, 98.6049, 100.025, 98.583, 98.738, 98.6409, 98.778, 98.624, 98.531, 98.6769, 98.659, 98.577, 98.6061, 98.8641, 98.86, 98.665, 98.7389, 98.7201, 98.583, 98.6741, 98.6409, 98.6161, 99.0651, 99.5288, 98.5961, 98.743, 98.7768, 98.5582, 98.917, 98.6838, 98.726, 98.582, 98.603, 98.7151, 98.743, 98.6781, 98.757, 98.7649, 100.163, 98.7351, 98.6879, 98.5351, 98.5949, 99.977, 98.7051, 98.6781, 98.7699, 98.6068, 98.542, 98.701, 99.725, 98.5131, 98.5548, 98.665, 98.804, 98.772, 98.783, 98.7141, 
Time to set up datastructures: 20321.3ms
69.4981, 69.2079, 69.1102, 69.0808, 69.0711, 69.0451, 69.077, 69.1769, 69.103, 69.622, 69.0711, 69.061, 69.0658, 69.494, 69.494, 69.1378, 69.1252, 69.0699, 69.0331, 69.077, 69.0949, 69.083, 69.0479, 69.365, 69.339, 69.0808, 69.031, 69.068, 69.0238, 69.0229, 69.5391, 69.1099, 69.427, 69.164, 69.0341, 69.1879, 69.185, 69.217, 69.1628, 69.298, 69.104, 69.1981, 69.762, 69.453, 69.155, 69.0901, 69.0749, 69.0489, 69.031, 69.0901, 69.0739, 69.046, 69.2279, 69.4361, 69.1411, 69.0899, 69.427, 69.768, 69.3831, 69.0961, 69.154, 69.4809, 69.0601, 69.062, 69.0839, 69.54, 69.258, 69.062, 69.2601, 69.0799, 69.1202, 69.386, 69.1321, 69.1719, 69.463, 69.2079, 69.124, 69.3521, 69.104, 69.083, 69.0491, 69.1328, 69.5779, 69.4311, 69.067, 69.0649, 69.113, 69.0901, 69.1679, 69.1292, 69.0539, 69.0691, 69.03, 69.067, 69.1888, 69.1261, 69.155, 69.2532, 69.032, 69.066, 
Time to set up datastructures: 22150.7ms
53.0131, 52.994, 53.082, 53.3881, 53.0498, 53.6549, 53.0651, 53.0381, 53.0119, 53.067, 53.097, 53.02, 53.0851, 53.0641, 53.025, 53, 53.03, 53.2131, 53.0899, 53.005, 53.1008, 53.0782, 53.025, 53.0939, 53.051, 53.118, 53.0641, 53.0059, 53.0581, 53.113, 53.0078, 53.0572, 53.1039, 53.021, 53.0112, 53.0529, 53.1042, 53.0839, 52.984, 53.1509, 53.1099, 53.364, 52.9728, 53.0262, 53.2539, 53.082, 53.055, 53.0741, 53.057, 53.0751, 53.0279, 53.0632, 53.025, 53.045, 53.067, 53.1249, 53.046, 53.041, 53.0312, 53.0839, 53.057, 53.1938, 53.0181, 53.091, 53.159, 53.0899, 53.0882, 53.061, 53.0498, 53.0331, 53.0319, 53.0651, 53.005, 53.066, 53.076, 53.04, 52.9931, 53.102, 53.072, 53.355, 53.0882, 53.0708, 53.04, 53.0849, 53.086, 53.0961, 53.086, 53.025, 53.0229, 53.0488, 53.0341, 53.0181, 53.0398, 53.1828, 53.01, 53.1371, 53.0221, 53.0629, 53.0241, 53.1681, 
Time to set up datastructures: 22989.5ms
43.5159, 43.468, 43.458, 43.5209, 43.432, 43.4749, 43.5061, 43.5019, 43.4361, 43.422, 43.4761, 43.4899, 43.478, 43.5081, 43.5171, 43.4411, 43.431, 43.4589, 43.494, 43.4799, 43.484, 43.4632, 43.4299, 43.4661, 43.4809, 43.4701, 43.4558, 43.5059, 43.515, 43.453, 43.473, 43.4721, 43.4949, 43.4451, 43.4508, 43.4971, 43.4921, 43.443, 43.416, 43.458, 43.4711, 43.4668, 43.4391, 43.5181, 43.4799, 43.473, 43.437, 43.4251, 43.4601, 43.4959, 43.4849, 43.503, 43.4382, 43.453, 43.4999, 43.52, 43.4451, 43.4349, 43.5309, 43.5121, 43.4229, 43.4539, 43.5081, 43.4909, 43.4601, 43.4949, 43.5112, 43.4549, 43.4492, 43.5159, 43.5281, 43.6699, 43.4899, 43.5181, 43.4611, 43.4959, 43.525, 43.4611, 43.438, 43.448, 43.473, 43.4558, 43.433, 43.4771, 43.4949, 43.4802, 43.4899, 43.4771, 43.468, 43.4749, 43.4859, 43.498, 43.426, 43.437, 43.469, 43.5121, 43.52, 43.442, 43.4349, 43.494, 
Time to set up datastructures: 24588.4ms
37.3509, 37.3151, 37.287, 37.329, 37.313, 37.3311, 37.338, 37.349, 37.359, 37.329, 37.323, 37.323, 37.3611, 37.3108, 37.3018, 37.2832, 37.3518, 37.298, 37.2639, 37.3361, 37.3371, 37.334, 37.313, 37.3399, 37.3139, 37.3552, 37.3569, 37.3211, 37.3189, 37.3352, 37.2999, 37.281, 37.328, 37.2891, 37.318, 37.364, 37.307, 37.344, 37.3819, 37.364, 37.266, 37.257, 37.317, 37.334, 37.322, 37.324, 37.3011, 37.348, 37.3149, 37.312, 37.2841, 37.3099, 37.3251, 37.333, 37.303, 37.729, 37.2601, 37.3609, 37.3509, 37.2698, 37.3082, 37.3318, 37.255, 37.348, 37.3681, 37.3089, 37.262, 37.3502, 37.324, 37.2601, 37.3168, 37.2961, 37.3881, 37.322, 37.2689, 37.312, 37.3859, 37.2951, 37.317, 37.3368, 37.276, 37.3001, 37.3459, 37.3139, 37.3271, 37.348, 37.288, 37.3521, 37.3158, 37.2882, 37.272, 37.3089, 37.3461, 37.3509, 37.2951, 37.298, 37.3249, 37.298, 37.3402, 37.2889, 
Time to set up datastructures: 24769.4ms
34.0352, 34.0619, 34.0171, 34.0369, 34.0698, 34.09, 34.065, 34.0931, 34.0619, 34.009, 34.0252, 34.071, 34.049, 33.9899, 33.993, 34.076, 34.0781, 34.0369, 34.0152, 34.045, 34.03, 34.0869, 34.059, 34.039, 34.0421, 34.0719, 34.034, 34.024, 34.08, 34.0281, 33.968, 34.0409, 34.0772, 34.049, 34.0528, 34.0049, 34.0121, 34.0159, 34.0741, 33.989, 33.987, 34.029, 34.023, 34.024, 33.993, 34.0641, 34.044, 34.0409, 34.054, 34.034, 34.071, 34.059, 34.0528, 34.0362, 33.9971, 34.0159, 34.095, 34.023, 34.061, 34.0071, 34.0409, 34.0149, 34.0512, 34.0459, 34.121, 34.0619, 34.0979, 34.086, 34.0281, 34.0059, 34.044, 34.04, 34.0521, 34.059, 34.0509, 34.0021, 34.0121, 34.0929, 34.0149, 34.0569, 34.044, 34.0579, 34.0538, 34.0359, 34.044, 34.0481, 33.993, 34.081, 34.039, 34.04, 34.0562, 34.04, 34.0431, 34.0109, 34.004, 33.9861, 34.014, 33.993, 33.9899, 33.983, 
Time to set up datastructures: 24830ms
32.6111, 32.6169, 32.654, 32.65, 32.661, 32.6631, 32.6109, 32.717, 32.644, 32.624, 32.6869, 32.6152, 32.656, 32.6471, 32.6488, 32.7332, 32.6788, 32.6409, 32.6352, 32.6409, 32.6519, 32.645, 32.6161, 32.6738, 32.691, 32.6352, 32.6819, 32.644, 32.62, 32.7089, 32.6381, 32.7339, 32.619, 32.6879, 32.7389, 32.6271, 32.6681, 32.6889, 32.6471, 32.6679, 32.7408, 32.6571, 32.711, 32.665, 32.5809, 32.6211, 32.6729, 32.6152, 32.7809, 32.629, 32.665, 32.5971, 32.68, 32.6121, 32.613, 32.6178, 32.743, 32.6462, 32.7339, 32.67, 32.655, 32.5971, 32.5811, 32.6149, 32.6169, 32.7108, 32.598, 32.6152, 32.6769, 32.6219, 32.6161, 32.578, 32.6509, 32.6111, 32.613, 32.706, 32.7229, 32.6791, 32.604, 32.6669, 32.6359, 32.6161, 32.6259, 32.701, 32.614, 32.6869, 32.733, 32.7499, 32.7551, 32.6259, 32.6211, 32.7539, 32.6619, 32.6591, 32.6011, 32.6569, 32.685, 32.619, 32.64, 32.7251, 
Time to set up datastructures: 24397.3ms
32.825, 32.9039, 32.98, 32.9261, 32.97, 32.8941, 32.979, 32.9649, 32.8779, 32.9092, 32.98, 32.934, 32.8979, 32.9161, 32.999, 32.928, 33.0539, 32.8832, 32.9659, 32.969, 33.0091, 32.974, 32.9809, 32.8729, 32.9201, 33, 33.0858, 32.968, 32.9168, 32.8958, 33.025, 32.8529, 32.928, 32.928, 32.9289, 32.984, 32.871, 32.9309, 32.9051, 32.9449, 32.8789, 32.937, 33.0319, 32.928, 32.9311, 32.8119, 32.9459, 32.872, 32.9909, 32.9421, 33.0539, 32.9971, 32.9819, 32.9552, 32.953, 32.9139, 32.85, 32.9251, 32.97, 32.8388, 32.8581, 33.011, 33.0441, 32.912, 32.9649, 32.9671, 32.9618, 33.0079, 32.886, 33.0698, 33.0181, 33.0238, 32.9561, 32.9709, 32.8729, 32.9599, 32.9211, 32.866, 32.913, 32.8209, 32.994, 32.9909, 32.8941, 33.0939, 32.8498, 32.8441, 32.995, 33.0091, 32.8691, 32.969, 32.948, 32.8541, 32.876, 32.9478, 32.8991, 32.9311, 32.953, 32.836, 32.809, 32.9211, 
Time to set up datastructures: 24632.3ms
33.0489, 33.098, 33.2189, 33.1171, 33.1619, 33.087, 33.0122, 33.2079, 33.0541, 32.979, 33.1728, 33.1671, 33.1359, 33.035, 32.9931, 33.102, 33.1321, 33.2, 33.231, 33.19, 33.088, 33.145, 32.98, 33.02, 33.087, 33.196, 32.934, 33.0982, 33.1519, 33.138, 32.9711, 33.02, 33.0949, 33.185, 33.103, 33.16, 33.0279, 33.1001, 33.1261, 32.9819, 33.149, 33.0541, 33.138, 32.969, 33.1039, 33.112, 33.174, 33.1659, 33.1771, 33.1299, 33.113, 33.1771, 33.067, 33.061, 33.1678, 32.9981, 32.9711, 33.1399, 33.0031, 33.016, 33.0429, 33.082, 33.1581, 33.1581, 33.0069, 33.205, 33.0751, 33.0889, 33.0091, 33.097, 33.1368, 33.1061, 32.9671, 33.196, 33.1109, 33.1368, 33.0231, 33.1011, 33.021, 33.0219, 33.1221, 33.107, 33.005, 33.159, 33.1931, 33.2239, 33.17, 32.9401, 33.232, 33.0811, 33.082, 32.975, 33.0801, 33.0861, 33.1728, 33.041, 33.1411, 33.0629, 33.1099, 33.004, 
Time to set up datastructures: 23724.1ms
33.3722, 33.3118, 33.3102, 33.2849, 33.4189, 33.2701, 33.3011, 33.3679, 33.293, 33.253, 33.3049, 33.2839, 33.2181, 33.3209, 33.3512, 33.2739, 33.2761, 33.2868, 33.2339, 33.386, 33.2441, 33.428, 33.2601, 33.277, 33.2789, 33.287, 33.2839, 33.4132, 33.2439, 33.267, 33.237, 33.3459, 33.2949, 33.252, 33.366, 33.3121, 33.277, 33.298, 33.5209, 33.2551, 33.2921, 33.361, 33.3891, 33.262, 33.4311, 33.237, 33.2611, 33.1969, 33.3741, 33.2599, 33.3722, 33.3619, 33.407, 33.3271, 33.313, 33.3381, 33.2618, 33.2859, 33.185, 33.2141, 33.179, 33.35, 33.2949, 33.325, 33.375, 33.2868, 33.391, 33.407, 33.3352, 33.2439, 33.3622, 33.251, 33.2649, 33.381, 33.2801, 33.2589, 33.303, 33.3619, 33.5031, 33.3021, 33.246, 33.186, 33.3259, 33.273, 33.246, 33.3111, 33.2229, 33.2541, 33.18, 33.18, 33.3009, 33.325, 33.2632, 33.2329, 33.2651, 33.3419, 33.2842, 33.2098, 33.2239, 33.3171, 
Time to set up datastructures: 23877.4ms
33.654, 33.843, 33.771, 33.679, 33.7732, 33.663, 33.6158, 33.725, 33.6552, 33.649, 33.705, 33.772, 33.7238, 33.7141, 33.581, 33.787, 33.7651, 33.705, 33.6809, 33.6661, 33.705, 33.7279, 33.7191, 33.783, 33.6461, 33.6359, 33.6752, 33.7598, 33.6919, 33.6571, 33.6571, 33.7229, 33.644, 33.649, 33.628, 33.7059, 33.772, 33.6831, 33.6139, 33.7472, 33.644, 33.6149, 33.6511, 33.685, 33.684, 33.6199, 33.757, 33.7989, 33.6311, 33.7129, 33.7021, 33.7129, 33.7739, 33.761, 33.6721, 33.6909, 33.7241, 33.587, 33.8612, 33.6878, 33.766, 33.7381, 33.608, 33.6039, 33.7932, 33.8049, 33.694, 33.6759, 33.8271, 33.6611, 33.6609, 33.6621, 33.6981, 33.684, 33.7708, 33.6611, 33.6199, 33.7012, 33.5989, 33.4771, 33.689, 33.7429, 33.6351, 33.6039, 33.8602, 33.731, 33.772, 33.684, 33.7019, 33.807, 33.6761, 33.7038, 33.6549, 33.7429, 33.7398, 33.643, 33.7319, 33.6659, 33.69, 33.607, 
Time to set up datastructures: 24297.2ms
33.5488, 33.6981, 33.561, 33.577, 33.5732, 33.566, 33.6361, 33.5128, 33.6671, 33.534, 33.5751, 33.684, 33.546, 33.555, 33.7071, 33.5438, 33.561, 33.571, 33.53, 33.602, 33.69, 33.7539, 33.4671, 33.663, 33.5472, 33.5379, 33.5929, 33.5579, 33.5131, 33.5848, 33.5231, 33.524, 33.602, 33.572, 33.514, 33.6001, 33.5121, 33.679, 33.582, 33.556, 33.5319, 33.5398, 33.6521, 33.499, 33.6511, 33.5879, 33.7341, 33.488, 33.68, 33.5441, 33.653, 33.5739, 33.4752, 33.669, 33.546, 33.5181, 33.582, 33.6349, 33.6051, 33.473, 33.684, 33.6568, 33.5672, 33.6039, 33.6611, 33.489, 33.5689, 33.576, 33.5131, 33.4771, 33.591, 33.591, 33.6039, 33.5371, 33.601, 33.5519, 33.5491, 33.4809, 33.6318, 33.5271, 33.5541, 33.577, 33.6089, 33.6041, 33.7059, 33.6199, 33.4601, 33.5231, 33.7248, 33.6502, 33.524, 33.5329, 33.5221, 33.6759, 33.505, 33.534, 33.4899, 33.5221, 33.5588, 33.515, 
Time to set up datastructures: 23714.8ms
33.673, 33.7999, 33.6909, 33.7861, 33.751, 33.679, 33.6652, 33.6609, 33.7181, 33.638, 33.6699, 33.6351, 33.6258, 33.6361, 33.761, 33.7141, 33.653, 33.74, 33.6149, 33.711, 33.622, 33.612, 33.6261, 33.622, 33.663, 33.73, 33.618, 33.7391, 33.628, 33.6809, 33.6862, 33.8058, 33.787, 33.68, 33.72, 33.6041, 33.777, 33.7389, 33.6771, 33.684, 33.536, 33.7281, 33.7019, 33.8571, 33.6819, 33.7641, 33.6759, 33.628, 33.5801, 33.5701, 33.6549, 33.576, 33.5789, 33.6211, 33.7181, 33.6859, 33.709, 33.7179, 33.632, 33.6661, 33.6909, 33.6452, 33.7019, 33.668, 33.7069, 33.669, 33.762, 33.7269, 33.623, 33.716, 33.7291, 33.6289, 33.673, 33.7422, 33.669, 33.6111, 33.6409, 33.637, 33.6261, 33.675, 33.5751, 33.653, 33.7229, 33.5851, 33.6969, 33.6728, 33.6249, 33.669, 33.6771, 33.8359, 33.7749, 33.803, 33.689, 33.71, 33.6871, 33.6969, 33.7012, 33.736, 33.6609, 33.6242, 

run on commit: b7033e5d4b360fc23f010515e22c3b23c97b7a49