2 3 4 5 6 7 8 9 10 11 12 13 14
Running sequential algorithm
Time to set up datastructures: 10101.9ms
219.184, 219.084, 219.189, 218.955, 219.059, 219.315, 218.785, 218.771, 219.005, 218.695, 219.118, 218.873, 218.577, 218.64, 218.412, 218.625, 218.616, 218.717, 218.578, 218.582, 218.727, 218.582, 218.496, 218.629, 220.014, 218.49, 218.742, 218.639, 218.472, 218.391, 218.752, 218.41, 218.258, 218.595, 218.19, 218.533, 218.799, 218.408, 218.43, 218.495, 218.35, 218.343, 218.79, 218.193, 218.262, 218.596, 218.363, 218.367, 218.311, 218.311, 218.519, 218.257, 218.351, 218.322, 218.62, 218.175, 218.324, 218.32, 218.312, 218.299, 218.786, 218.28, 218.494, 218.39, 218.337, 218.211, 218.437, 218.316, 218.193, 218.059, 218.373, 218.264, 218.744, 218.315, 218.271, 218.328, 218.4, 218.314, 218.874, 218.533, 218.36, 218.258, 218.359, 218.389, 218.407, 218.327, 218.396, 218.358, 218.775, 218.329, 218.405, 218.63, 218.209, 218.249, 218.369, 218.299, 218.128, 218.76, 218.261, 218.281, 
Running OpenMP implementation
Time to set up datastructures: 15314.4ms
112.614, 112.559, 112.629, 112.547, 112.513, 112.623, 112.54, 112.562, 112.782, 112.673, 112.51, 112.539, 112.6, 112.659, 112.506, 112.64, 112.56, 112.619, 112.56, 112.585, 112.563, 112.584, 112.5, 112.58, 112.5, 112.734, 112.543, 112.623, 112.579, 112.543, 112.51, 112.511, 112.646, 112.663, 112.924, 112.534, 112.644, 112.654, 112.505, 112.555, 112.598, 112.621, 112.57, 112.496, 112.524, 112.558, 112.524, 112.76, 112.548, 112.597, 112.714, 112.731, 112.612, 112.627, 112.819, 112.617, 112.59, 112.561, 112.496, 112.637, 112.657, 112.753, 112.573, 112.514, 112.623, 112.564, 112.747, 112.631, 112.516, 112.815, 112.763, 112.801, 112.499, 112.666, 112.648, 112.532, 112.605, 112.672, 112.793, 112.66, 112.846, 112.51, 112.618, 112.694, 112.643, 112.637, 112.624, 112.633, 112.623, 112.678, 112.476, 112.695, 112.666, 112.582, 112.827, 112.65, 112.987, 112.776, 112.573, 112.645, 
Time to set up datastructures: 12034.2ms
77.889, 77.913, 77.9688, 77.9262, 77.939, 77.9309, 78.0129, 77.857, 78.028, 77.9152, 77.8649, 77.9669, 77.966, 77.9772, 77.9209, 78.0649, 78.0661, 77.9519, 77.9438, 78.0358, 78.0962, 77.9529, 77.986, 78.202, 78.1441, 78.131, 77.9362, 77.9939, 77.898, 77.955, 77.949, 78.0759, 78.0451, 77.9879, 78.757, 78.609, 78.2011, 78.125, 78.0029, 78.1491, 78.0048, 78.0721, 78.0761, 78.433, 77.961, 78.0299, 78.079, 77.976, 78.0761, 78.4109, 78.186, 78.0389, 78.3982, 78.1288, 78.109, 78.248, 78.0451, 78.0559, 78.1059, 78.2421, 78.012, 78.0401, 78.0869, 78.033, 78.068, 77.9798, 77.975, 78.0761, 78.208, 78.0809, 78.0551, 78.1109, 77.9819, 78.1162, 78.0718, 78.377, 78.2061, 78.356, 78.064, 78.1901, 78.042, 78.167, 78.222, 78.1281, 78.064, 78.3501, 78.4569, 78.1012, 78.0609, 78.207, 78.078, 78.052, 78.059, 78.0621, 78.0768, 78.0201, 78.059, 78.0489, 78.0241, 78.0098, 
Time to set up datastructures: 17330.8ms
61.2559, 61.3282, 61.234, 61.24, 61.3301, 61.2319, 61.2471, 61.2869, 61.2769, 61.254, 61.203, 61.3792, 61.255, 61.2741, 61.2569, 61.27, 61.3041, 61.3, 61.2838, 61.28, 61.269, 61.3451, 61.3139, 61.307, 61.285, 61.2831, 61.2681, 61.3518, 61.2819, 61.27, 61.343, 61.2411, 61.317, 61.271, 61.326, 61.2571, 61.193, 61.2578, 61.2581, 61.322, 61.295, 61.2781, 61.348, 61.2731, 61.3189, 61.259, 61.388, 61.3961, 61.337, 61.368, 61.2729, 61.2741, 61.295, 61.341, 61.353, 61.327, 61.281, 61.3041, 61.3401, 61.3148, 61.3451, 61.3019, 61.3911, 61.342, 61.4691, 61.306, 61.286, 61.3079, 61.249, 61.3439, 61.27, 61.3611, 61.332, 61.337, 61.3341, 61.414, 61.445, 61.3549, 61.3251, 61.3949, 61.3561, 61.307, 61.408, 61.2931, 61.3148, 61.362, 61.3182, 61.3239, 61.383, 61.306, 61.42, 61.322, 61.336, 61.3339, 61.3701, 61.2891, 61.3, 61.358, 61.3189, 61.363, 
Time to set up datastructures: 16841.7ms
50.987, 51.048, 50.9579, 51.049, 50.9951, 51.034, 51.0721, 50.962, 51.0151, 51.0378, 51.044, 51.0569, 51.125, 51.1341, 51.008, 51.0678, 51.1191, 51.012, 50.9501, 50.998, 51.0809, 51.1191, 51.0919, 51.0671, 51.0139, 51.0499, 51.1022, 51.064, 51.09, 51.0929, 50.998, 51.121, 51.0988, 51.11, 51.1661, 51.12, 51.059, 51.146, 51.0261, 51.1079, 51.0991, 51.1639, 51.152, 51.1479, 51.11, 51.075, 51.0921, 51.0449, 51.1079, 51.0991, 51.1501, 51.1129, 51.054, 51.0411, 51.115, 51.084, 51.106, 51.1479, 51.089, 51.1601, 51.142, 51.172, 51.115, 51.1348, 51.1022, 51.5389, 51.2569, 51.1868, 51.147, 51.1861, 51.1792, 51.209, 51.1539, 51.1892, 51.1389, 51.121, 51.1229, 51.1591, 51.106, 51.2109, 51.1351, 51.1601, 51.1398, 51.157, 51.1832, 51.1279, 51.1289, 51.1551, 51.122, 51.193, 51.1758, 51.151, 51.2571, 51.1019, 51.1489, 51.249, 51.167, 51.224, 51.2002, 51.0809, 
Time to set up datastructures: 17850.2ms
44.8191, 44.93, 44.878, 44.9872, 44.827, 44.9259, 44.8661, 44.934, 44.8761, 44.9669, 45.028, 44.908, 44.9371, 44.9259, 44.9369, 44.9371, 44.9889, 44.9791, 44.903, 44.9159, 44.903, 44.8971, 44.9619, 44.924, 44.991, 44.955, 44.966, 44.9231, 45.0621, 44.9748, 44.9932, 44.9929, 44.9851, 44.9669, 44.8952, 45.013, 44.987, 45.058, 44.9591, 45.1219, 44.9951, 45.018, 45.006, 44.9822, 44.9979, 45.0609, 45.037, 44.915, 44.9579, 45.089, 45.0029, 44.9929, 44.982, 45.0561, 45.069, 44.992, 45.074, 44.997, 45.0189, 44.9312, 45.0599, 45.0721, 45.0258, 45.0962, 45.032, 45.1219, 45.0242, 45.0368, 44.996, 45.0728, 45.0821, 45.0611, 45.0928, 45.027, 44.992, 44.976, 45.1179, 45.0501, 45.0799, 45.0659, 45.1579, 45.089, 45.0261, 45.0959, 45.027, 45.0821, 45.0459, 45.0611, 44.991, 45.033, 45.063, 44.9791, 45.0869, 45.0361, 45.0602, 45.1138, 45.027, 45.073, 45.0661, 45.064, 
Time to set up datastructures: 17823.1ms
41.014, 41.0089, 40.9281, 41.0588, 41.033, 40.977, 41.0049, 41.0841, 41.0781, 41.038, 41.043, 41.045, 41.0719, 41.09, 41.064, 41.06, 41.0569, 41.116, 41.079, 41.0931, 41.1119, 41.1031, 41.0879, 41.1148, 41.111, 41.0938, 41.024, 41.1241, 41.069, 41.1329, 41.106, 41.121, 41.1489, 41.127, 41.1351, 41.1899, 41.121, 41.2102, 41.1789, 41.0581, 41.137, 41.074, 41.06, 41.0571, 41.127, 41.131, 41.1439, 41.136, 41.152, 41.131, 41.2111, 41.116, 41.168, 41.1749, 41.1761, 41.11, 41.203, 41.141, 41.132, 41.0709, 41.1229, 41.1358, 41.167, 41.131, 41.1351, 41.086, 41.1561, 41.126, 41.1332, 41.173, 41.167, 41.1429, 41.204, 41.131, 41.157, 41.209, 41.1079, 41.1382, 41.1489, 41.0881, 41.152, 41.1189, 41.1181, 41.199, 41.1639, 41.136, 41.168, 41.0781, 41.1232, 41.187, 41.153, 41.198, 41.1739, 41.229, 41.146, 41.1479, 41.1789, 41.1792, 41.1699, 41.2431, 
Time to set up datastructures: 17525.8ms
38.306, 38.393, 38.3379, 38.3899, 38.3489, 38.383, 38.4178, 38.3701, 38.4789, 38.4302, 38.4429, 38.3561, 38.4431, 38.45, 38.461, 38.475, 38.4901, 38.403, 38.4569, 38.4281, 38.415, 38.5671, 38.4278, 38.45, 38.4948, 38.4772, 38.425, 38.455, 38.4769, 38.3699, 38.4362, 38.518, 38.512, 38.4419, 38.563, 38.528, 38.4669, 38.4591, 38.43, 38.408, 38.4939, 38.3921, 38.5029, 38.4822, 38.5048, 38.4519, 38.4471, 38.451, 38.697, 38.5599, 38.4741, 38.46, 38.5511, 38.43, 38.518, 38.5001, 38.4259, 38.4619, 38.5342, 38.511, 38.5489, 38.5549, 38.4791, 38.456, 38.4102, 38.4359, 38.4729, 38.4922, 38.4359, 38.4459, 38.46, 38.59, 38.4581, 38.5408, 38.5051, 38.4719, 38.5661, 38.579, 38.3921, 38.4848, 38.522, 38.6081, 38.4691, 38.476, 38.445, 38.568, 38.543, 38.4951, 38.47, 38.516, 38.4889, 38.4581, 38.5489, 38.502, 38.4791, 38.491, 38.4669, 38.532, 38.497, 38.4459, 
Time to set up datastructures: 18011ms
36.6359, 36.5961, 36.639, 36.6361, 36.6449, 36.5999, 36.6161, 36.623, 36.6821, 36.644, 36.675, 36.7379, 36.639, 36.725, 36.6211, 36.6421, 36.6161, 36.674, 36.6008, 36.613, 36.6051, 36.706, 36.659, 36.6549, 36.6981, 36.792, 36.725, 36.691, 36.643, 36.6828, 36.6752, 36.6478, 36.6712, 36.694, 36.7968, 36.6621, 36.6449, 36.639, 36.7742, 36.6499, 36.664, 36.7019, 36.6631, 36.6521, 36.7408, 36.6762, 36.6979, 36.679, 36.6971, 36.6528, 36.7181, 36.71, 36.7019, 36.7141, 36.6979, 36.6938, 36.659, 36.7248, 36.6361, 36.691, 36.67, 36.7141, 36.6631, 36.6399, 36.6399, 36.6511, 36.6709, 36.6461, 36.649, 36.6991, 36.7088, 36.6509, 36.691, 36.6981, 36.7138, 36.7141, 36.6831, 36.7329, 36.6521, 36.675, 36.756, 36.679, 36.705, 36.6831, 36.721, 36.7229, 36.6709, 36.9742, 36.814, 36.7789, 36.773, 36.6991, 36.6859, 36.6881, 36.721, 36.7019, 36.6631, 36.721, 36.7341, 36.7019, 
Time to set up datastructures: 17640.7ms
35.3169, 35.291, 35.3482, 35.2829, 35.3231, 35.46, 35.342, 35.419, 35.3711, 35.393, 35.3501, 35.3389, 35.3291, 35.3351, 35.363, 35.3341, 35.342, 35.3611, 35.3849, 35.388, 35.3301, 35.358, 35.4271, 35.3589, 35.4071, 35.4471, 35.346, 35.3758, 35.3792, 35.305, 35.372, 35.3439, 35.4731, 35.4071, 35.409, 35.4059, 35.373, 35.4309, 35.4049, 35.424, 35.3651, 35.3999, 35.4161, 35.497, 35.3811, 35.3091, 35.383, 35.414, 35.3749, 35.4002, 35.4159, 35.362, 35.3551, 35.512, 35.3949, 35.3761, 35.347, 35.387, 35.3539, 35.316, 35.326, 35.372, 35.3911, 35.393, 35.4002, 35.445, 35.471, 35.4099, 35.4531, 35.368, 35.4011, 35.3611, 35.398, 35.3909, 35.4161, 35.3711, 35.3689, 35.392, 35.383, 35.368, 35.43, 35.43, 35.342, 35.3689, 35.367, 35.3971, 35.3711, 35.326, 35.3479, 35.358, 35.367, 35.4021, 35.404, 35.4021, 35.399, 35.373, 35.434, 35.377, 35.4042, 35.3999, 
Time to set up datastructures: 17551.3ms
34.6949, 34.5771, 34.4579, 34.451, 34.4429, 34.4481, 34.4539, 34.574, 34.5101, 34.4119, 34.4861, 34.4329, 34.4071, 34.4489, 34.502, 34.472, 34.488, 34.4281, 34.4779, 34.457, 34.6591, 34.5869, 34.5831, 34.6241, 34.503, 34.493, 34.574, 34.4651, 34.447, 34.4529, 34.4501, 34.4791, 34.4849, 34.4951, 34.673, 34.4529, 34.451, 34.5061, 34.4579, 34.5991, 34.498, 34.498, 34.4589, 34.533, 34.4419, 34.4958, 34.575, 34.476, 34.472, 34.564, 34.4849, 34.4608, 34.5621, 34.5321, 34.492, 34.6229, 34.5302, 34.6379, 34.548, 34.5089, 34.5261, 34.5061, 34.431, 34.431, 34.5919, 34.497, 34.3931, 34.4748, 34.4031, 34.4191, 34.4799, 34.5092, 34.4648, 34.5552, 34.4708, 34.43, 34.523, 34.4961, 34.8411, 34.692, 34.543, 34.5378, 34.5311, 34.503, 34.5001, 34.5519, 34.445, 34.466, 34.4241, 34.4129, 34.4381, 34.5449, 34.461, 34.502, 34.5609, 34.4932, 34.559, 34.5929, 34.5471, 34.4639, 
Time to set up datastructures: 18081.5ms
34.1461, 34.023, 34.0559, 34.04, 34.055, 34.096, 34.1299, 33.958, 33.9992, 33.9949, 34.0519, 34.1201, 34.1001, 34.1849, 34.0841, 34.1189, 34.1241, 34.0631, 34.0178, 34.0562, 34.0929, 34.1661, 34.071, 34.0641, 34.0469, 34.1821, 34.1051, 34.1189, 34.116, 34.1492, 34.0979, 34.0712, 34.0528, 34.1551, 34.1358, 34.054, 34.132, 34.1191, 34.122, 34.0409, 34.085, 34.071, 34.111, 34.1029, 34.086, 34.1101, 34.158, 34.1079, 34.1332, 34.1108, 34.0939, 34.0731, 34.0679, 34.1022, 34.0738, 33.9892, 34.0178, 34.065, 34.107, 34.0729, 34.106, 34.0381, 34.023, 34.106, 34.126, 34.0889, 34.0431, 34.1101, 34.091, 34.117, 34.09, 34.0669, 34.0621, 34.1089, 34.055, 34.029, 33.9298, 34.106, 34.0672, 34.1148, 34.054, 34.091, 33.9971, 34.055, 33.9952, 34.023, 34.0819, 34.164, 34.1601, 34.0519, 34.0111, 33.9708, 33.987, 34.106, 34.148, 34.0841, 34.025, 34.024, 34.0722, 34.04, 
Time to set up datastructures: 18166.1ms
33.489, 33.4909, 33.5109, 33.4539, 33.427, 33.5031, 33.546, 33.556, 33.581, 33.5701, 33.5021, 33.5279, 33.55, 33.4949, 33.4852, 33.525, 33.4909, 33.4821, 33.5062, 33.556, 33.5479, 33.51, 33.5941, 33.5779, 33.4871, 33.4702, 33.5209, 33.5119, 33.4511, 33.55, 33.4771, 33.5159, 33.5159, 33.4258, 33.4451, 33.428, 33.4539, 33.5281, 33.514, 33.5639, 33.592, 33.5729, 33.509, 33.4642, 33.468, 33.4828, 33.4911, 33.499, 33.488, 33.4921, 33.524, 33.469, 33.556, 33.4499, 33.4969, 33.5422, 33.5128, 33.5221, 33.5071, 33.5279, 33.52, 33.4821, 33.5221, 33.5429, 33.458, 33.499, 33.5131, 33.5472, 33.4539, 33.4871, 33.4868, 33.473, 33.509, 33.515, 33.5131, 33.4499, 33.5722, 33.5019, 33.4778, 33.4408, 33.4659, 33.5259, 33.531, 33.494, 33.4511, 33.432, 33.4499, 33.427, 33.453, 33.4811, 33.4599, 33.4799, 33.561, 33.4849, 33.453, 33.4699, 33.438, 33.4561, 33.5031, 33.5538, 
Time to set up datastructures: 17904.3ms
33.4849, 33.4291, 33.4189, 33.432, 33.4179, 33.4339, 33.437, 33.452, 33.488, 33.4849, 33.5059, 33.483, 33.4508, 33.4411, 33.432, 33.4508, 33.453, 33.4871, 33.437, 33.447, 33.432, 33.4368, 33.5071, 33.438, 33.546, 33.4771, 33.458, 33.484, 33.4792, 33.469, 33.4818, 33.4692, 33.489, 33.4849, 33.453, 33.4642, 33.464, 33.484, 33.5, 33.4871, 33.4859, 33.4451, 33.4599, 33.4539, 33.4411, 33.4291, 33.4799, 33.4868, 33.4449, 33.462, 33.462, 33.443, 33.474, 33.4792, 33.484, 33.4649, 33.4439, 33.499, 33.442, 33.452, 33.5112, 33.457, 33.4661, 33.4849, 33.4759, 33.4411, 33.4749, 33.489, 33.489, 33.545, 33.4921, 33.4589, 33.473, 33.4339, 33.479, 33.4811, 33.4728, 33.4952, 33.4749, 33.5209, 33.489, 33.448, 33.4251, 33.447, 33.4959, 33.4592, 33.4899, 33.4818, 33.4489, 33.4799, 33.4849, 33.478, 33.4399, 33.448, 33.4852, 33.498, 33.4749, 33.4201, 33.442, 33.4358, 
Running TBB implementation
Time to set up datastructures: 15260.8ms
112.801, 112.84, 112.741, 112.909, 112.802, 112.921, 112.818, 112.753, 112.744, 112.815, 112.818, 112.833, 112.848, 112.746, 112.781, 112.778, 112.841, 112.905, 112.833, 112.686, 113.109, 112.809, 112.75, 112.72, 112.757, 112.779, 112.837, 112.691, 112.834, 112.756, 112.895, 112.702, 112.732, 112.742, 112.794, 112.96, 112.894, 112.778, 112.796, 112.829, 113.037, 112.767, 112.883, 112.82, 113.102, 112.796, 113, 112.863, 112.942, 112.833, 112.746, 112.656, 113.015, 112.899, 112.776, 112.871, 112.83, 112.784, 112.843, 112.747, 112.765, 112.859, 112.8, 112.839, 112.807, 112.918, 112.972, 112.872, 112.874, 112.894, 112.808, 112.819, 112.875, 112.744, 112.872, 112.789, 112.784, 112.812, 112.81, 112.908, 112.792, 112.828, 112.902, 112.944, 112.762, 112.805, 112.827, 112.906, 113.076, 112.889, 112.888, 112.789, 112.939, 112.751, 112.768, 112.766, 112.988, 112.765, 112.875, 112.792, 
Time to set up datastructures: 11979.3ms
78.1848, 78.166, 78.2099, 78.135, 78.3319, 78.4552, 78.2268, 78.263, 78.1651, 78.232, 78.1929, 78.253, 78.2561, 78.2268, 78.1941, 78.3029, 78.3062, 78.3379, 78.1701, 78.254, 78.12, 78.3339, 78.5682, 78.7969, 78.444, 78.265, 78.2292, 78.2468, 78.202, 78.2769, 78.3682, 78.2468, 78.2442, 78.2659, 78.305, 78.2549, 78.474, 78.5301, 78.279, 78.2011, 78.2769, 78.496, 78.5022, 78.249, 78.228, 78.2521, 78.2931, 78.2259, 78.2301, 78.397, 78.3579, 78.2821, 78.162, 78.191, 78.5179, 78.5899, 78.3782, 78.2869, 78.4011, 78.299, 78.346, 78.3429, 78.4011, 78.3069, 78.2781, 78.3188, 78.2342, 78.671, 78.4719, 78.382, 78.362, 78.2621, 78.372, 78.5201, 78.619, 78.346, 78.326, 78.1879, 78.2521, 78.3689, 78.3598, 78.2762, 78.203, 78.321, 78.2971, 78.5048, 78.4512, 78.371, 78.3439, 78.347, 78.2912, 78.2619, 78.3482, 78.6309, 78.301, 78.2671, 78.316, 78.3079, 78.2402, 78.3379, 
Time to set up datastructures: 17313.4ms
61.413, 61.533, 61.5051, 61.476, 61.4588, 61.48, 61.4409, 61.4898, 61.523, 61.552, 61.5158, 61.5132, 61.564, 61.4948, 61.424, 61.5511, 61.482, 61.6488, 61.5041, 61.5208, 61.4722, 61.4638, 61.4541, 61.6159, 61.4779, 61.4851, 61.4901, 61.5368, 61.5411, 61.4841, 61.5199, 61.5439, 61.5101, 61.538, 61.553, 61.584, 61.439, 61.4979, 61.532, 61.547, 61.6009, 61.5439, 61.516, 61.621, 61.5461, 61.6121, 61.564, 61.542, 61.61, 61.5649, 61.4219, 61.506, 61.588, 61.5301, 61.5311, 61.5349, 61.4851, 61.672, 61.367, 61.5849, 61.5492, 61.5299, 61.5442, 61.492, 61.5969, 61.605, 61.6572, 61.5079, 61.506, 61.523, 61.501, 61.584, 61.5091, 61.5709, 61.5492, 61.5129, 61.6059, 61.5971, 61.4619, 61.547, 61.5048, 61.5101, 61.5461, 61.826, 61.568, 61.6028, 61.5501, 61.5509, 61.6541, 61.542, 61.5959, 61.357, 61.5201, 61.568, 61.5809, 61.5101, 61.5661, 61.5549, 61.4951, 61.5969, 
Time to set up datastructures: 16479.1ms
51.229, 51.2102, 51.2028, 51.193, 51.29, 51.2178, 51.2381, 51.2002, 51.2259, 51.2369, 51.2729, 51.2331, 51.2569, 51.2221, 51.281, 51.3031, 51.3079, 51.307, 51.3241, 51.271, 51.234, 51.3031, 51.254, 51.2989, 51.307, 51.3079, 51.3401, 51.3449, 51.3561, 51.259, 51.3041, 51.358, 51.2838, 51.2931, 51.2769, 51.214, 51.3511, 51.3091, 51.28, 51.2478, 51.2252, 51.2619, 51.3771, 51.271, 51.3382, 51.352, 51.327, 51.264, 51.281, 51.2788, 51.363, 51.4228, 51.281, 51.3918, 51.2769, 51.3201, 51.348, 51.3859, 51.2581, 51.29, 51.2881, 51.3649, 51.4131, 51.3191, 51.2679, 51.3811, 51.255, 51.2941, 51.281, 51.2888, 51.2779, 51.2631, 51.384, 51.373, 51.3821, 51.3399, 51.3082, 51.3, 51.3229, 51.3349, 51.2788, 51.2769, 51.2691, 51.2969, 51.358, 51.4011, 51.3198, 51.3861, 51.414, 51.393, 51.353, 51.3868, 51.3201, 51.3492, 51.312, 51.3451, 51.338, 51.3239, 51.322, 51.3351, 
Time to set up datastructures: 17433.1ms
45.11, 45.089, 45.1281, 45.161, 45.186, 45.1961, 45.1579, 45.208, 45.2011, 45.167, 45.089, 45.177, 45.2571, 45.243, 45.1839, 45.1982, 45.2058, 45.289, 45.2261, 45.2359, 45.2449, 45.4328, 45.2931, 45.2671, 45.2778, 45.2738, 45.2421, 45.2111, 45.311, 45.3291, 45.2869, 45.222, 45.27, 45.233, 45.3141, 45.2659, 45.3222, 45.2459, 45.3279, 45.3522, 45.3, 45.3479, 45.332, 45.3241, 45.259, 45.295, 45.3, 45.275, 45.275, 45.3112, 45.3279, 45.3141, 45.2938, 45.3491, 45.2981, 45.2628, 45.3451, 45.29, 45.3279, 45.3012, 45.2969, 45.352, 45.3579, 45.3219, 45.351, 45.2919, 45.3401, 45.265, 45.2778, 45.3022, 45.1989, 45.316, 45.2731, 45.259, 45.279, 45.2468, 45.3012, 45.3479, 45.2781, 45.3269, 45.342, 45.2471, 45.326, 45.3188, 45.254, 45.3532, 45.305, 45.3279, 45.2991, 45.3, 45.285, 45.3191, 45.3179, 45.3601, 45.331, 45.3141, 45.336, 45.2609, 45.3281, 45.3589, 
Time to set up datastructures: 17624.8ms
41.2798, 41.1808, 41.1861, 41.23, 41.1479, 41.2662, 41.281, 41.2889, 41.2621, 41.3349, 41.347, 41.2312, 41.332, 41.3311, 41.358, 41.3439, 41.3861, 41.3129, 41.347, 41.281, 41.326, 41.312, 41.343, 41.3542, 41.307, 41.3449, 41.353, 41.3439, 41.3868, 41.3301, 41.337, 41.383, 41.389, 41.3251, 41.3599, 41.4062, 41.409, 41.4128, 41.3251, 41.405, 41.3091, 41.358, 41.399, 41.3609, 41.3101, 41.398, 41.3489, 41.338, 41.3351, 41.405, 41.4672, 41.4019, 41.384, 41.3868, 41.373, 41.414, 41.337, 41.3778, 41.368, 41.374, 41.4, 41.3871, 41.3949, 41.3499, 41.4631, 41.4081, 41.343, 41.364, 41.3361, 41.3349, 41.383, 41.4159, 41.4202, 41.4398, 41.4052, 41.363, 41.4538, 41.3911, 41.378, 41.4011, 41.3089, 41.338, 41.4031, 41.4121, 41.4641, 41.3589, 41.434, 41.394, 41.4109, 41.3501, 41.4271, 41.3671, 41.3878, 41.383, 41.388, 41.4259, 41.4701, 41.425, 41.3411, 41.332, 
Time to set up datastructures: 17784.1ms
38.646, 38.6288, 38.5611, 38.5671, 38.5649, 38.7411, 38.6348, 38.6591, 38.6939, 38.6982, 38.6529, 38.718, 38.722, 38.7721, 38.7239, 38.7502, 38.7108, 38.7111, 38.7511, 38.7509, 38.6531, 38.713, 38.7039, 38.681, 38.7299, 38.7721, 38.7759, 38.7001, 38.661, 38.6579, 38.7211, 38.6841, 38.739, 38.784, 38.8138, 38.7962, 38.861, 38.789, 38.8038, 38.779, 38.8072, 38.785, 38.79, 38.6641, 38.6388, 38.6672, 38.7778, 38.7931, 38.825, 38.846, 38.8079, 38.7261, 38.7959, 38.753, 38.7349, 38.7082, 38.7599, 38.729, 38.7709, 38.8062, 38.7359, 38.7139, 38.7411, 38.7831, 38.8219, 38.7461, 38.7599, 39.212, 38.9071, 38.8799, 38.9121, 38.8861, 38.8219, 38.873, 38.83, 38.83, 38.805, 38.769, 38.851, 38.8179, 38.815, 38.825, 38.82, 38.836, 38.8451, 38.8029, 38.7881, 38.799, 38.8191, 38.7559, 38.801, 38.7931, 38.811, 38.769, 38.7409, 38.7471, 38.8, 38.743, 38.7549, 38.7518, 
Time to set up datastructures: 18107.6ms
36.7992, 36.7649, 36.782, 36.736, 36.8149, 36.792, 36.7951, 36.84, 36.8021, 36.8409, 36.7939, 36.839, 36.8152, 36.835, 36.804, 36.829, 36.8412, 36.8099, 36.845, 36.829, 36.8412, 36.871, 36.8559, 36.8459, 36.87, 36.8099, 36.845, 36.8412, 36.8609, 36.829, 36.8459, 36.8562, 36.829, 36.828, 36.8469, 36.8412, 36.8309, 36.814, 36.833, 36.869, 36.849, 36.819, 36.8221, 36.8459, 36.8412, 36.8021, 36.8578, 36.849, 36.8621, 36.792, 36.88, 36.8428, 36.8412, 36.86, 36.8309, 36.7801, 36.9561, 36.9251, 36.8779, 36.865, 36.8721, 36.8249, 36.864, 36.803, 36.819, 36.8559, 36.8421, 36.8659, 36.835, 36.823, 36.8249, 36.8721, 36.8369, 36.8721, 36.85, 36.86, 36.8559, 36.799, 36.8202, 36.835, 36.88, 36.823, 36.8149, 36.8412, 36.804, 36.87, 36.9389, 36.8571, 36.823, 36.808, 36.8278, 36.854, 36.835, 36.8612, 36.8059, 36.8659, 36.7951, 36.844, 36.824, 36.8249, 
Time to set up datastructures: 17964.9ms
35.3751, 35.3098, 35.279, 35.3611, 35.357, 35.305, 35.327, 35.3322, 35.3169, 35.3501, 35.3129, 35.3529, 35.3482, 35.3229, 35.265, 35.326, 35.322, 35.3529, 35.356, 35.332, 35.322, 35.3601, 35.3489, 35.413, 35.3739, 35.3441, 35.3639, 35.3971, 35.341, 35.3301, 35.3091, 35.316, 35.3498, 35.4261, 35.3999, 35.409, 35.3711, 35.3649, 35.4018, 35.387, 35.418, 35.4481, 35.475, 35.4009, 35.316, 35.3611, 35.3441, 35.3339, 35.3768, 35.3379, 35.3661, 35.373, 35.378, 35.4741, 35.4431, 35.4199, 35.4049, 35.3839, 35.409, 35.399, 35.2991, 35.4121, 35.3088, 35.315, 35.322, 35.3322, 35.341, 35.3758, 35.4321, 35.3949, 35.3842, 35.4099, 35.414, 35.373, 35.454, 35.413, 35.4371, 35.4278, 35.4121, 35.4221, 35.3749, 35.4531, 35.4531, 35.419, 35.4149, 35.4121, 35.4159, 35.4218, 35.439, 35.4071, 35.4521, 35.4178, 35.423, 35.4919, 35.4049, 35.399, 35.373, 35.4109, 35.4121, 35.5039, 
Time to set up datastructures: 17686.1ms
34.2541, 34.2491, 34.2441, 34.467, 34.1918, 34.3401, 34.3089, 34.26, 34.205, 34.2331, 34.2591, 34.2219, 34.281, 34.2541, 34.2469, 34.2431, 34.22, 34.2221, 34.235, 34.2219, 34.215, 34.2429, 34.277, 34.3249, 34.3351, 34.2858, 34.2879, 34.277, 34.3871, 34.3339, 34.3611, 34.3449, 34.3959, 34.4009, 34.3442, 34.3099, 34.2801, 34.327, 34.3981, 34.369, 34.481, 34.3888, 34.3821, 34.308, 34.2851, 34.2941, 34.3781, 34.4088, 34.416, 34.399, 34.42, 34.3678, 34.3771, 34.3089, 34.292, 34.389, 34.699, 34.3502, 34.3618, 34.363, 34.3292, 34.3158, 34.2729, 34.317, 34.3759, 34.306, 34.2541, 34.5249, 34.4982, 34.3058, 34.3988, 34.3561, 34.3401, 34.2839, 34.277, 34.266, 34.234, 34.2591, 34.2281, 34.2839, 34.312, 34.245, 34.3392, 34.2369, 34.322, 34.287, 34.2782, 34.3249, 34.291, 34.2691, 34.26, 34.2669, 34.2751, 34.2629, 34.3111, 34.2751, 34.3039, 34.3671, 34.6251, 34.658, 
Time to set up datastructures: 17120.6ms
33.9191, 33.9601, 33.963, 33.9649, 33.9482, 33.8838, 33.921, 33.9341, 33.9241, 33.8969, 33.951, 33.942, 33.9339, 33.9601, 33.9129, 33.9241, 33.921, 33.9642, 33.9279, 33.962, 33.9651, 33.9439, 33.978, 33.9601, 33.9489, 33.9241, 33.947, 33.911, 33.9661, 33.917, 33.9429, 33.947, 33.9451, 34.0109, 33.9482, 33.942, 34.03, 34.0002, 33.9639, 33.968, 33.9491, 33.9699, 33.911, 34.035, 33.9441, 34.0059, 33.936, 33.9811, 33.9401, 33.999, 33.9429, 33.982, 33.901, 33.9861, 33.931, 34.013, 33.9379, 34.0021, 34.0109, 33.947, 33.9661, 33.9661, 33.9658, 33.9801, 33.9401, 33.9789, 33.8991, 33.9139, 33.9811, 33.982, 33.9479, 34.0021, 33.9139, 33.9949, 33.905, 33.972, 34.0049, 33.982, 33.9289, 33.9842, 33.957, 33.9329, 33.937, 33.968, 33.9792, 33.998, 33.9589, 33.9901, 33.9448, 33.9291, 34.0118, 33.952, 34.008, 33.926, 33.9792, 33.988, 33.9909, 33.9441, 33.9689, 33.89, 
Time to set up datastructures: 17896.9ms
33.4589, 33.4899, 33.4961, 33.4659, 33.4651, 33.4959, 33.4771, 33.4849, 33.5009, 33.5011, 33.4871, 33.4928, 33.509, 33.5121, 33.5081, 33.4949, 33.5031, 33.5078, 33.4899, 33.4742, 33.4721, 33.4949, 33.52, 33.498, 33.5269, 33.493, 33.4959, 33.4742, 33.469, 33.5, 33.4849, 33.4952, 33.5238, 33.5159, 33.4871, 33.52, 33.5028, 33.514, 33.5271, 33.514, 33.52, 33.5281, 33.4949, 33.4821, 33.504, 33.5081, 33.5338, 33.6361, 33.5281, 33.5019, 33.5071, 33.5028, 33.5381, 33.499, 33.5031, 33.571, 33.541, 33.469, 33.4961, 33.51, 33.5062, 33.5219, 33.5059, 33.52, 33.5102, 33.5169, 33.571, 33.5131, 33.5279, 33.5081, 33.5472, 33.5419, 33.529, 33.504, 33.5109, 33.5159, 33.5681, 33.572, 33.5321, 33.4978, 33.519, 33.504, 33.5052, 33.5329, 33.546, 33.536, 33.5171, 33.5081, 33.4909, 33.5221, 33.4859, 33.5121, 33.4978, 33.5152, 33.489, 33.5019, 33.514, 33.4952, 33.53, 33.504, 
Time to set up datastructures: 17691.7ms
33.52, 33.5028, 33.5181, 33.5159, 33.51, 33.51, 33.529, 33.5009, 33.5159, 33.51, 33.514, 33.5338, 33.498, 33.52, 33.5221, 33.53, 33.509, 33.5078, 33.5112, 33.494, 33.5279, 33.525, 33.5121, 33.5469, 33.5112, 33.5469, 33.546, 33.5572, 33.536, 33.5388, 33.5019, 33.5591, 33.5619, 33.53, 33.5791, 33.5391, 33.5329, 33.5231, 33.515, 33.546, 33.5531, 33.5319, 33.5851, 33.55, 33.5431, 33.524, 33.5679, 33.541, 33.5381, 33.5379, 33.561, 33.5581, 33.582, 33.54, 33.5319, 33.55, 33.514, 33.5391, 33.5021, 33.5639, 33.55, 33.504, 33.5052, 33.5338, 33.5522, 33.581, 33.5629, 33.515, 33.535, 35.048, 33.6781, 33.555, 33.602, 33.5381, 33.5388, 33.5321, 33.5481, 33.5348, 33.535, 33.55, 33.5369, 33.5219, 33.5522, 33.52, 33.5319, 33.5391, 33.5391, 33.525, 33.6471, 33.6251, 33.5429, 33.5321, 33.5319, 33.5162, 33.5259, 33.5431, 33.5178, 33.51, 33.54, 33.5059, 
Running TBB_graphs implementation with double the amount of partitions than threads
Time to set up datastructures: 10092.7ms
114.374, 117.978, 114.334, 114.378, 118.009, 115.141, 114.561, 114.54, 117.336, 114.577, 117.299, 116.631, 115.146, 114.61, 117.257, 115.012, 115.16, 118.08, 117.219, 115.172, 116.693, 116.672, 116.707, 113.52, 115.018, 114.908, 113.469, 114.95, 113.401, 118.429, 115.059, 118.481, 114.912, 113.293, 117.035, 114.946, 117.22, 113.385, 114.747, 114.797, 118.394, 113.299, 114.718, 114.78, 117.057, 117.228, 113.237, 114.904, 113.35, 116.839, 114.801, 113.325, 114.87, 117.064, 118.51, 117.074, 114.856, 114.798, 114.929, 116.872, 117.102, 114.874, 116.931, 118.617, 114.864, 114.854, 117.181, 118.506, 114.769, 114.755, 114.81, 117.214, 118.595, 113.458, 118.508, 117.045, 113.398, 114.811, 117.114, 117.256, 113.33, 117.097, 113.331, 113.326, 113.293, 114.811, 113.253, 114.944, 114.944, 117.004, 118.546, 117.097, 117.12, 115.003, 118.524, 114.874, 117.089, 115.057, 118.715, 114.962, 
Time to set up datastructures: 10083.4ms
78.7461, 79.5698, 79.618, 78.763, 79.2172, 78.6798, 79.946, 91.5091, 81.542, 80.3981, 79.9479, 82.2182, 82.1738, 83.003, 79.9642, 80.2889, 79.669, 79.7582, 79.8669, 80.6231, 79.9868, 80.1301, 79.9329, 90.0161, 81.032, 83.1759, 78.7971, 79.932, 79.457, 80.0369, 79.911, 78.8631, 79.9489, 82.252, 87.266, 81.821, 80.3802, 79.9649, 80.406, 83.822, 80.4551, 80.2422, 88.306, 79.2379, 80.2121, 80.4849, 79.632, 79.0911, 79.9949, 78.706, 79.8411, 79.7489, 80.003, 80.091, 78.6901, 79.9041, 80.0519, 78.8381, 79.927, 80.323, 86.005, 84.42, 80.142, 79.1829, 79.731, 78.963, 79.5271, 80.384, 80.1508, 90.168, 85.1521, 79.416, 79.746, 80.6489, 80.03, 79.756, 80.6279, 80.035, 80.689, 80.101, 80.0331, 91.0969, 81.2919, 80.199, 85.2859, 80.358, 80.3561, 79.5629, 81.0931, 80.0719, 84.3749, 80.6911, 80.204, 78.846, 79.88, 78.7468, 78.9161, 79.2811, 80.0059, 88.2251, 
Time to set up datastructures: 10100.7ms
61.918, 62.099, 62.3631, 62.871, 62.566, 61.976, 62.1262, 62.0739, 62.645, 62.7391, 62.9029, 62.8071, 62.9311, 63.01, 62.6678, 62.032, 62.7429, 62.64, 63.246, 62.65, 62.237, 62.7351, 62.9101, 62.5379, 66.972, 63.6051, 62.315, 63.5929, 62.727, 62.665, 62.767, 64.5399, 63.6671, 62.8409, 63.271, 62.4621, 61.9199, 62.6919, 62.7742, 62.7029, 62.3491, 62.9821, 62.0599, 62.757, 62.912, 61.9791, 63.005, 68.872, 62.5401, 62.4411, 62.85, 62.4919, 67.3571, 64.203, 62.187, 61.9571, 61.9249, 62.4011, 62.2931, 62.8228, 62.0701, 62.3751, 62.1769, 62.4099, 62.1929, 62.1269, 68.0332, 62.7809, 62.0379, 62.4859, 62.7811, 61.9199, 62.1381, 61.991, 62.165, 62.007, 62.8309, 62.185, 62.8901, 62.279, 62.82, 62.326, 62.906, 62.444, 62.3701, 63.616, 62.449, 62.346, 68.4149, 62.772, 62.6941, 62.5131, 62.134, 62.8839, 66.5331, 66.3369, 62.7742, 62.9358, 66.644, 63.822, 
Time to set up datastructures: 10083.1ms
52.5348, 53.2711, 52.2211, 52.4931, 51.945, 52.424, 52.037, 52.4149, 52.3591, 52.8331, 52.4359, 57.0872, 52.567, 52.222, 52.8078, 52.2919, 51.805, 52.7029, 51.3868, 52.3951, 56.8299, 57.858, 52.9981, 52.438, 57.8909, 52.896, 52.8262, 52.3748, 57.445, 52.793, 52.5389, 52.366, 52.7921, 52.7661, 52.1889, 52.283, 52.3369, 52.3748, 52.0821, 52.7239, 52.3942, 52.0909, 52.1681, 52.7909, 52.819, 52.8691, 52.8519, 52.8731, 52.7401, 52.552, 52.4518, 52.283, 52.309, 52.4712, 52.3651, 52.835, 52.8629, 52.238, 52.1631, 52.886, 52.2399, 52.3942, 51.9729, 52.5951, 52.439, 52.11, 52.4251, 55.2239, 52.2349, 52.408, 53.8151, 57.024, 54.1821, 53.014, 51.939, 52.8479, 52.4869, 51.7581, 52.4011, 52.799, 52.4991, 52.954, 54.5189, 52.5439, 52.0091, 52.758, 52.552, 52.4781, 52.5198, 52.5341, 52.4321, 52.799, 52.6309, 52.933, 52.7182, 52.4628, 52.2461, 52.1951, 51.7619, 51.867, 
Time to set up datastructures: 10088.6ms
46.411, 46.5488, 47.3201, 46.3359, 46.2341, 46.6089, 46.2589, 46.3479, 46.3591, 46.123, 46.145, 46.273, 46.3102, 46.1259, 46.277, 50.3719, 48.876, 50.1091, 46.6061, 46.1919, 46.4909, 45.5689, 46.2382, 46.422, 46.428, 46.314, 46.118, 46.34, 46.2441, 45.6409, 46.293, 45.7129, 46.2019, 46.114, 46.2401, 46.612, 46.6139, 46.35, 46.3922, 49.598, 46.5219, 51.7821, 51.0719, 46.144, 45.619, 46.515, 47.2159, 46.56, 46.705, 46.5071, 49.6731, 50.8599, 46.5319, 46.6661, 46.9649, 46.3729, 46.591, 45.7129, 46.571, 46.577, 46.504, 46.443, 46.4852, 46.705, 46.3538, 46.5589, 46.2301, 46.3629, 46.3021, 46.335, 46.2971, 46.1481, 45.737, 45.6519, 46.2542, 46.3369, 46.4079, 50.323, 46.685, 46.5941, 46.3121, 46.061, 45.738, 46.4258, 49.7901, 46.571, 46.207, 46.7799, 46.345, 46.628, 46.2511, 47.1201, 46.129, 46.356, 46.4351, 46.536, 46.6459, 46.3359, 46.3681, 46.308, 
Time to set up datastructures: 10103.6ms
43.2239, 42.197, 42.3241, 42.433, 42.1429, 42.0282, 42.3419, 43.01, 45.8429, 42.6071, 42.311, 42.418, 42.4762, 42.454, 42.5019, 42.1691, 41.8539, 42.053, 42.3141, 46.1209, 42.2831, 42.171, 42.279, 42.2361, 42.5959, 42.3591, 43.3269, 41.9862, 41.6739, 43.391, 42.639, 42.45, 42.0921, 42.3391, 43.5879, 42.8059, 42.2299, 41.564, 42.351, 42.3629, 42.1102, 42.4359, 41.6632, 42.3369, 46.283, 42.609, 42.1631, 42.4058, 42.4972, 41.641, 42.4669, 42.495, 42.418, 45.7492, 42.347, 42.1259, 42.4161, 42.3341, 42.393, 41.656, 42.475, 42.3629, 42.398, 42.412, 41.693, 42.1281, 42.532, 42.4609, 41.6141, 42.3729, 42.5401, 42.1159, 41.9881, 41.64, 42.0809, 42.5241, 42.1121, 42.3188, 42.2041, 42.3188, 42.4421, 41.7581, 42.0699, 42.552, 42.105, 42.1481, 42.196, 44.565, 42.438, 42.4709, 42.285, 42.2509, 42.3522, 42.3789, 42.1691, 47.1869, 42.3961, 42.3269, 42.331, 42.4511, 
Time to set up datastructures: 10094.7ms
39.3159, 42.5382, 39.8819, 39.5141, 39.211, 39.3689, 39.2082, 39.5839, 39.4239, 39.336, 39.2501, 39.361, 39.4681, 39.4239, 39.2861, 39.072, 39.3288, 39.397, 39.4089, 39.3269, 39.6171, 38.98, 39.3541, 39.7799, 39.501, 49.01, 42.7978, 39.2551, 39.407, 38.9628, 39.5029, 39.4142, 39.4928, 39.4151, 39.432, 39.032, 39.5789, 39.582, 39.5679, 39.4061, 41.218, 39.4921, 39.4199, 39.4301, 39.2869, 39.3391, 39.6271, 39.53, 39.49, 39.413, 39.4549, 43.8981, 41.086, 39.6669, 39.2768, 40.5128, 39.701, 39.2749, 39.017, 39.211, 39.2621, 39.4721, 40.6909, 39.3231, 39.284, 39.52, 39.525, 39.494, 39.6149, 38.98, 39.058, 41.2049, 39.8521, 40.519, 39.7589, 39.3581, 42.8219, 39.8099, 40.4232, 46.0551, 44.4498, 39.623, 39.1781, 39.4011, 39.501, 39.305, 39.52, 39.5591, 39.2258, 39.103, 39.2761, 41.6899, 39.803, 39.499, 49.3422, 39.5708, 39.5401, 39.3391, 39.427, 39.202, 
Time to set up datastructures: 10103.5ms
39.3109, 37.6499, 37.3981, 37.298, 39.4721, 37.4448, 39.7191, 37.3521, 37.3549, 37.466, 37.3218, 37.3461, 37.2479, 37.606, 37.3938, 41.7719, 38.7061, 40.1208, 37.5869, 37.313, 37.262, 37.4651, 37.4131, 37.3609, 37.4351, 37.1571, 37.4119, 37.55, 37.395, 40.5641, 37.3609, 37.4079, 37.2031, 37.25, 37.1671, 37.287, 37.4939, 37.3769, 37.5171, 39.1102, 37.9899, 37.4851, 37.2429, 37.348, 37.4222, 37.3819, 37.4889, 37.3399, 37.3919, 37.2162, 37.3008, 37.4222, 37.873, 37.4689, 37.2801, 37.313, 37.3299, 37.4851, 37.3869, 37.308, 48.955, 40.0052, 37.2889, 37.329, 37.334, 37.4992, 37.348, 37.57, 37.3478, 37.2961, 39.8302, 39.659, 37.39, 37.411, 37.4229, 37.4451, 37.318, 37.4651, 37.3571, 37.3569, 37.2758, 37.4842, 37.3499, 37.4, 37.503, 37.2782, 37.241, 37.24, 37.1988, 37.055, 39.7038, 37.4281, 37.3819, 37.4, 37.2701, 37.199, 37.1311, 37.2961, 37.411, 37.498, 
Time to set up datastructures: 10097ms
36.0799, 35.8541, 35.959, 38.106, 37.641, 36.1631, 36.0548, 35.9502, 36.0179, 36.123, 35.975, 36.0661, 35.9671, 36.0048, 36.1512, 35.949, 36.0351, 36.0758, 36.072, 36.0351, 36.1471, 36.1481, 36.0608, 36.1669, 38.1961, 38.5389, 36.1669, 35.9702, 35.8899, 35.954, 36.479, 38.6789, 36.2041, 36.3898, 38.1339, 36.581, 36.1121, 36.0689, 35.9831, 35.8849, 35.9581, 35.83, 36.011, 36.1471, 36.1359, 36.1741, 36.1729, 36.1412, 36.149, 36.042, 38.523, 36.0482, 36.1018, 35.9318, 36.1481, 35.984, 36.1769, 36.087, 35.9821, 35.9709, 35.9762, 36.1559, 36.1431, 36.072, 35.7971, 36.0029, 35.923, 36.0081, 36.037, 35.9979, 35.867, 36.1381, 36.155, 36.0329, 36.0019, 35.96, 36.082, 36.0839, 35.856, 36.016, 36.016, 36.1061, 35.8961, 35.9819, 36.1149, 36.3822, 36.032, 36.0699, 41.2679, 37.2751, 35.919, 35.9139, 36.0231, 35.9399, 35.9139, 36.113, 36.015, 36.099, 36.1681, 36.032, 
Time to set up datastructures: 10493.3ms
42.2559, 41.878, 41.44, 37.1649, 35.1429, 35.1441, 35.028, 35.0442, 35.1059, 35.275, 35.259, 35.2139, 37.2231, 35.8939, 42.0201, 35.5589, 35.2659, 35.1729, 35.059, 35.0211, 35.115, 35.0978, 34.9941, 35.0649, 35.017, 35.0242, 35.0568, 34.9982, 35.1739, 35.048, 35.1231, 35.069, 36.6249, 36.783, 36.418, 35.311, 36.4761, 35.4419, 35.2321, 34.9751, 34.9789, 35.1889, 35.3251, 35.131, 43.6029, 35.7201, 35.502, 35.3391, 35.1958, 35.2871, 37.25, 37.0619, 35.219, 35.0621, 35.1849, 35.0862, 35.053, 35.058, 35.0189, 37.24, 35.145, 35.3191, 35.2118, 35.1131, 35.1381, 35.1989, 35.289, 35.2721, 35.033, 35.012, 35.1329, 35.0721, 35.037, 34.9801, 35.207, 35.0978, 37.641, 41.4791, 38.61, 35.5, 35.1341, 36.3078, 35.593, 44.7531, 35.6331, 35.219, 35.1028, 35.0819, 34.972, 35.2111, 35.0311, 35.0759, 35.367, 35.2571, 35.4149, 35.2771, 35.1129, 35.3861, 35.346, 35.2459, 
Time to set up datastructures: 10126ms
36.5942, 36.726, 40.2281, 35.573, 35.0518, 35.5279, 34.8799, 34.771, 34.647, 34.6169, 34.5972, 34.719, 34.672, 34.7769, 34.8639, 34.7221, 34.5759, 34.698, 34.7471, 34.7459, 34.569, 34.554, 34.6079, 34.637, 42.2821, 34.6849, 34.6282, 35.5699, 36.5121, 34.7888, 34.6291, 34.5619, 34.7831, 34.7419, 34.5991, 34.621, 34.615, 34.6632, 34.6899, 34.6429, 34.7161, 34.57, 34.5981, 34.6608, 34.6451, 34.6451, 34.636, 36.865, 36.392, 34.857, 34.5531, 34.7669, 34.626, 42.3081, 35.61, 34.8341, 34.656, 34.7009, 34.693, 34.74, 36.0341, 34.8079, 34.7202, 35.183, 35.6741, 34.94, 34.723, 34.5869, 35.0809, 35.0282, 34.8959, 34.802, 34.6601, 34.744, 34.6148, 34.6758, 34.7931, 34.7788, 34.6072, 34.549, 34.749, 34.5879, 34.642, 34.7459, 34.6501, 34.7788, 34.6611, 34.667, 34.724, 34.6911, 34.6601, 34.673, 34.647, 34.9369, 34.761, 34.6971, 34.4641, 34.6248, 34.6458, 34.6081, 
Time to set up datastructures: 10094.3ms
34.0831, 34.126, 34.169, 34.0111, 33.9129, 34.0712, 35.8078, 34.2979, 34.1771, 35.161, 34.405, 34.1461, 34.2751, 34.0209, 34.163, 34.163, 34.096, 34.0931, 34.0989, 34.1899, 33.9961, 34.0979, 34.023, 34.0281, 34.0779, 34.1201, 34.1401, 34.1809, 34.1671, 34.03, 34.024, 33.987, 34.09, 34.122, 34.173, 34.4739, 34.013, 33.942, 34.1861, 34.3208, 34.0199, 34.066, 34.0428, 34.2581, 34.0829, 34.1842, 34.0538, 34.0419, 40, 36.0091, 36.0341, 34.174, 33.942, 33.989, 34.049, 34.776, 34.164, 34.0719, 34.1349, 34.122, 34.0559, 34.173, 34.0741, 34.2109, 36.1969, 34.1332, 33.968, 34.0898, 34.1172, 34.0679, 34.2131, 33.998, 34.379, 34.0989, 34.008, 34.0512, 34.0869, 34.169, 34.2469, 34.1301, 40.7979, 35.413, 34.1742, 34.0588, 34.657, 33.9639, 34.05, 34.025, 39.7861, 34.2591, 34.184, 34.0619, 34.0681, 34.1568, 34.2031, 34.0261, 34.1129, 34.1001, 37.272, 35.3661, 
Time to set up datastructures: 10116.6ms
33.869, 33.9079, 33.9122, 33.8709, 33.9611, 33.9129, 33.9041, 33.7911, 34.951, 34.0071, 34.024, 33.854, 33.7961, 33.8299, 33.8469, 33.8891, 33.8781, 33.946, 35.135, 34.1659, 33.911, 33.772, 33.8938, 33.823, 34.694, 34.132, 33.91, 33.777, 33.958, 33.8631, 33.9081, 33.9289, 33.9901, 33.917, 34.029, 33.884, 33.854, 33.916, 33.8929, 33.936, 33.953, 33.942, 34.6231, 34.066, 33.9699, 33.8991, 34.0691, 33.947, 33.8252, 33.8728, 34.8811, 34.081, 33.917, 33.8862, 33.9589, 33.875, 34.0259, 33.8922, 33.9129, 33.9091, 33.85, 33.9711, 33.8509, 33.9191, 34.554, 33.9651, 33.778, 33.9041, 33.7698, 33.8161, 33.8449, 33.8752, 35.1119, 34.07, 33.962, 33.8831, 33.9029, 33.9861, 33.8781, 33.886, 33.8819, 33.8991, 33.9019, 33.9382, 38.6899, 34.0841, 33.8759, 33.9639, 33.8871, 33.9911, 33.8418, 33.8101, 33.973, 33.922, 34.421, 33.9079, 33.828, 34.004, 33.8669, 33.8881, 
Running Threadpool implementation with double the amount of partitions than threads
Time to set up datastructures: 10290ms
117.459, 119.655, 117.16, 116.59, 117.821, 117.373, 116.838, 119.802, 117.992, 117.198, 116.948, 118.056, 122.754, 117.868, 117.102, 118.095, 117.392, 116.821, 118.367, 117.182, 125.517, 117.724, 117.074, 117.976, 117.378, 116.783, 124.977, 117.74, 117.081, 118.09, 117.353, 123.967, 116.817, 118.294, 117.38, 118.192, 117.299, 124.289, 118.466, 117.313, 116.858, 117.981, 117.297, 116.837, 117.844, 119.28, 117.593, 117.009, 117.964, 117.297, 116.891, 118.011, 117.373, 124.259, 118.214, 117.592, 122.817, 117.227, 118.278, 117.322, 116.857, 118.125, 117.47, 118.261, 117.441, 116.95, 118.067, 117.286, 118.152, 117.379, 117.014, 117.975, 117.415, 122.487, 116.966, 124.276, 116.94, 118.036, 117.388, 118.396, 117.573, 118.283, 117.625, 117.102, 117.947, 117.121, 124.82, 117.889, 117.202, 118.567, 117.203, 116.928, 124.911, 117.749, 117.124, 118.045, 117.528, 123.218, 117.107, 118.035, 
Time to set up datastructures: 10267ms
81.995, 82.0851, 90.3299, 81.749, 85.9351, 83.746, 89.19, 80.5309, 86.1452, 81.2099, 81.3591, 80.6999, 79.819, 80.3201, 87.2519, 85.82, 88.124, 86.375, 83.7409, 81.43, 80.7841, 85.7911, 83.6828, 82.134, 80.5311, 81.1329, 80.6792, 80.699, 80.4019, 80.1101, 80.2121, 79.958, 79.9849, 80.0991, 80.1139, 79.191, 80.2841, 80.3289, 80.0731, 80.0538, 80.5042, 82.473, 80.6899, 80.2832, 80.0738, 80.06, 81.4481, 80.817, 80.471, 80.1439, 79.915, 80.0679, 86.242, 84.394, 81.2991, 80.5759, 85.4781, 82.8669, 80.1539, 81.5611, 80.9, 80.6861, 82.2039, 81.0111, 80.662, 80.0691, 79.942, 79.91, 80.1201, 79.8879, 79.9661, 87.584, 87.847, 82.288, 81.212, 80.8308, 80.585, 80.292, 80.2369, 80.121, 80.389, 81.2421, 80.894, 80.5321, 80.7748, 83.5731, 89.638, 85.5861, 80.812, 80.4579, 80.2801, 86.715, 90.1852, 91.9769, 82.345, 82.1531, 81.0089, 80.6918, 85.6631, 81.296, 
Time to set up datastructures: 10264.4ms
62.0208, 62.0372, 62.0959, 61.59, 63.7701, 68.224, 62.119, 62.2802, 62.0849, 62.1459, 62.134, 67.0981, 63.616, 62.2549, 66.9501, 62.2311, 61.9359, 67.4791, 63.194, 62.0198, 62.1209, 61.908, 62.062, 62.1059, 61.9581, 62.0079, 62.1352, 61.8138, 62.0852, 61.867, 61.9948, 62.063, 61.9681, 62.0809, 61.9509, 61.867, 61.9891, 62.2029, 62.047, 61.8949, 62.0451, 61.9731, 61.7609, 62.2389, 67.1141, 62.1259, 61.9731, 62.1629, 62.032, 62.043, 62.1281, 62.0348, 61.9948, 62.1681, 62.1779, 62.0499, 62.099, 62.0661, 61.8811, 62.0029, 61.9359, 61.9941, 61.9509, 63.0562, 68.5768, 63.525, 62.212, 62.0761, 62.1231, 62.0449, 62.0852, 62.115, 62.2251, 62.0799, 61.9721, 62.1789, 67.5089, 62.0589, 62.0131, 62.1579, 62.027, 62.1319, 62.0241, 62.0699, 62.0141, 62.084, 62.0279, 62.0761, 71.9151, 68.0249, 69.1271, 67.735, 63.6361, 62.233, 61.9431, 62.9659, 62.3522, 62.4659, 62.2079, 62.0558, 
Time to set up datastructures: 10260.2ms
52.3679, 55.7041, 52.3689, 52.33, 51.8939, 52.5329, 52.2041, 51.759, 52.454, 51.904, 51.9831, 52.002, 52.0451, 51.94, 52.0709, 52.2559, 52.156, 51.9991, 52.0229, 52.0391, 52.032, 52.088, 52.1131, 52.042, 52.201, 52.0978, 52.17, 52.0279, 51.99, 52.0749, 52.0971, 52.0918, 52.0411, 52.0411, 51.9919, 52.129, 52.073, 52.134, 52.1371, 52.213, 51.8179, 52.6948, 52.1932, 51.842, 52.726, 52.4359, 51.8491, 52.7899, 51.8081, 52.1889, 51.852, 52.7201, 52.29, 51.93, 52.2051, 52.377, 56.9851, 52.778, 52.249, 56.776, 53.108, 52.007, 51.8889, 51.8861, 51.8889, 51.9421, 51.805, 52.1588, 51.8639, 51.887, 51.7709, 52.2289, 52.145, 52.2411, 52.171, 52.1889, 52.2211, 51.8131, 51.8141, 52.2809, 52.2881, 56.4039, 52.6881, 52.304, 51.861, 52.2819, 55.7022, 52.6769, 52.259, 51.861, 52.4759, 51.9481, 51.8279, 52.2451, 52.3429, 51.784, 52.6991, 52.3639, 57.4059, 56.4132, 
Time to set up datastructures: 10255.5ms
45.8701, 45.6579, 45.6481, 45.763, 45.6381, 45.939, 45.66, 45.5849, 45.6691, 45.5561, 46.9799, 45.8751, 51.9531, 50.9, 46.7031, 45.8889, 46.0069, 45.6071, 46.195, 45.671, 46.226, 46.0601, 50.5521, 46.4149, 46.942, 47.5452, 46.922, 47.019, 58.3839, 50.9701, 50.5359, 52.1781, 48.2659, 46.5579, 47.04, 46.4041, 45.5821, 46.2499, 45.737, 45.6312, 46.8528, 50.0281, 46.8371, 49.0389, 46.5801, 45.984, 45.696, 52.4321, 48.646, 46.2582, 45.5608, 46.463, 45.573, 47.014, 52.3851, 47.756, 46.4962, 46.0489, 46.9799, 50.3681, 48.737, 47.869, 46.386, 45.985, 45.6622, 46.042, 45.7211, 46.0861, 45.5539, 46.149, 45.7191, 46.3049, 45.6781, 46.658, 45.7289, 46.2229, 45.6831, 46.1888, 45.5692, 46.3779, 46.3409, 46.0389, 45.5692, 45.9859, 45.706, 46.248, 45.567, 46.469, 45.671, 46.278, 45.7132, 46.1779, 45.6769, 46.2911, 46.2761, 46.216, 45.6359, 46.2, 45.6688, 46.4611, 
Time to set up datastructures: 10244.3ms
41.594, 41.959, 41.539, 42.2201, 41.898, 41.7109, 41.61, 42.053, 47.1461, 45.5341, 46.5448, 43.0951, 46.5341, 45.346, 42.923, 44.5011, 42.5808, 42.1782, 47.6899, 44.4181, 44.9369, 42.695, 42.2881, 41.959, 42.206, 41.688, 42.2099, 41.8971, 42.2339, 41.8031, 42.315, 41.635, 42.1951, 41.8499, 42.2342, 42.239, 42.181, 41.7011, 42.156, 41.6908, 42.0942, 41.6708, 42.2821, 41.811, 42.1841, 41.7669, 45.9011, 46.994, 46.6001, 46.1459, 45.8531, 42.6009, 41.657, 45.8229, 47.029, 43.5221, 43.2079, 42.9401, 42.208, 42.3331, 41.775, 42.2978, 46.2749, 42.223, 47.308, 45.248, 42.336, 42.1531, 42.197, 41.7819, 42.263, 41.8401, 42.268, 41.719, 42.1271, 41.7559, 42.171, 41.7061, 42.269, 41.806, 42.172, 41.6951, 42.3419, 42.1948, 43.4408, 42.4092, 41.821, 42.2919, 42.227, 42.156, 41.61, 42.5501, 44.7409, 47.0321, 45.543, 46.176, 42.562, 42.181, 42.3861, 42.2421, 
Time to set up datastructures: 10252.8ms
38.96, 39.036, 38.883, 39.7749, 43.009, 41.234, 42.5611, 41.153, 40.3862, 39.8798, 39.701, 44.198, 41.2202, 42.361, 42.14, 39.4578, 39.8049, 39.7401, 39.324, 39.469, 39.5119, 39.1769, 39.0701, 39.33, 43.5851, 44.661, 44.404, 42.264, 40.4811, 39.402, 38.9359, 39.366, 39.181, 39.4721, 39.386, 42.7871, 42.1028, 41.8372, 39.084, 39.0129, 39.3829, 39.566, 39.7198, 39.16, 39.0589, 39.516, 39.408, 39.4671, 39.6671, 39.6259, 39.129, 39.5119, 39.2692, 39.474, 39.5, 39.9668, 39.5341, 42.1569, 42.973, 41.404, 41.8341, 42.4759, 40.06, 40.0741, 39.5529, 39.3071, 39.4919, 39.489, 39.511, 39.578, 39.6349, 39.2659, 39.0561, 39.3291, 39.4349, 43.381, 42.726, 43.483, 41.0931, 42.2368, 42.0089, 39.7701, 39.4289, 39.103, 39.3209, 39.4681, 43.155, 43.2951, 43.6759, 43.0441, 41.2529, 39.8288, 39.0701, 39.5241, 39.4011, 39.5339, 43.123, 43.611, 42.4609, 42.557, 
Time to set up datastructures: 10254.7ms
37.204, 37.571, 37.3039, 37.3402, 37.2109, 37.1561, 37.24, 37.302, 37.133, 40.381, 37.3149, 38.8021, 39.0558, 39.1841, 39.6531, 40.1521, 39.531, 38.764, 38.7268, 38.0242, 37.5659, 37.226, 37.3199, 37.5822, 37.219, 37.055, 37.3108, 37.3211, 37.2109, 37.6251, 37.2891, 37.8869, 38.291, 37.2732, 37.4968, 37.3569, 37.7901, 37.462, 37.95, 40.3099, 40.451, 37.5111, 38.482, 37.679, 38.558, 39.1691, 38.9521, 39.979, 40.096, 40.2811, 37.8559, 37.8911, 38.2099, 38.985, 38.347, 37.802, 37.5838, 37.4, 40.1592, 37.684, 38.2249, 41.2891, 41.3749, 40.55, 37.3931, 38.1849, 39.8071, 38.7809, 39.722, 39.8469, 39.86, 40.004, 38.8181, 38.6848, 38.0161, 37.652, 37.42, 37.7419, 37.497, 38.1012, 39.8691, 37.6589, 37.291, 40.9911, 37.7109, 38.0251, 39.187, 38.995, 39.5749, 39.9718, 38.9321, 38.2111, 38.7089, 38.7759, 38.1172, 38.9359, 40.52, 38.929, 37.5018, 37.2829, 
Time to set up datastructures: 10249.1ms
35.908, 35.99, 36.185, 35.912, 36.2091, 35.9941, 35.9681, 36.0119, 36.216, 35.953, 36.1688, 36.1578, 35.9211, 36.1738, 36.134, 36.1021, 36.062, 36.0992, 35.938, 36.1428, 35.9511, 36.0191, 36.0968, 36.0491, 36.1729, 35.9221, 35.9151, 35.9359, 36.165, 36.0582, 36.1519, 36.0641, 35.96, 36.0079, 36.0241, 36.063, 36.2351, 36.041, 35.8799, 36.0379, 36.165, 36.2182, 36.1738, 36.18, 36.052, 36.0858, 36.1872, 36.1021, 36.4089, 36.139, 36.0711, 38.976, 38.466, 36.3841, 36.196, 36.093, 35.9449, 36.1171, 36.0909, 36.1049, 35.953, 36.1409, 36.118, 35.996, 36.0222, 35.9359, 35.8791, 36.0489, 35.9859, 36.073, 36.1691, 35.9499, 36.0379, 36.13, 35.9571, 36.056, 36.0289, 36.0341, 36.0661, 35.9111, 36.0599, 35.933, 35.9001, 36.0551, 36.1271, 36.042, 36.191, 36.2239, 36.0181, 36.041, 36.1278, 39.3541, 39.583, 36.9821, 36.2141, 36.0529, 37.6971, 36.243, 36.19, 36.1609, 
Time to set up datastructures: 10273.6ms
35.3501, 37.5011, 35.4068, 35.2521, 37.5669, 35.4362, 35.295, 35.2478, 37.461, 35.4462, 35.542, 38.4519, 35.872, 35.311, 35.5382, 35.496, 36.586, 36.742, 35.645, 35.4409, 35.465, 35.4259, 37.6821, 35.4791, 35.3999, 35.454, 37.5171, 35.4211, 35.4249, 35.3119, 35.3281, 35.5251, 35.4199, 35.4578, 35.3911, 35.481, 35.4621, 36.6828, 35.6081, 35.8701, 37.051, 35.6061, 35.522, 37.8969, 35.4371, 35.249, 35.3131, 38.0168, 35.6252, 35.3289, 35.4352, 35.43, 38.434, 36.9, 35.5051, 35.3, 35.4099, 35.2871, 35.486, 35.3479, 37.6201, 37.6241, 35.481, 35.768, 36.891, 35.532, 35.2771, 35.289, 35.5129, 35.336, 37.519, 35.8419, 35.3661, 35.4741, 35.5351, 35.4009, 35.4931, 35.177, 35.491, 35.249, 35.418, 35.5279, 35.3091, 35.275, 35.305, 35.3391, 35.3749, 35.321, 35.2702, 35.3088, 35.2681, 35.26, 35.3041, 35.3429, 35.362, 35.5601, 35.485, 35.4359, 35.3792, 35.2459, 
Time to set up datastructures: 10256.7ms
35.0082, 35.3639, 35.609, 35.4891, 35.157, 36.2089, 36.19, 35.687, 35.5742, 35.8429, 35.769, 35.949, 35.6071, 35.9821, 36.0038, 36.1421, 35.9709, 36.1488, 36.0961, 36.2301, 36.0658, 36.0351, 36.077, 35.9001, 35.893, 36.042, 35.974, 35.9359, 35.9101, 35.99, 36.124, 35.9271, 36.341, 35.352, 36.366, 35.876, 35.9521, 35.9261, 36.5708, 34.7469, 36.813, 35.923, 34.7741, 34.6549, 34.7712, 34.9419, 35.2991, 35.2809, 35.383, 35.5461, 35.6739, 35.5549, 36.2191, 36.062, 36.283, 35.9349, 36.2589, 36.0181, 36.3228, 35.9631, 36.2, 35.6569, 36.3331, 36.016, 36.042, 35.3119, 36.0239, 35.989, 36.155, 36.5291, 36.696, 36.1099, 36.4161, 36.515, 36.1991, 35.9459, 36.304, 36.1609, 36.35, 36.1562, 36.2768, 36.0951, 35.6331, 35.989, 35.7358, 36.3071, 36.3901, 36.6209, 36.4821, 36.5279, 36.0842, 36.098, 36, 36.6991, 36.2339, 36.309, 36.17, 36.2501, 36.166, 36.0961, 
Time to set up datastructures: 10285.7ms
34.112, 34.0829, 34.148, 34.1671, 36.0122, 35.1338, 34.2131, 34.0631, 33.994, 34.1969, 36.0138, 39.2988, 36, 34.3721, 34.1301, 34.157, 34.138, 34.8439, 34.2422, 34.0698, 34.1239, 34.1001, 34.1029, 34.0829, 34.1201, 34.071, 34.164, 34.065, 35.4869, 34.2152, 35.4619, 36.1011, 35.7568, 34.3668, 34.1461, 34.0931, 34.075, 34.178, 36.211, 34.3628, 34.061, 34.095, 34.1549, 34.1501, 34.1029, 34.184, 34.1461, 34.0409, 34.1561, 34.1761, 34.1539, 34.1141, 34.0078, 34.142, 34.215, 34.1029, 35.445, 34.246, 34.1802, 34.1899, 34.1101, 34.1749, 34.1072, 34.1249, 34.179, 34.07, 34.2228, 34.1492, 34.179, 34.054, 35.9819, 35.785, 34.327, 34.2381, 34.2638, 34.0481, 35.5721, 34.2219, 34.0328, 34.272, 34.0481, 33.922, 34.0841, 34.024, 34.1101, 34.0569, 34.158, 34.0841, 34.0719, 34.0381, 34.054, 34.1141, 34.0209, 34.2159, 34.1048, 34.0822, 34.0829, 34.061, 36.1962, 34.44, 
Time to set up datastructures: 10256.8ms
34.0931, 34.611, 34.076, 33.993, 34.0281, 34.0149, 34.3702, 35.208, 34.4729, 34.884, 34.935, 35.3181, 35.018, 35.038, 35.526, 35.8961, 36.0329, 36.031, 36.2291, 36.124, 35.5949, 35.928, 35.7749, 36.3212, 36.2279, 36.0501, 35.728, 35.9669, 36.273, 36.3262, 36.093, 35.7988, 36.2442, 35.9299, 35.933, 35.7289, 35.7311, 35.9139, 35.938, 35.83, 35.8579, 36.0532, 36.3998, 36.1321, 36.6249, 35.763, 35.6941, 36.8729, 35.9092, 36.0649, 35.852, 36.0231, 35.7299, 35.6898, 35.8691, 35.9211, 35.3508, 34.035, 33.915, 34.4188, 34.6, 34.7199, 35.0981, 35.001, 35.2089, 35.347, 34.9751, 34.142, 34.1778, 35.8601, 34.173, 34.0312, 34.1098, 34.085, 33.9451, 34.0111, 34.0059, 33.998, 34.0941, 33.921, 34.039, 34.0021, 33.864, 34.1339, 35.4261, 35.2209, 34.1852, 33.9918, 33.951, 33.9081, 33.905, 33.8769, 34.0099, 34.332, 33.953, 33.9961, 34.0369, 34.0672, 33.9329, 33.9439, 
Running CRSMerge implementation
Time to set up datastructures: 14728.1ms
114.833, 114.801, 114.791, 114.692, 114.73, 114.712, 114.802, 114.709, 114.794, 114.774, 114.692, 114.837, 114.912, 114.801, 114.775, 114.712, 114.79, 114.712, 114.77, 114.826, 114.737, 114.671, 114.978, 114.829, 115.255, 114.894, 114.872, 114.794, 114.739, 114.763, 114.735, 114.747, 114.837, 115.002, 114.945, 114.899, 114.818, 114.748, 114.867, 114.775, 114.755, 114.68, 114.837, 114.822, 114.794, 114.864, 114.84, 114.713, 114.805, 114.837, 114.892, 114.719, 114.735, 114.786, 114.773, 114.678, 114.755, 114.747, 114.855, 114.994, 114.783, 114.64, 114.828, 114.963, 114.633, 114.809, 114.825, 114.877, 114.841, 114.762, 114.884, 114.704, 114.798, 114.709, 114.773, 114.801, 114.83, 114.751, 114.668, 114.715, 114.772, 114.906, 114.931, 114.702, 115.18, 114.868, 114.833, 114.664, 114.742, 114.935, 114.907, 114.835, 114.772, 114.79, 114.854, 114.75, 114.716, 114.825, 114.749, 114.833, 
Time to set up datastructures: 12026.5ms
78.45, 78.4209, 78.424, 78.486, 78.4202, 78.491, 78.51, 78.419, 78.4199, 78.6231, 78.495, 78.3761, 78.6669, 78.5801, 78.598, 78.4378, 78.4421, 78.5379, 78.608, 78.6891, 78.4659, 78.3889, 78.4168, 78.5291, 78.444, 78.485, 78.496, 78.4459, 78.4099, 78.423, 78.856, 78.968, 78.5789, 78.5072, 78.6529, 78.691, 78.6011, 78.522, 78.4721, 78.4609, 78.573, 78.578, 78.4709, 78.4991, 78.738, 78.634, 78.5, 78.506, 78.3999, 78.5, 78.4891, 78.5799, 78.5501, 78.5129, 78.598, 78.546, 78.825, 78.516, 78.521, 78.5141, 78.676, 78.563, 78.4981, 78.6939, 78.476, 78.6331, 78.6641, 78.7058, 78.547, 78.6052, 78.815, 78.521, 78.5289, 78.68, 78.5639, 78.5432, 78.49, 78.608, 78.7239, 78.5489, 78.5298, 78.9101, 79.056, 78.5959, 78.5491, 78.5429, 78.6879, 78.5069, 78.613, 78.737, 78.691, 78.5739, 78.4881, 78.5179, 78.495, 78.7051, 78.748, 78.5689, 78.506, 78.516, 
Time to set up datastructures: 17542.7ms
61.9552, 62.0439, 62.063, 61.9361, 62.0098, 62.2199, 62.557, 61.9781, 62.1409, 62.0461, 62.1362, 62.0239, 62.0871, 62.1691, 62.1419, 62.1152, 62.15, 62.0639, 62.0329, 61.965, 62.047, 62.01, 62.001, 62.0091, 62.0451, 61.8899, 62.0461, 62.1371, 61.9938, 62.139, 62.155, 62.0291, 62.119, 61.974, 62.0129, 62.0871, 62.0689, 62.073, 62.017, 62.103, 61.9791, 62.0909, 61.9872, 62.0489, 62.1331, 61.9481, 62.1469, 62.0821, 62.099, 61.9831, 62.108, 62.129, 62.0508, 61.9681, 62.0661, 61.9609, 62.1531, 61.976, 61.954, 61.9831, 62.0089, 61.9981, 62.094, 62.115, 62.057, 62.0089, 61.9931, 62.0809, 62.012, 62.129, 61.9969, 61.9819, 62.072, 62.1779, 62.068, 62, 62.0742, 62.0189, 62.021, 62.0801, 62.0549, 61.9609, 61.9881, 62.1109, 62.0978, 62.068, 62.134, 62.0859, 62.0592, 62.1219, 61.897, 62.0401, 61.9948, 62.1161, 62.0329, 62.005, 61.9991, 61.9838, 62.088, 62.113, 
Time to set up datastructures: 16693.4ms
51.5752, 51.5718, 51.6028, 51.677, 51.584, 51.6112, 51.548, 51.6, 51.6469, 51.6071, 51.5368, 51.6012, 51.6438, 51.625, 51.5461, 51.584, 51.7359, 51.6889, 51.5831, 51.7361, 51.635, 51.7018, 51.681, 51.692, 51.5139, 51.584, 51.6469, 51.5811, 51.8289, 51.6522, 51.6129, 51.7759, 51.549, 51.7869, 51.549, 51.682, 51.7859, 51.7409, 51.6789, 51.77, 51.6939, 51.6901, 51.6701, 51.6379, 51.688, 51.6739, 51.7161, 51.671, 51.609, 51.8019, 51.708, 51.713, 51.724, 51.6899, 51.713, 51.635, 51.6119, 51.755, 51.7449, 51.6572, 51.76, 51.7521, 51.605, 51.8169, 51.897, 51.795, 51.7049, 51.651, 51.7001, 51.712, 51.693, 51.795, 51.8632, 51.9109, 51.8591, 51.764, 51.7309, 51.6422, 51.8289, 51.8422, 51.784, 51.6839, 51.738, 51.7349, 51.955, 51.827, 51.743, 51.784, 51.693, 51.7011, 51.7399, 51.944, 51.7631, 51.815, 51.7569, 51.7051, 51.692, 51.811, 51.7139, 51.8329, 
Time to set up datastructures: 17852.2ms
45.398, 45.469, 45.5019, 45.4321, 45.469, 45.537, 45.4829, 45.4931, 45.505, 45.4969, 45.5601, 45.5139, 45.469, 45.5291, 45.5251, 45.5, 45.4628, 45.505, 45.5329, 45.5811, 45.541, 45.6641, 45.5608, 45.517, 45.5751, 45.4781, 45.537, 45.6259, 45.5809, 45.6152, 45.4888, 45.578, 45.48, 45.6581, 45.5811, 45.6069, 45.5301, 45.6541, 45.5091, 45.5449, 45.5961, 45.5248, 45.6581, 45.5871, 45.5208, 45.547, 45.639, 45.6419, 45.552, 45.506, 45.5639, 45.5801, 45.5408, 45.5382, 45.583, 45.5399, 45.651, 45.599, 45.5921, 45.697, 45.634, 45.639, 45.505, 45.681, 45.6979, 45.543, 45.7079, 45.5601, 45.5768, 45.573, 45.4948, 45.634, 45.9199, 45.6831, 45.8348, 45.845, 45.6512, 45.6479, 45.5379, 45.62, 45.7308, 45.6612, 45.5489, 45.629, 45.615, 45.6851, 45.682, 45.8021, 45.6619, 45.541, 45.6769, 45.6121, 45.6178, 45.603, 45.6419, 45.557, 45.599, 45.6121, 45.599, 45.7079, 
Time to set up datastructures: 17515.8ms
41.3759, 41.245, 41.2221, 41.249, 41.256, 41.2831, 41.3759, 41.2812, 41.2569, 41.4031, 41.2838, 41.332, 41.3542, 41.415, 41.28, 41.25, 41.25, 41.3458, 41.3761, 41.3539, 41.343, 41.4081, 41.3442, 41.3749, 41.3179, 41.3308, 41.2989, 41.429, 41.393, 41.3818, 41.368, 41.3821, 41.368, 41.434, 41.368, 41.398, 41.2991, 41.348, 41.41, 41.3849, 41.3702, 41.374, 41.3759, 41.3902, 41.362, 41.3408, 41.4052, 41.4128, 41.3551, 41.4279, 41.4371, 41.3918, 41.3661, 41.3921, 41.363, 41.393, 41.3389, 41.4581, 41.3148, 41.4081, 41.4879, 41.3961, 41.4529, 41.491, 41.424, 41.533, 41.487, 41.5311, 41.461, 41.3721, 41.4488, 41.4002, 41.467, 41.441, 41.383, 41.3971, 41.3818, 41.3291, 41.43, 41.456, 41.364, 41.4002, 41.482, 41.352, 41.441, 41.379, 41.3351, 41.3659, 41.3692, 41.487, 41.6899, 41.4572, 41.4748, 41.4588, 41.481, 41.4259, 41.3659, 41.4691, 41.42, 41.415, 
Time to set up datastructures: 17818.6ms
38.7111, 38.6, 38.6841, 38.662, 38.6801, 38.692, 38.6839, 38.708, 38.743, 38.6701, 38.646, 38.708, 38.692, 38.589, 38.7321, 38.6901, 38.7061, 38.605, 38.8329, 38.7981, 38.6829, 38.77, 38.676, 38.687, 38.7511, 38.7599, 38.7669, 38.7771, 38.686, 38.748, 38.7499, 38.691, 38.662, 38.6949, 38.728, 38.8231, 38.6429, 38.6641, 38.754, 38.7149, 38.6939, 38.661, 38.6441, 38.7669, 38.7459, 38.703, 38.7092, 38.856, 38.6989, 38.661, 38.7969, 38.8279, 38.718, 38.717, 38.734, 38.764, 38.748, 38.7249, 38.686, 38.7609, 38.7821, 38.846, 38.754, 38.6369, 38.7371, 38.7502, 38.748, 38.7568, 38.785, 38.8381, 38.6939, 38.7092, 38.5659, 38.7402, 38.6438, 38.7671, 38.7461, 38.723, 38.79, 38.8439, 38.7261, 38.7311, 38.77, 38.7468, 38.7712, 38.7931, 38.754, 38.8191, 38.7719, 38.7731, 38.754, 38.856, 38.7681, 38.78, 38.7139, 38.7461, 38.774, 38.6319, 38.7559, 38.8372, 
Time to set up datastructures: 17888.7ms
36.783, 36.7951, 36.7839, 36.746, 36.902, 36.752, 36.7022, 36.8659, 36.695, 36.7451, 36.844, 36.7639, 36.732, 36.7341, 36.797, 36.7639, 36.783, 36.767, 36.9251, 36.835, 36.7708, 36.8841, 36.7579, 36.854, 36.7579, 36.7761, 36.804, 36.788, 36.768, 36.7761, 36.788, 36.8309, 36.8199, 36.8271, 36.8271, 36.7529, 36.859, 36.835, 36.834, 36.828, 36.8712, 36.783, 36.854, 36.741, 36.7799, 36.854, 36.828, 36.8981, 36.7949, 36.8271, 36.833, 36.8378, 36.7451, 36.773, 36.7701, 36.845, 36.9129, 36.854, 36.8712, 36.834, 36.8278, 36.823, 36.8831, 36.912, 36.8659, 36.8471, 36.7699, 36.7832, 36.917, 36.943, 36.8259, 36.854, 36.819, 36.767, 36.773, 36.824, 36.8659, 36.6871, 36.917, 36.7649, 36.8488, 36.772, 36.7069, 36.9339, 36.886, 36.8879, 36.8462, 36.7959, 36.808, 36.7761, 36.7839, 36.9091, 36.8669, 36.8111, 36.8741, 36.773, 36.7799, 36.777, 36.8662, 36.8309, 
Time to set up datastructures: 17689ms
35.5332, 35.5589, 35.413, 35.501, 35.4509, 35.4631, 35.521, 35.4941, 35.4609, 35.533, 35.4531, 35.522, 35.61, 35.589, 35.568, 35.497, 35.558, 35.4581, 35.5539, 35.568, 35.5589, 35.4452, 35.5179, 35.5351, 35.4359, 35.4459, 35.4478, 35.5651, 35.5198, 35.464, 35.5611, 35.4619, 35.4841, 35.4831, 35.4228, 35.526, 35.486, 35.5158, 35.533, 35.5299, 35.5191, 35.5401, 35.651, 35.4769, 35.5251, 35.557, 35.475, 35.49, 35.5229, 35.5439, 35.4872, 35.4779, 35.4662, 35.4431, 35.501, 35.574, 35.5871, 35.5499, 35.557, 35.4819, 35.5, 35.5232, 35.5608, 35.5031, 35.5289, 35.5129, 35.527, 35.4872, 35.4769, 35.5449, 35.5542, 35.5999, 35.506, 35.6209, 35.5232, 35.5649, 35.5721, 35.5101, 35.593, 35.563, 35.49, 35.5098, 35.5129, 35.5301, 35.568, 35.552, 35.4679, 35.6011, 35.466, 35.522, 35.6081, 35.4939, 35.5341, 35.4929, 35.5439, 35.495, 35.5408, 35.4912, 35.5408, 35.4812, 
Time to set up datastructures: 17682ms
34.6022, 34.6229, 34.5979, 34.4939, 34.508, 34.5521, 34.5929, 34.6992, 34.632, 34.555, 34.5879, 34.6501, 34.5891, 34.5109, 34.6029, 34.579, 34.631, 34.539, 34.6742, 34.591, 34.626, 34.658, 34.6022, 34.5559, 34.5571, 34.6329, 34.5321, 34.584, 34.5399, 34.5559, 34.6649, 34.611, 34.7311, 34.6589, 34.57, 34.6489, 34.533, 34.7149, 34.58, 34.6968, 34.6222, 34.7168, 34.61, 34.6072, 34.678, 34.58, 34.6248, 34.5368, 34.5042, 34.622, 34.6501, 34.59, 34.5869, 34.5771, 34.6289, 34.5681, 34.518, 34.62, 34.6851, 34.6351, 34.5788, 34.6892, 34.673, 34.584, 34.6248, 34.6379, 34.647, 34.591, 34.657, 34.569, 34.688, 34.6551, 34.559, 34.6479, 34.611, 34.658, 34.7049, 34.7631, 34.5399, 34.5361, 34.622, 34.6251, 34.6191, 34.5061, 34.6298, 34.5912, 34.5049, 34.6501, 34.574, 34.636, 34.662, 34.6389, 34.7309, 34.5938, 34.6959, 34.8611, 34.549, 34.6329, 34.6379, 34.682, 
Time to set up datastructures: 18343.4ms
34.282, 34.225, 34.2741, 34.3168, 34.2631, 34.23, 34.3971, 34.271, 34.22, 34.291, 34.379, 34.498, 35.0831, 34.4, 34.435, 34.313, 34.3599, 34.2641, 34.286, 34.38, 34.364, 34.3051, 34.2591, 34.3719, 34.2481, 34.2069, 34.236, 34.3111, 34.2388, 34.234, 34.3411, 34.503, 34.2901, 34.4069, 34.2581, 34.272, 34.3089, 34.3399, 34.2281, 34.25, 34.1921, 34.2109, 34.2081, 34.282, 34.2741, 34.2281, 34.282, 34.3099, 34.2941, 34.3561, 34.302, 34.3359, 34.4388, 34.544, 34.317, 34.41, 34.337, 34.302, 34.204, 34.255, 34.3049, 34.2882, 34.3049, 34.2941, 34.2441, 34.313, 34.368, 34.327, 34.246, 34.3919, 34.3752, 34.3058, 34.399, 34.349, 34.251, 34.2751, 34.3189, 34.3111, 34.2071, 34.2081, 34.364, 34.3881, 34.3249, 34.255, 34.322, 34.3599, 34.318, 34.2929, 34.1802, 34.2269, 34.3091, 34.3249, 34.3049, 34.174, 34.1921, 34.2669, 34.2431, 34.271, 34.2081, 34.3139, 
Time to set up datastructures: 18129.4ms
33.7591, 33.7348, 33.684, 33.814, 33.849, 33.7012, 33.7689, 33.684, 33.6111, 33.6051, 33.674, 33.6719, 33.602, 33.802, 33.68, 33.638, 33.6318, 33.6692, 33.5929, 33.5641, 33.5369, 33.699, 33.7579, 33.771, 33.735, 33.735, 33.7231, 33.7238, 33.8562, 33.6828, 33.7181, 33.622, 33.6859, 33.577, 33.7591, 33.798, 33.798, 33.767, 33.633, 33.6809, 33.6001, 33.5951, 33.6699, 33.637, 33.705, 33.7141, 33.7079, 33.6962, 33.658, 33.5529, 33.6239, 33.716, 33.6571, 33.6921, 33.6621, 33.613, 33.582, 33.509, 33.6599, 33.648, 33.6032, 33.6339, 33.6659, 33.705, 33.6919, 33.6151, 33.6878, 33.704, 33.5941, 33.8829, 33.6771, 33.6781, 33.679, 33.6349, 33.7021, 33.6409, 33.6499, 33.6559, 33.5951, 33.782, 33.6959, 33.6812, 33.7448, 33.6561, 33.684, 33.6959, 33.6449, 33.6931, 33.6571, 33.7079, 33.6342, 33.7698, 33.747, 33.673, 33.6142, 33.545, 33.618, 33.577, 33.725, 33.6719, 
Time to set up datastructures: 17940.7ms
33.5262, 33.705, 33.582, 33.5491, 33.5128, 33.623, 33.5388, 33.5381, 33.5181, 33.4878, 33.53, 33.5701, 33.5772, 33.5848, 33.4501, 33.72, 33.5619, 33.499, 33.576, 33.5181, 33.4768, 33.617, 33.587, 33.6492, 33.5908, 33.5381, 33.632, 33.5159, 33.52, 33.493, 33.5031, 33.529, 33.509, 33.4949, 33.5472, 33.5169, 33.556, 33.5641, 33.653, 33.546, 33.5472, 33.5729, 33.53, 33.5701, 33.5791, 33.587, 33.571, 33.582, 33.5519, 33.4921, 33.576, 33.704, 33.531, 33.56, 33.5391, 33.5898, 33.5481, 33.6061, 33.6399, 33.5939, 33.5479, 33.5519, 33.5031, 33.536, 33.5469, 33.5238, 33.5202, 33.5548, 33.534, 33.5581, 33.5948, 33.555, 33.5231, 33.561, 33.6261, 33.5598, 33.5259, 33.567, 33.5121, 33.5629, 33.5281, 33.572, 33.5701, 33.6831, 33.726, 33.5259, 33.572, 33.5472, 33.5078, 33.4961, 33.561, 33.5279, 33.525, 33.5391, 33.5162, 33.5751, 33.5679, 33.633, 33.5059, 33.5612, 
Running CSB implementation
Time to set up datastructures: 17102.8ms
39.1209, 39.0821, 39.103, 39.079, 39.1099, 39.078, 39.0289, 39.114, 39.1061, 39.166, 39.046, 39.036, 39.0708, 39.0122, 39.088, 39.057, 39.1018, 39.098, 39.037, 39.089, 39.0449, 39.0491, 39.0749, 39.145, 39.0759, 39.1071, 39.083, 39.0949, 39.108, 39.0601, 39.089, 39.0141, 39.0499, 39.0172, 39.0508, 39.0501, 39.0151, 39.129, 39.1068, 39.0441, 38.9979, 38.98, 39.072, 39.0389, 39.031, 39.078, 39.088, 39.0739, 39.01, 39.0649, 39.083, 39.0651, 39.0019, 39.0401, 39.1099, 39.093, 38.9941, 39.0539, 39.0761, 39.0561, 39.0539, 39.0258, 39.077, 39.032, 39.0911, 39.0599, 39.1181, 39.1371, 39.0589, 39.0611, 39.1169, 39.0081, 39.0279, 39.0091, 39.0561, 39.1269, 39.098, 39.0689, 39.149, 39.022, 39.0439, 39.0408, 39.0279, 38.9891, 39.0389, 39.0661, 39.0601, 38.9969, 39.1071, 39.0079, 39.0081, 39.0339, 38.9791, 39.0511, 39.0499, 39.0971, 39.0401, 39.1369, 39.072, 39.2702, 
Time to set up datastructures: 16970.3ms
33.7431, 33.9921, 33.7579, 33.699, 33.7849, 33.6862, 33.7069, 33.7231, 33.778, 33.7031, 33.6709, 33.757, 33.6921, 33.767, 33.7219, 33.7701, 33.7131, 33.747, 33.7379, 33.6621, 33.6611, 33.711, 33.648, 33.663, 33.736, 33.716, 33.6571, 33.7241, 33.7391, 33.8759, 33.7679, 33.6449, 33.8671, 33.7329, 33.7331, 33.757, 33.6931, 33.7029, 33.7381, 33.6859, 33.7541, 33.711, 33.9501, 33.788, 33.6881, 33.694, 33.7451, 33.6928, 33.695, 33.6461, 33.7081, 33.68, 33.613, 33.7131, 33.7188, 33.8302, 33.6978, 33.69, 33.6709, 33.5641, 33.6611, 33.6349, 33.618, 33.69, 33.6812, 33.6719, 33.637, 33.808, 33.716, 33.7009, 33.7381, 33.8039, 33.8271, 33.7899, 33.952, 33.7212, 33.6928, 33.7012, 33.6099, 33.7901, 33.653, 33.649, 33.6249, 33.6099, 33.6649, 33.793, 33.9131, 33.7629, 33.7131, 33.6311, 33.5999, 33.7961, 33.6959, 33.736, 33.6852, 33.6349, 33.658, 33.767, 33.628, 33.6471, 
Time to set up datastructures: 18582.2ms
33.751, 33.597, 33.689, 33.6399, 33.6301, 33.751, 33.638, 33.572, 33.5779, 33.673, 33.648, 33.5879, 33.6571, 33.6139, 33.529, 33.6452, 33.571, 33.6728, 33.6318, 33.6049, 33.5879, 33.6411, 33.6111, 33.6409, 33.6571, 33.5941, 33.715, 33.6969, 33.6452, 33.6418, 33.7121, 33.6728, 33.633, 33.5441, 33.6502, 33.5898, 33.6571, 33.6411, 33.4969, 33.5951, 33.6599, 33.5832, 33.5479, 33.6411, 33.7229, 33.5662, 33.5989, 33.638, 33.4499, 33.6492, 33.5739, 33.5832, 33.6649, 33.638, 33.6139, 33.6211, 33.6101, 33.602, 33.586, 33.5948, 33.6061, 33.6339, 33.952, 33.7222, 33.6769, 33.5941, 33.689, 33.6139, 33.586, 33.5829, 33.602, 33.6571, 33.5619, 33.5898, 33.669, 33.6342, 33.5948, 33.567, 33.653, 33.638, 33.4971, 33.6721, 33.6061, 33.6449, 33.5989, 33.5472, 33.5679, 33.5939, 33.565, 33.5891, 33.849, 33.673, 33.649, 33.6099, 33.5171, 33.5748, 33.679, 33.561, 33.5791, 33.6561, 
Time to set up datastructures: 19508.2ms
33.5171, 33.5939, 33.509, 33.5071, 33.4849, 33.494, 33.535, 33.504, 33.551, 33.5681, 33.4768, 33.4921, 33.53, 33.5, 33.5262, 33.473, 33.5131, 33.5088, 33.468, 33.4258, 33.5062, 33.4659, 33.6061, 33.5581, 33.571, 33.591, 33.4868, 33.5119, 33.457, 33.489, 33.52, 33.4711, 33.453, 33.469, 33.4761, 33.505, 33.3521, 33.457, 33.509, 33.5188, 33.52, 33.478, 33.5069, 33.428, 33.5481, 33.4649, 33.4382, 33.3989, 33.4141, 33.4179, 33.484, 33.5059, 33.3881, 33.4489, 33.5362, 33.5028, 33.4592, 33.4699, 33.4809, 33.5431, 33.4649, 33.4342, 33.462, 33.3838, 33.5228, 33.4301, 33.4721, 33.438, 33.453, 33.5131, 33.4301, 33.4299, 33.5209, 33.484, 33.422, 33.447, 33.4179, 33.4959, 33.4568, 33.4342, 33.453, 33.488, 33.5171, 33.4389, 33.4649, 33.469, 33.4458, 33.457, 33.4702, 33.489, 33.4108, 33.473, 33.4382, 33.469, 33.4179, 33.4542, 33.4208, 33.4179, 33.407, 33.4611, 
Time to set up datastructures: 20855.4ms
33.9501, 33.8559, 33.9181, 33.8969, 33.8941, 33.9119, 33.9482, 33.906, 33.849, 33.8969, 33.8881, 33.9229, 33.8991, 33.884, 33.9389, 33.88, 33.8621, 33.8669, 33.8571, 33.9291, 33.9029, 33.9081, 33.911, 33.9189, 33.9041, 33.9129, 33.8771, 33.92, 33.922, 33.8709, 33.8631, 33.886, 33.8571, 33.886, 33.9119, 33.9091, 33.874, 33.8969, 33.859, 33.8941, 33.8991, 33.8459, 33.89, 33.884, 33.844, 33.8881, 33.8759, 33.8421, 33.8709, 33.8671, 33.905, 33.855, 33.8709, 33.9191, 33.884, 33.8531, 33.9069, 33.8531, 33.8638, 33.8292, 33.8459, 33.8681, 33.8778, 33.8531, 33.895, 33.829, 33.8089, 33.8469, 33.875, 33.8969, 33.8891, 33.8631, 33.875, 33.859, 33.8619, 33.8252, 33.844, 33.8368, 33.8678, 33.8221, 33.87, 33.8731, 33.8249, 33.9241, 33.8628, 33.9282, 33.8728, 33.8781, 33.9661, 33.901, 33.874, 33.901, 33.8569, 33.8459, 33.9119, 33.8981, 33.865, 33.8399, 33.8101, 33.8569, 
Time to set up datastructures: 21150.2ms
34.1029, 34.121, 34.096, 34.1151, 34.106, 34.133, 34.162, 34.1282, 34.1349, 34.126, 34.122, 34.085, 34.091, 34.1921, 34.142, 34.147, 34.265, 34.1749, 34.117, 34.1339, 34.1361, 34.1451, 34.1339, 34.0869, 34.1728, 34.1341, 34.142, 34.2081, 34.107, 34.157, 34.1208, 34.1241, 34.0889, 34.1299, 34.085, 34.111, 34.121, 34.122, 34.1029, 34.126, 34.138, 34.1058, 34.111, 34.1458, 34.128, 34.0991, 34.1179, 34.122, 34.128, 34.1239, 34.1651, 34.126, 34.1148, 34.1401, 34.085, 34.1189, 34.1651, 34.102, 34.096, 34.106, 34.0948, 34.1098, 34.101, 34.1032, 34.0948, 34.106, 34.1132, 34.1358, 34.1122, 34.1339, 34.0741, 34.117, 34.1249, 34.1132, 34.112, 34.1151, 34.0891, 34.0829, 34.096, 34.128, 34.106, 34.162, 34.132, 34.132, 34.1501, 34.091, 34.097, 34.158, 34.1399, 34.1332, 34.096, 34.1229, 34.143, 34.1611, 34.107, 34.148, 34.096, 34.102, 34.0781, 34.1501, 
Time to set up datastructures: 21793.9ms
34.0431, 34.0409, 34.0641, 34.0471, 34.1079, 34.0571, 34.0419, 34.0672, 34.0538, 34.0612, 34.08, 34.081, 34.014, 34.0221, 34.0688, 34.0109, 34.112, 34.023, 34.0321, 34.0109, 34.044, 34.0581, 34.0378, 34.0252, 34.0559, 34.025, 34.0412, 34.045, 34.0209, 34.0431, 34.0419, 34.03, 33.9751, 34.0509, 34.0531, 34.019, 34.04, 34.0741, 34.0049, 34.0462, 34.0729, 34.04, 34.0261, 34.0071, 34.0309, 34.024, 34.0111, 33.9999, 34.055, 34.0092, 33.9959, 34.0199, 34.0142, 34.045, 34.045, 34.0509, 34.0669, 34.019, 34.0059, 34.0209, 34.0281, 34.013, 34.0641, 34.0989, 34.034, 34.003, 34.0211, 34.0319, 34.0641, 34.0159, 34.065, 34.0281, 33.9861, 34.009, 34.0009, 34.0202, 34.0071, 34.0319, 33.978, 33.998, 34.0211, 34.0319, 34.0221, 33.972, 34.029, 34.0281, 34.045, 34.0049, 34.0319, 34.0042, 33.9661, 33.989, 33.9649, 34.0221, 34.0281, 34.024, 34.0409, 34.0381, 34.0281, 34.0281, 
Time to set up datastructures: 21790.7ms
34.457, 34.384, 34.415, 34.3831, 34.41, 34.3971, 34.41, 34.3671, 34.441, 34.4229, 34.3921, 34.3809, 34.411, 34.421, 34.3821, 34.399, 34.4059, 34.358, 34.399, 34.4141, 34.3568, 34.405, 34.4141, 34.426, 34.379, 34.368, 34.369, 34.359, 34.3881, 34.358, 34.3499, 34.3971, 34.3649, 34.3881, 34.358, 34.3909, 34.4069, 34.4281, 34.3459, 34.358, 34.3852, 34.4119, 34.3709, 34.3921, 34.38, 34.3771, 34.3249, 34.358, 34.395, 34.379, 34.3721, 34.353, 34.3809, 34.3621, 34.348, 34.3449, 34.343, 34.349, 34.379, 34.348, 34.384, 34.369, 34.3189, 34.3561, 34.354, 34.4, 34.4179, 34.3661, 34.416, 34.3549, 34.3399, 34.333, 34.4181, 34.375, 34.3812, 34.3258, 34.368, 34.395, 34.3559, 34.3711, 34.3909, 34.3709, 34.4012, 34.3721, 34.3668, 34.3261, 34.3721, 34.4129, 34.337, 34.3561, 34.3859, 34.368, 34.3471, 34.3571, 34.3649, 34.3649, 34.38, 34.4071, 34.3499, 34.359, 
Time to set up datastructures: 21607.5ms
34.683, 34.6692, 34.6589, 34.656, 34.6298, 34.626, 34.6892, 34.6839, 34.6749, 34.6792, 34.6789, 34.662, 34.687, 34.7059, 34.658, 34.6551, 34.683, 34.651, 34.6291, 34.6808, 34.662, 34.642, 34.6549, 34.662, 34.672, 34.6739, 34.5991, 34.6191, 34.6541, 34.6658, 34.6911, 34.6689, 34.6491, 34.6401, 34.683, 34.615, 34.667, 34.667, 34.6708, 34.6351, 34.5931, 34.584, 34.641, 34.6549, 34.6141, 34.6789, 34.6441, 34.651, 34.6529, 34.601, 34.5559, 34.615, 34.6529, 34.6751, 34.6239, 34.574, 34.652, 34.6341, 34.6401, 34.6279, 34.6601, 34.586, 34.637, 34.6191, 34.6179, 34.673, 34.6682, 34.605, 34.6169, 34.6429, 34.6272, 34.5318, 34.6501, 34.673, 34.6019, 34.647, 34.6239, 34.6658, 34.6441, 34.6279, 34.586, 34.6272, 34.616, 34.6341, 34.6069, 34.5662, 34.6038, 34.524, 34.656, 34.5709, 34.622, 34.56, 34.7061, 34.6458, 34.637, 34.6491, 34.6451, 34.6389, 34.636, 34.6241, 
Time to set up datastructures: 21368.7ms
34.7281, 34.7741, 34.693, 34.8661, 34.8089, 34.7221, 34.7459, 34.714, 34.6632, 34.6589, 34.94, 34.8251, 34.7219, 34.74, 34.9021, 34.8029, 34.8961, 34.775, 34.8709, 34.879, 34.708, 34.723, 34.6901, 34.765, 34.7748, 34.8272, 34.7819, 34.8461, 34.8928, 34.843, 34.811, 34.7059, 34.673, 34.704, 34.6959, 34.8821, 34.8721, 34.9379, 34.7121, 34.7521, 34.8608, 34.775, 34.8301, 34.673, 34.8859, 34.7691, 34.765, 34.7092, 34.8539, 34.822, 34.6889, 34.694, 34.6639, 34.7259, 34.6322, 34.6818, 34.9331, 34.8129, 34.713, 34.8911, 34.838, 34.8809, 34.8332, 34.8759, 34.821, 34.8091, 34.7879, 34.847, 34.657, 34.656, 34.7111, 34.719, 34.8189, 34.724, 34.8291, 34.7531, 34.9338, 34.786, 34.6782, 34.6758, 34.8132, 34.6859, 34.7459, 34.725, 34.6651, 34.9009, 34.7881, 34.6429, 34.6591, 34.6129, 34.79, 34.7681, 34.699, 34.8291, 34.7459, 34.7271, 34.7898, 34.7979, 34.8301, 34.6968, 
Time to set up datastructures: 21517.9ms
35.1169, 35.1641, 35.14, 35.1269, 35.1391, 35.1171, 35.13, 35.1679, 35.1181, 35.0869, 35.1381, 35.1009, 35.09, 35.1171, 35.1288, 35.1472, 35.1219, 35.0749, 35.1431, 35.0258, 35.104, 35.013, 35.0811, 35.048, 35.1419, 35.1181, 35.0749, 35.0521, 35.1279, 35.1322, 35.1419, 35.1059, 35.1071, 35.12, 35.099, 35.1179, 35.049, 35.0931, 34.9901, 35.0699, 35.1081, 35.1279, 35.115, 35.0211, 35.069, 35.1062, 35.1348, 35.0752, 35.084, 35.11, 35.0931, 35.1079, 35.1231, 35.0809, 35.121, 35.0699, 35.1291, 35.0869, 35.0959, 35.059, 34.9922, 35.0869, 35.0811, 35.105, 35.151, 35.0559, 35.1009, 35.0699, 35.114, 35.0349, 35.11, 35.0609, 35.0981, 35.099, 35.126, 35.0771, 35.115, 35.14, 35.0831, 35.073, 35.0959, 35.0749, 35.0902, 35.0289, 35.11, 34.977, 35.0831, 35.1131, 35.0831, 35.104, 35.0928, 35.094, 35.0661, 35.079, 35.1388, 35.094, 35.1038, 35.063, 35.0909, 35.1059, 
Time to set up datastructures: 21975.6ms
34.8642, 35.0099, 34.869, 35.0831, 35.0561, 34.94, 34.8821, 35.018, 34.96, 34.8649, 34.8821, 34.874, 34.874, 34.862, 34.8871, 34.9169, 34.8582, 34.8768, 34.8501, 34.8711, 34.997, 35.0568, 35.068, 34.874, 35.013, 35.0199, 34.9391, 34.869, 35.0761, 34.945, 34.857, 34.8618, 34.8332, 34.936, 34.9059, 34.878, 34.8911, 34.8899, 34.9081, 34.883, 35.079, 34.914, 34.8709, 34.8382, 34.8589, 34.966, 35.0561, 35.0568, 34.9121, 34.9569, 34.857, 34.8661, 34.925, 34.946, 34.8859, 34.863, 34.8721, 34.8661, 35.002, 34.919, 34.9209, 34.8289, 34.899, 34.852, 34.9441, 35.042, 34.9789, 34.8461, 34.8661, 34.8949, 34.8411, 34.8711, 34.9391, 34.9259, 34.986, 35.0711, 34.971, 34.91, 34.7929, 34.8332, 34.9269, 35.007, 34.8969, 34.8592, 34.837, 34.8408, 35.0602, 34.8978, 34.9021, 34.925, 35.0389, 34.8971, 34.8361, 34.8229, 34.945, 34.821, 34.847, 34.8439, 34.8451, 34.8558, 
Time to set up datastructures: 22926.1ms
35.0871, 35.0649, 34.847, 35.0831, 35.1019, 35.1171, 35.08, 35.0649, 34.8871, 35.0561, 35.0859, 34.8721, 35.12, 34.9259, 34.9371, 35.0769, 34.9729, 35.0099, 35.0609, 35.023, 35.0871, 35.017, 35.0451, 34.9729, 35.0771, 35.069, 35.0521, 35.028, 35.0099, 35.0349, 35.0671, 35.0699, 34.982, 35.0471, 35.0389, 34.996, 35.042, 34.8439, 34.91, 34.9841, 35.027, 34.867, 35.038, 34.8659, 35.0091, 35.0709, 35.0661, 35.0599, 34.8921, 34.8129, 34.9848, 34.9782, 35.022, 34.9789, 35.022, 34.9431, 35.1579, 35.0699, 34.9951, 34.9979, 35.006, 35.017, 35.0759, 34.94, 35.0318, 34.997, 35.0289, 35.0361, 35.0299, 35.044, 35.012, 35.058, 35.1419, 34.9731, 35.141, 34.946, 35.0211, 35.022, 34.8389, 35.0761, 35.0339, 35.063, 35.032, 35.0208, 35.0382, 35.0299, 35.0821, 35.0149, 35.0471, 34.9391, 35.0451, 35.044, 35.0339, 34.9691, 35.018, 34.9929, 35.0251, 35.0339, 35.032, 34.9061, 
Running BlockCOH implementation
Time to set up datastructures: 23145.9ms
99.1399, 98.5868, 98.6679, 98.4671, 98.489, 98.362, 98.5029, 98.4211, 98.7091, 98.563, 99.0651, 99.345, 98.9091, 98.51, 98.3648, 98.4101, 98.645, 98.2981, 98.485, 98.598, 98.794, 98.4461, 98.706, 98.5601, 98.526, 99.0138, 98.3951, 98.5179, 98.3601, 98.727, 98.4669, 99.9811, 98.4108, 98.597, 98.8662, 98.758, 98.3789, 98.4001, 98.3808, 98.856, 98.4459, 98.4571, 98.5708, 98.8412, 98.362, 98.4778, 98.3741, 98.4941, 98.351, 98.552, 98.829, 99.6618, 98.907, 98.5048, 98.3791, 98.3331, 98.4378, 98.407, 98.5, 98.7251, 98.5241, 98.6178, 98.5532, 98.5649, 98.4049, 98.753, 98.29, 98.6371, 98.4201, 98.5019, 98.4621, 98.6378, 99.967, 98.578, 98.7842, 98.4218, 98.5401, 98.4039, 98.3911, 98.768, 98.5579, 98.4519, 98.424, 98.8491, 99.493, 98.573, 98.4361, 98.3961, 98.5708, 98.325, 98.84, 98.4628, 99.93, 98.6061, 98.717, 98.4671, 98.3288, 98.438, 98.3799, 98.4421, 
Time to set up datastructures: 19883.9ms
69.119, 69.1681, 69.2759, 69.1559, 69.2341, 69.392, 69.1791, 69.232, 69.1261, 69.2129, 69.344, 70.188, 70.0269, 69.365, 69.1271, 69.1519, 69.4971, 69.236, 69.1369, 69.2351, 69.3619, 69.5281, 69.1969, 69.1941, 69.1781, 69.3438, 69.2248, 69.3331, 69.4032, 69.1669, 69.2391, 69.5338, 69.4749, 69.3009, 69.2251, 69.1581, 69.2739, 69.1609, 69.181, 69.181, 69.4458, 69.3529, 69.185, 69.165, 69.201, 69.1009, 69.211, 69.1659, 69.2811, 69.2389, 69.4292, 69.248, 69.128, 69.149, 69.4489, 69.1268, 69.1221, 69.1559, 69.2298, 69.2, 69.5341, 69.315, 69.1631, 69.2739, 69.5231, 69.3481, 69.18, 69.128, 69.4261, 69.7761, 69.649, 69.1519, 69.1581, 69.164, 69.14, 69.3779, 69.1602, 69.242, 69.2649, 69.2971, 69.1049, 69.1209, 69.195, 69.453, 69.1631, 69.1381, 69.2921, 69.171, 69.1478, 69.314, 69.185, 69.15, 69.2, 69.14, 69.3228, 69.2, 69.3622, 69.2511, 69.407, 69.5689, 
Time to set up datastructures: 21136.5ms
53.046, 52.9978, 53.062, 53.0839, 52.9799, 53.144, 53.2298, 53.1161, 53.077, 53.0891, 53.019, 53.051, 53.0138, 53.0262, 53.0579, 53.0021, 53.092, 53.1209, 53.1051, 53.0479, 53.0791, 53.015, 52.9759, 52.9938, 52.9909, 53.0541, 53.057, 52.9749, 53.0391, 53.1111, 53.0159, 52.979, 53.093, 53.102, 53.0391, 52.978, 53.02, 53.071, 53.0388, 52.999, 53.0338, 53.0648, 52.964, 53.1552, 53.3149, 53.0429, 52.9678, 53.0851, 53.061, 53.041, 53.0121, 53.179, 53.139, 53, 53.03, 53.0159, 53.081, 52.9571, 53.014, 53.0648, 53.0272, 53.0369, 52.9621, 53.0849, 53.0891, 52.995, 53.086, 53.0651, 53.046, 53.03, 53.0419, 53.0901, 53.0219, 53.0381, 53.0069, 53.0071, 53.01, 53.0229, 53.2181, 53.05, 53.0229, 53.081, 53.2372, 53.057, 53.019, 53.0231, 53.057, 53.0729, 53.107, 53.086, 53.0369, 53.0622, 53.0388, 52.9521, 53.0541, 53.062, 53.035, 53.041, 53.0729, 52.9811, 
Time to set up datastructures: 22830.3ms
43.4129, 43.534, 43.4849, 43.4661, 43.551, 43.4971, 43.4802, 43.4649, 43.509, 43.5371, 43.4909, 43.493, 43.4561, 43.468, 43.452, 43.442, 43.4811, 43.468, 43.468, 43.437, 43.478, 43.493, 43.489, 43.5271, 43.5281, 43.447, 43.493, 43.452, 43.5491, 43.4659, 43.4511, 43.417, 43.4949, 43.4599, 43.5011, 43.4659, 43.4401, 43.488, 43.474, 43.448, 43.421, 43.4718, 43.448, 43.5009, 43.4649, 43.411, 43.5469, 43.5369, 43.494, 43.4561, 43.5071, 43.5381, 43.484, 43.452, 43.433, 43.515, 43.478, 43.4511, 43.4499, 43.4921, 43.479, 43.4382, 43.4618, 43.4542, 43.4818, 43.4759, 43.4911, 43.493, 43.5071, 43.4201, 43.447, 43.5159, 43.4699, 43.504, 43.4771, 43.4451, 43.478, 43.5231, 43.5059, 43.5941, 43.633, 43.4439, 43.53, 43.5171, 43.479, 43.427, 43.406, 43.5421, 43.5131, 43.5059, 43.453, 43.448, 43.4721, 43.534, 43.4761, 43.4489, 43.483, 43.4821, 43.4558, 43.468, 
Time to set up datastructures: 24369.7ms
37.3061, 37.291, 37.195, 37.2431, 37.1718, 37.2829, 37.2741, 37.2369, 37.2362, 37.241, 37.2648, 37.3032, 37.2558, 37.24, 37.2069, 37.267, 37.2591, 37.2109, 37.2531, 37.194, 37.3318, 37.2701, 37.2791, 37.3049, 37.2908, 37.3039, 37.2219, 37.245, 37.2682, 37.3349, 37.3161, 37.3631, 37.2679, 37.313, 37.3051, 37.287, 37.225, 37.277, 37.2159, 37.2572, 37.2789, 37.2751, 37.163, 37.3211, 37.23, 37.2801, 37.2438, 37.2779, 37.2102, 37.2469, 37.287, 37.262, 37.2341, 37.2128, 37.3051, 37.2601, 37.2841, 37.2589, 37.312, 37.307, 37.245, 37.293, 37.2851, 37.1749, 37.333, 37.3099, 37.245, 37.194, 37.2531, 37.266, 37.2531, 37.1759, 37.3101, 37.3008, 37.276, 37.2391, 37.164, 37.256, 37.3151, 37.288, 37.349, 37.168, 37.324, 37.2632, 37.2639, 37.2262, 37.2369, 37.2691, 37.318, 37.281, 37.2419, 37.293, 37.312, 37.261, 37.2691, 37.2219, 37.271, 37.3361, 37.292, 37.261, 
Time to set up datastructures: 24710.7ms
34.045, 34.013, 34.0059, 34.0772, 34.0719, 34.066, 33.9901, 33.9849, 34.0621, 34.034, 34.0939, 34.0221, 33.9749, 34.0362, 34.0059, 34.054, 34.025, 34.06, 34.0919, 33.9971, 34.0219, 34.0378, 34.019, 33.9861, 34.034, 34.0559, 34.018, 33.978, 34.1151, 34.076, 34.0481, 34.0369, 33.9901, 34.0409, 34.0531, 33.9921, 33.952, 34.0421, 34.014, 34.0269, 33.9859, 33.9692, 34.0889, 34.0621, 34.0309, 33.993, 34.0741, 34.0219, 33.9482, 33.9789, 33.9651, 34.097, 34.0619, 34.0662, 33.9711, 34.0748, 34.0352, 34.0419, 33.957, 33.9968, 34.0512, 34.035, 33.9949, 34.0829, 34.076, 34.004, 33.9649, 34.0211, 34.0178, 34.0672, 34.204, 34.0889, 34.1039, 34.0412, 33.988, 34.0929, 33.9921, 34.0052, 34.0168, 34.0052, 34.0049, 34.0061, 33.9539, 34.0419, 34.0872, 34.0149, 33.9592, 34.019, 33.9952, 34.0669, 34.013, 34.044, 33.9899, 34.03, 33.9971, 33.9599, 34.0521, 34.008, 34.0469, 34.0581, 
Time to set up datastructures: 25038.4ms
32.7668, 32.7852, 32.7759, 32.789, 32.8372, 32.8159, 32.6929, 32.7492, 32.6989, 32.86, 32.7611, 32.891, 32.7699, 32.728, 32.7301, 32.742, 32.7709, 32.964, 32.9189, 32.793, 32.711, 32.7132, 32.7129, 32.788, 32.8329, 32.7551, 32.8341, 32.8789, 32.6681, 32.8209, 32.6881, 32.7508, 32.721, 32.8059, 32.809, 32.726, 32.7079, 32.7311, 32.6869, 32.7442, 32.685, 32.7539, 32.711, 32.841, 32.8519, 32.7611, 32.6939, 32.799, 32.8012, 32.7499, 32.7191, 32.805, 32.7749, 32.7489, 32.82, 32.6989, 32.8832, 32.7928, 32.7191, 32.7809, 32.7511, 32.8121, 32.6989, 32.6641, 32.692, 32.953, 32.773, 32.759, 32.7852, 32.6519, 32.6409, 32.7551, 32.831, 32.706, 32.825, 32.7861, 32.7959, 32.7239, 32.707, 32.7098, 32.7902, 32.8319, 32.799, 32.732, 32.712, 32.676, 32.7821, 32.7029, 32.706, 32.7859, 32.6998, 32.7098, 32.7752, 32.8479, 32.774, 32.845, 32.721, 32.7692, 32.6798, 32.722, 
Time to set up datastructures: 24507.3ms
33.0622, 33.036, 33.1268, 33.076, 32.8231, 33.0069, 32.933, 32.9502, 32.934, 32.9251, 33.047, 32.9039, 32.8782, 32.8789, 33.0231, 32.939, 32.8739, 32.9068, 32.8901, 32.9921, 32.8898, 32.8562, 32.8219, 32.9082, 32.8939, 32.8162, 33.108, 32.9649, 32.908, 32.8951, 32.8851, 32.9709, 32.9609, 32.9492, 32.9399, 32.8729, 32.9101, 33.0579, 32.892, 32.8748, 32.8791, 32.9549, 32.9401, 32.8779, 32.891, 32.974, 32.896, 32.9502, 32.8629, 32.9711, 32.9258, 32.932, 32.891, 32.8541, 32.969, 32.8591, 32.9969, 33.087, 32.968, 32.9041, 32.922, 32.846, 32.8591, 32.9208, 32.9001, 32.963, 32.934, 32.9289, 32.8941, 32.8979, 32.938, 32.9051, 33.0539, 32.886, 32.872, 32.8782, 32.8901, 32.989, 32.9258, 32.984, 33.0741, 33.0098, 32.8841, 32.953, 32.9111, 32.8648, 32.9041, 33.0169, 32.9351, 32.8419, 33.04, 32.886, 33.0811, 32.8798, 32.876, 32.974, 32.8751, 32.959, 33.0269, 32.98, 
Time to set up datastructures: 24188.2ms
33.1001, 33.186, 33.098, 33.154, 33.1089, 33.0911, 33.103, 33.1659, 33.251, 33.077, 33.1831, 33.098, 33.118, 33.2599, 33.2041, 33.1371, 33.1678, 33.118, 33.113, 33.098, 33.093, 33.03, 33.098, 33.1519, 33.0112, 33.247, 33.128, 33.0279, 33.138, 33.2019, 32.9871, 33.149, 33.1199, 33.2031, 33.2279, 33.21, 33.18, 33.097, 33.108, 33.1759, 33.0281, 32.9931, 33.042, 33.1841, 33.165, 32.9721, 33.047, 33.1059, 33.083, 33.1171, 33.0911, 33.0889, 33.1452, 32.9309, 33.17, 33.1459, 33.128, 33.0319, 33.102, 33.0241, 33.107, 33.221, 33.1609, 33.072, 33.1051, 33.1118, 33.1292, 33.2658, 33.072, 33.0572, 33.18, 33.1769, 33.076, 33.1469, 32.979, 33.107, 33.0629, 33.2589, 33.1161, 33.144, 33.113, 33.1218, 33.1342, 33.1819, 33.1211, 33.0789, 33.098, 33.0122, 33.1099, 33.133, 32.897, 33.2041, 33.1481, 33.1309, 33.112, 33.0629, 33.1261, 33.092, 33.1838, 33.1302, 
Time to set up datastructures: 23853.7ms
33.4718, 33.252, 33.3521, 33.422, 33.1669, 33.303, 33.3591, 33.3571, 33.2959, 33.2851, 33.524, 33.4458, 33.272, 33.2658, 33.1371, 33.3791, 33.3941, 33.3281, 33.133, 33.252, 33.2959, 33.5131, 33.2859, 33.314, 33.4358, 33.2999, 33.2429, 33.2761, 33.489, 33.3819, 33.4191, 33.3118, 33.1469, 33.2861, 33.1781, 33.165, 33.3259, 33.2618, 33.3352, 33.242, 33.211, 33.262, 33.3591, 33.2201, 33.345, 33.2661, 33.2282, 33.3209, 33.211, 33.3121, 33.1481, 33.458, 33.2639, 33.211, 33.2332, 33.2301, 33.2069, 33.2849, 33.2339, 33.3071, 33.417, 33.298, 33.201, 33.474, 33.2968, 33.3002, 33.294, 33.2489, 33.289, 33.2611, 33.2201, 33.283, 33.2611, 33.2701, 33.222, 33.1571, 33.2611, 33.139, 33.437, 33.3169, 33.2942, 33.3288, 33.3481, 33.38, 33.381, 33.536, 33.4539, 33.6351, 33.4051, 33.2019, 33.3719, 33.3681, 33.2551, 33.2019, 33.298, 33.2921, 33.329, 33.2499, 33.365, 33.257, 
Time to set up datastructures: 23495.2ms
33.5889, 33.663, 33.6761, 33.596, 33.633, 33.6499, 33.596, 33.7501, 33.5979, 33.618, 33.546, 33.6821, 33.7548, 33.592, 33.668, 33.6862, 33.6308, 33.6502, 33.674, 33.6299, 33.6521, 33.7279, 33.7701, 33.705, 33.6831, 33.6769, 33.7121, 33.56, 33.6289, 33.673, 33.756, 33.716, 33.545, 33.7031, 33.669, 33.69, 33.6199, 33.741, 33.587, 33.659, 33.6602, 33.6699, 33.572, 33.5979, 33.6571, 33.7911, 33.736, 33.7141, 33.6988, 33.7701, 33.6411, 33.6919, 33.6721, 33.6251, 33.6809, 33.6761, 33.8049, 33.7071, 33.612, 33.6459, 33.5841, 33.6058, 33.7341, 33.5591, 33.6819, 33.6771, 33.699, 33.5789, 33.71, 33.6192, 33.6809, 33.6001, 33.6609, 33.5891, 33.6189, 33.6039, 33.6492, 33.6859, 33.742, 33.663, 33.6821, 33.612, 33.5939, 33.591, 33.653, 33.6342, 33.711, 33.699, 33.715, 33.618, 33.673, 33.5701, 33.649, 33.7129, 33.6938, 33.7782, 33.5488, 33.5391, 33.644, 33.613, 
Time to set up datastructures: 23862.3ms
33.555, 33.504, 33.6812, 33.4809, 33.6139, 33.509, 33.489, 33.5791, 33.484, 33.5441, 33.5419, 33.5982, 33.5569, 33.524, 33.5438, 33.5588, 33.7081, 33.653, 33.463, 33.545, 33.572, 33.5009, 33.5732, 33.534, 33.55, 33.577, 33.6499, 33.6051, 33.5941, 33.572, 33.4959, 33.51, 33.597, 33.6671, 33.6399, 33.566, 33.4051, 33.5071, 33.567, 33.443, 33.5181, 33.427, 33.5779, 33.6361, 33.5031, 33.524, 33.5169, 33.4392, 33.4609, 33.5391, 33.4661, 33.474, 33.5469, 33.5829, 33.5641, 33.5031, 33.5209, 33.4411, 33.489, 33.519, 33.411, 33.5519, 33.6521, 33.5209, 33.4439, 33.4599, 33.519, 33.5171, 33.4408, 33.627, 33.457, 33.53, 33.4918, 33.596, 33.7391, 33.4849, 33.5481, 33.4609, 33.617, 33.524, 33.4642, 33.458, 33.4659, 33.551, 33.5782, 33.6339, 33.525, 33.587, 33.5979, 33.5281, 33.5109, 33.5789, 33.469, 33.4458, 33.586, 33.4461, 33.5159, 33.4542, 33.5081, 33.4849, 
Time to set up datastructures: 23954.1ms
33.762, 33.6101, 33.7219, 33.7241, 33.618, 33.6602, 33.572, 33.556, 33.555, 33.6969, 33.649, 33.7148, 33.5982, 33.6909, 33.6721, 33.632, 33.6249, 33.6101, 33.7331, 33.6609, 33.6452, 33.6728, 33.6759, 33.7501, 33.6919, 33.5939, 33.7501, 33.6621, 33.6831, 33.6959, 33.6099, 33.69, 33.6471, 33.716, 33.5932, 33.6189, 33.6039, 33.7682, 33.715, 33.628, 33.648, 33.6349, 33.74, 33.7951, 33.684, 33.7069, 33.777, 33.7501, 33.6721, 33.653, 33.673, 33.7119, 33.649, 33.601, 33.632, 33.7, 33.7179, 33.6521, 33.6881, 33.6158, 33.6478, 33.7501, 33.6301, 33.7129, 33.632, 33.6261, 33.638, 33.7939, 33.633, 33.689, 33.6549, 33.6971, 33.6609, 33.658, 33.6211, 33.597, 33.597, 33.5979, 33.7551, 33.6831, 33.6568, 33.7532, 33.607, 33.7269, 33.6421, 33.72, 33.7081, 33.6039, 33.5979, 33.6668, 33.668, 33.6421, 33.6421, 33.586, 33.5701, 33.639, 33.664, 33.6161, 33.664, 33.6409, 

run on commit: b7033e5d4b360fc23f010515e22c3b23c97b7a49