2 3 4 5 6 7 8 9 10 11 12 13 14
Running sequential algorithm
Time to set up datastructures: 7188.87ms
640.684, 640.356, 640.684, 640.391, 640.454, 640.272, 640.665, 640.514, 640.274, 640.815, 640.346, 640.484, 640.348, 640.891, 640.428, 640.347, 640.451, 640.6, 640.375, 640.78, 640.432, 640.44, 641.431, 641.105, 640.585, 640.73, 640.501, 640.439, 640.348, 640.375, 640.347, 640.785, 640.393, 641.186, 640.327, 640.437, 640.544, 640.294, 641.953, 640.896, 640.71, 640.283, 640.713, 640.845, 640.783, 640.3, 640.396, 640.341, 640.365, 640.379, 640.581, 640.537, 640.81, 640.23, 640.617, 640.451, 640.927, 640.374, 640.572, 640.488, 640.344, 640.325, 640.272, 640.67, 640.433, 640.425, 640.241, 640.418, 640.534, 640.473, 640.482, 640.395, 640.174, 640.399, 640.437, 640.705, 640.44, 640.633, 640.313, 640.382, 640.243, 640.689, 640.316, 640.645, 640.138, 640.734, 640.8, 640.454, 640.636, 640.299, 640.368, 640.279, 640.365, 640.303, 640.548, 640.238, 640.468, 640.678, 640.343, 640.352, 
Running OpenMP implementation
Time to set up datastructures: 10016.5ms
357.391, 357.232, 357.294, 357.298, 357.362, 357.527, 357.682, 357.25, 357.582, 357.779, 357.129, 357.319, 357.168, 357.138, 357.293, 357.194, 357.397, 357.17, 358.396, 357.517, 357.254, 357.4, 357.497, 357.2, 357.159, 357.411, 357.282, 357.222, 357.347, 357.45, 357.27, 357.314, 357.166, 357.316, 357.337, 357.108, 357.434, 357.406, 357.111, 357.567, 357.398, 357.265, 357.313, 357.269, 357.274, 357.218, 357.256, 357.528, 357.306, 357.328, 357.356, 357.862, 357.154, 357.482, 357.52, 357.19, 357.346, 357.25, 357.358, 357.431, 357.242, 357.352, 357.382, 357.31, 357.317, 357.426, 357.31, 357.413, 357.247, 357.235, 357.291, 357.242, 357.394, 357.346, 357.402, 357.367, 357.347, 357.182, 357.595, 357.213, 357.256, 357.427, 357.461, 357.185, 357.303, 357.526, 357.25, 357.261, 357.53, 357.342, 357.395, 357.284, 357.264, 357.585, 357.137, 357.321, 357.578, 357.344, 357.547, 357.205, 
Time to set up datastructures: 8350.56ms
285.155, 285.387, 285.295, 285.233, 285.801, 285.165, 285.391, 285.196, 285.183, 285.076, 285.596, 286.137, 285.067, 285.127, 285.272, 285.104, 285.026, 285.356, 285.449, 285.012, 285.724, 285.266, 285.321, 285.495, 285.432, 286.083, 285.044, 285.243, 285.302, 285.09, 285.041, 285.284, 286.082, 285.251, 285.543, 285.318, 285.188, 285.173, 285.413, 286.117, 285.134, 285.254, 285.276, 285.67, 285.17, 285.704, 285.446, 285.001, 285.212, 285.148, 285.224, 285.247, 285.451, 286.08, 285.03, 285.28, 285.779, 285.249, 285.132, 285.769, 285.521, 285.057, 285.274, 285.315, 285.276, 285.283, 285.43, 287.544, 285.107, 285.522, 285.329, 285.25, 285.525, 285.358, 285.288, 285.073, 285.492, 285.261, 285.316, 285.343, 286.068, 286.135, 285.002, 285.209, 285.137, 285.35, 285.259, 285.544, 285.648, 285.046, 285.225, 285.199, 285.215, 285.062, 285.505, 286.19, 285.19, 285.191, 285.224, 285.153, 
Time to set up datastructures: 13067.2ms
266.097, 266.029, 266.075, 265.8, 266.047, 266.067, 266.096, 266.033, 266.097, 266.066, 266.202, 265.798, 266.208, 266.224, 266.063, 266.059, 266.221, 266.17, 265.837, 266.069, 266.226, 266.064, 266.273, 266.031, 266.146, 266.298, 265.854, 266.106, 266.134, 266.178, 266.078, 266.066, 266.169, 266.001, 265.821, 266.066, 266.106, 266.127, 266.122, 266.143, 266.197, 265.901, 266.101, 266.447, 266.108, 265.988, 266.124, 266.115, 266.095, 265.854, 266.2, 266.089, 266.174, 266.023, 266.197, 266.159, 265.882, 266.159, 266.041, 266.109, 266.135, 266.077, 266.142, 266.104, 265.892, 266.096, 266.046, 266.063, 266.052, 266.15, 266.185, 266.016, 266.034, 266.06, 266.187, 266.097, 266.141, 266.087, 266.311, 265.894, 266.205, 266.032, 266.178, 266.054, 266.143, 266.194, 266.118, 265.88, 266.019, 266.103, 266.132, 266.052, 266.604, 266.079, 265.818, 266.014, 266.088, 266.132, 266.1, 266.08, 
Time to set up datastructures: 12455.4ms
254.369, 254.521, 254.514, 254.546, 254.528, 254.658, 254.443, 254.49, 254.417, 254.469, 254.483, 254.44, 254.36, 254.639, 254.44, 254.423, 254.416, 254.478, 254.686, 254.465, 254.424, 254.528, 254.524, 254.485, 254.418, 254.499, 254.475, 254.472, 254.448, 254.558, 254.452, 254.481, 254.414, 254.477, 254.556, 254.485, 254.772, 254.534, 254.503, 254.489, 254.402, 254.481, 254.439, 254.495, 254.428, 254.544, 254.456, 254.447, 254.438, 254.568, 254.588, 254.426, 254.472, 254.531, 254.433, 254.45, 254.424, 254.655, 254.43, 254.431, 254.489, 254.435, 254.589, 254.419, 254.406, 254.599, 254.51, 254.434, 254.409, 254.483, 254.486, 254.431, 254.459, 254.457, 254.427, 254.353, 254.472, 254.596, 254.444, 254.453, 254.478, 254.558, 254.511, 254.397, 254.511, 254.632, 254.479, 254.419, 254.472, 254.438, 254.418, 254.378, 254.577, 254.477, 254.468, 254.404, 254.464, 254.599, 254.483, 254.377, 
Time to set up datastructures: 13219.1ms
246.896, 246.784, 246.783, 246.798, 247.034, 247.525, 246.817, 246.663, 246.907, 246.846, 248.147, 246.977, 246.789, 247.065, 246.813, 246.755, 246.88, 246.802, 246.86, 246.777, 246.823, 246.912, 246.839, 246.811, 246.857, 246.769, 246.774, 246.799, 246.721, 246.866, 246.881, 246.773, 246.856, 246.944, 247.084, 246.796, 246.715, 246.89, 246.814, 246.778, 246.84, 246.841, 246.838, 246.815, 246.715, 246.881, 248.398, 246.735, 246.884, 246.823, 246.834, 247.12, 246.759, 246.861, 246.875, 246.839, 246.813, 246.771, 246.895, 246.875, 246.753, 246.852, 246.984, 246.804, 246.738, 246.791, 246.863, 246.82, 246.761, 246.782, 246.854, 246.794, 246.737, 246.763, 246.802, 246.814, 246.794, 246.801, 246.91, 246.814, 246.753, 246.886, 246.804, 246.834, 246.772, 246.779, 246.761, 246.829, 246.704, 246.908, 246.708, 246.834, 246.776, 246.766, 247.088, 246.953, 246.741, 246.773, 246.84, 246.876, 
Time to set up datastructures: 13664.6ms
242.417, 242.423, 242.41, 242.524, 242.552, 242.439, 242.45, 242.389, 242.363, 242.5, 242.412, 242.37, 242.371, 242.392, 242.434, 242.408, 242.325, 242.452, 242.367, 242.417, 242.408, 242.375, 242.397, 242.462, 242.324, 242.442, 242.505, 242.493, 242.315, 242.412, 242.373, 242.384, 242.389, 242.412, 242.365, 242.387, 242.372, 242.447, 242.341, 242.373, 242.381, 242.312, 242.562, 242.412, 242.371, 242.525, 242.391, 242.394, 242.429, 242.33, 242.4, 242.403, 242.404, 242.411, 242.404, 242.357, 242.46, 242.39, 242.465, 242.546, 242.422, 242.323, 242.356, 242.395, 242.356, 242.417, 242.418, 242.426, 242.421, 242.367, 242.522, 242.398, 242.366, 242.449, 242.329, 242.495, 242.493, 242.358, 242.343, 242.457, 242.423, 242.409, 242.328, 242.397, 243.135, 242.455, 242.497, 242.346, 242.421, 242.4, 242.341, 242.409, 242.626, 242.314, 242.415, 242.43, 242.411, 242.387, 242.41, 242.433, 
Time to set up datastructures: 13760.3ms
241.09, 241.236, 241.082, 241.082, 241.149, 241.098, 241.147, 241.359, 241.084, 241.113, 241.087, 241.267, 241.099, 241.113, 241.159, 241.134, 241.108, 241.052, 241.209, 241.077, 241.132, 241.084, 241.085, 241.324, 241.251, 241.067, 241.119, 241.122, 241.124, 241.175, 241.126, 241.159, 241.145, 241.075, 241.124, 241.108, 241.111, 241.074, 241.12, 241.177, 241.219, 241.045, 241.073, 241.256, 241.142, 241.062, 241.063, 241.299, 241.186, 241.075, 241.057, 241.186, 241.177, 241.245, 241.158, 241.068, 241.282, 241.169, 241.087, 241.106, 241.089, 241.054, 241.093, 241.114, 241.153, 241.13, 241.104, 241.042, 241.117, 241.314, 241.032, 241.081, 241.157, 241.238, 241.091, 241.065, 241.233, 241.164, 241.107, 241.042, 241.089, 241.437, 241.099, 241.039, 241.22, 241.143, 241.125, 241.199, 241.078, 241.188, 241.363, 241.111, 241.093, 241.11, 241.193, 241.163, 241.072, 241.249, 241.507, 241.075, 
Time to set up datastructures: 13681.2ms
240.415, 240.363, 240.349, 240.345, 240.504, 240.465, 240.395, 240.391, 240.338, 240.454, 240.555, 240.329, 240.443, 240.479, 240.457, 240.371, 240.375, 240.358, 240.367, 240.365, 240.298, 240.589, 240.384, 240.378, 240.34, 240.796, 240.582, 240.295, 240.444, 240.481, 240.399, 240.474, 240.419, 240.492, 240.504, 240.341, 240.409, 240.334, 242.371, 240.53, 240.32, 240.473, 240.369, 240.377, 240.619, 240.353, 240.547, 240.391, 240.344, 240.408, 240.349, 240.452, 241.023, 240.398, 240.568, 240.559, 240.357, 240.325, 240.371, 240.375, 240.338, 240.366, 240.347, 240.503, 240.341, 240.391, 240.367, 240.372, 240.39, 240.388, 240.311, 240.607, 240.421, 240.352, 240.369, 240.409, 240.394, 240.366, 240.401, 240.426, 240.956, 240.377, 240.523, 240.389, 240.417, 240.363, 240.326, 240.321, 240.902, 240.4, 240.369, 240.377, 240.52, 240.383, 240.348, 240.38, 240.434, 240.412, 240.391, 240.345, 
Time to set up datastructures: 13588.3ms
239.725, 239.51, 239.472, 239.64, 239.732, 239.534, 239.481, 239.488, 239.559, 239.664, 239.507, 239.577, 239.521, 239.537, 239.558, 239.554, 239.481, 239.531, 239.485, 239.414, 239.691, 239.525, 239.529, 239.433, 239.487, 239.517, 239.575, 239.53, 239.469, 239.546, 239.576, 239.588, 239.582, 239.5, 239.498, 239.51, 239.447, 239.685, 239.523, 239.507, 239.594, 239.463, 239.502, 239.494, 239.449, 239.613, 239.542, 239.542, 239.593, 239.526, 239.508, 239.524, 239.577, 239.61, 239.653, 239.556, 239.474, 239.472, 239.499, 239.495, 239.479, 239.423, 239.558, 239.521, 239.51, 239.513, 239.66, 239.566, 239.527, 239.532, 239.724, 239.667, 239.58, 239.461, 239.56, 239.527, 239.501, 239.48, 239.586, 240.086, 239.619, 239.679, 239.609, 239.492, 239.898, 239.901, 239.461, 240.016, 239.529, 239.604, 239.485, 239.527, 239.924, 239.619, 239.462, 239.687, 239.563, 239.543, 239.601, 239.478, 
Time to set up datastructures: 13548.7ms
238.56, 238.637, 238.52, 239.45, 238.614, 238.925, 238.578, 239.237, 238.844, 238.576, 238.655, 238.983, 238.635, 238.839, 238.842, 238.515, 238.682, 238.574, 238.948, 239.022, 239.25, 238.609, 238.909, 238.824, 238.881, 238.556, 238.673, 238.573, 238.683, 238.747, 238.734, 238.799, 238.616, 238.857, 238.545, 238.585, 238.848, 238.807, 239.139, 239.231, 238.52, 238.841, 238.62, 238.632, 239.049, 238.755, 238.682, 239.201, 238.58, 239.002, 238.884, 239.112, 238.686, 239.271, 238.754, 238.716, 238.738, 238.559, 238.655, 238.542, 238.549, 238.796, 239.013, 238.601, 239.233, 238.95, 238.795, 238.556, 238.757, 238.646, 239.008, 238.631, 238.702, 239.426, 238.684, 238.686, 238.754, 238.616, 238.56, 238.654, 238.6, 239.34, 238.779, 238.609, 238.636, 238.582, 238.689, 238.885, 238.777, 238.641, 238.823, 238.618, 238.701, 238.554, 238.728, 238.532, 238.691, 238.7, 238.778, 238.537, 
Time to set up datastructures: 13519ms
239.218, 239.206, 239.23, 239.379, 239.183, 239.214, 238.987, 239.176, 239.231, 239.172, 239.195, 239.362, 239.173, 239.253, 239.234, 239.269, 239.219, 239.155, 239.145, 239.354, 239.226, 239.214, 239.156, 239.505, 239.216, 239.164, 239.262, 239.179, 239.23, 239.197, 239.227, 239.198, 239.205, 239.22, 239.168, 239.196, 240.78, 239.288, 239.222, 239.27, 239.137, 239.203, 239.564, 239.172, 239.163, 239.277, 239.193, 239.269, 239.043, 239.224, 239.163, 239.554, 239.257, 239.39, 239.224, 239.606, 239.173, 239.123, 239.198, 239.251, 239.177, 239.22, 239.117, 239.272, 239.202, 239.107, 239.192, 239.235, 239.181, 239.153, 239.532, 239.178, 239.318, 239.192, 239.217, 239.246, 239.223, 239.143, 239.273, 239.166, 239.21, 239.271, 239.182, 239.172, 239.145, 239.155, 239.524, 239.159, 239.197, 239.163, 239.214, 239.228, 239.08, 239.247, 239.2, 239.319, 239.159, 239.209, 239.239, 239.202, 
Time to set up datastructures: 13409.8ms
236.595, 236.547, 236.573, 246.109, 241.612, 236.602, 236.548, 236.48, 236.849, 236.503, 236.62, 236.594, 236.782, 236.588, 236.553, 236.516, 236.624, 236.526, 240.717, 237.432, 236.717, 236.575, 236.621, 236.539, 236.51, 237.062, 236.609, 236.569, 236.553, 236.571, 236.557, 236.637, 236.527, 236.616, 236.643, 236.522, 236.65, 236.625, 236.599, 236.604, 236.549, 236.531, 236.604, 236.572, 236.564, 236.563, 236.575, 236.585, 236.527, 236.521, 236.612, 236.535, 236.578, 236.628, 236.679, 236.567, 236.525, 236.546, 236.565, 236.576, 236.505, 236.609, 236.526, 236.628, 236.669, 236.537, 236.655, 236.569, 236.547, 236.556, 236.571, 236.706, 236.567, 236.493, 236.572, 236.538, 236.597, 236.575, 236.507, 237.147, 236.577, 236.522, 236.618, 236.552, 236.551, 236.531, 236.551, 236.593, 236.563, 236.593, 236.553, 236.501, 236.555, 236.666, 236.509, 236.612, 236.579, 236.593, 236.605, 236.596, 
Time to set up datastructures: 13591.4ms
235.588, 235.624, 235.635, 235.968, 235.72, 235.617, 235.998, 235.793, 235.695, 235.606, 235.559, 235.683, 235.718, 235.559, 235.687, 235.55, 235.533, 235.577, 235.611, 235.574, 235.722, 235.794, 235.624, 235.587, 235.555, 235.552, 235.605, 235.669, 235.647, 235.751, 235.616, 235.654, 235.632, 235.582, 235.581, 235.573, 235.564, 235.678, 235.818, 235.653, 235.788, 235.565, 235.582, 235.593, 235.69, 235.612, 235.697, 235.592, 235.668, 235.57, 235.883, 235.935, 235.653, 235.692, 235.716, 235.76, 235.624, 235.577, 235.554, 235.584, 235.595, 235.569, 235.587, 235.719, 235.564, 235.674, 235.583, 235.846, 235.57, 235.637, 235.555, 235.708, 235.768, 235.674, 235.801, 235.691, 235.564, 235.803, 235.613, 235.574, 235.721, 235.6, 235.925, 235.561, 235.567, 235.563, 235.588, 235.632, 235.683, 235.761, 235.625, 235.589, 235.576, 235.674, 235.596, 235.716, 235.729, 235.649, 235.61, 235.701, 
Running TBB implementation
Time to set up datastructures: 10146.2ms
372.423, 372.577, 372.636, 373.129, 372.726, 372.504, 372.482, 372.546, 372.884, 372.518, 372.47, 372.492, 372.507, 372.559, 372.672, 372.652, 372.498, 372.467, 372.473, 372.81, 372.569, 372.943, 372.372, 372.543, 372.672, 372.606, 372.866, 372.411, 372.566, 373.476, 372.908, 372.638, 372.524, 372.715, 372.412, 372.777, 372.553, 372.495, 372.475, 372.472, 372.962, 372.494, 372.612, 372.463, 372.376, 372.474, 372.654, 372.576, 372.475, 372.497, 372.428, 372.935, 372.465, 372.543, 372.59, 372.516, 372.453, 372.655, 372.897, 372.471, 372.49, 372.439, 373.214, 372.512, 372.812, 372.461, 372.545, 372.66, 372.641, 372.537, 372.431, 372.461, 373.099, 372.721, 372.674, 372.576, 372.391, 372.538, 372.858, 372.575, 372.417, 372.68, 372.432, 372.807, 372.529, 372.606, 372.651, 372.417, 372.725, 372.677, 372.741, 372.804, 372.502, 372.579, 373.154, 372.384, 372.431, 372.559, 372.425, 372.654, 
Time to set up datastructures: 8310.48ms
294.072, 294.248, 294.377, 294.246, 294.18, 294.146, 294.129, 294.313, 294.971, 294.207, 294.481, 294.149, 294.199, 294.176, 294.407, 294.517, 294.276, 294.185, 294.145, 294.064, 294.12, 294.994, 294.605, 294.24, 294.077, 294.219, 294.132, 294.116, 294.219, 294.899, 294.728, 294.118, 294.384, 294.276, 294.017, 295.077, 294.678, 294.263, 294.191, 294.175, 294.197, 294.089, 295.492, 294.242, 294.655, 294.152, 294.188, 294.175, 294.811, 295.012, 294.224, 294.194, 294.124, 294.14, 294.26, 294.229, 294.59, 294.286, 294.089, 294.178, 294.201, 294.187, 294.842, 294.455, 294.377, 294.767, 294.245, 294.306, 294.111, 294.184, 294.512, 294.428, 294.247, 294.283, 294.068, 294.44, 296.469, 294.503, 294.504, 294.177, 294.55, 294.338, 294.271, 294.291, 294.536, 294.377, 294.32, 294.344, 294.515, 294.953, 294.528, 294.395, 294.136, 294.331, 294.185, 294.164, 294.149, 294.659, 294.295, 294.149, 
Time to set up datastructures: 12493.3ms
272.51, 272.614, 272.768, 272.69, 272.609, 272.699, 272.654, 272.409, 272.672, 272.539, 272.612, 272.622, 272.551, 272.593, 272.378, 272.574, 272.663, 272.563, 272.693, 272.527, 272.648, 272.605, 272.461, 272.866, 272.624, 272.575, 272.577, 272.663, 272.802, 272.697, 272.555, 272.744, 272.597, 272.62, 272.667, 272.818, 272.562, 272.417, 272.566, 272.635, 272.62, 272.609, 272.589, 272.631, 272.583, 272.54, 272.596, 272.611, 272.753, 272.795, 272.604, 272.529, 272.552, 272.631, 272.601, 272.718, 272.461, 272.692, 272.489, 272.531, 272.515, 272.613, 272.555, 272.796, 272.687, 272.576, 272.477, 272.355, 272.507, 272.611, 272.6, 272.771, 272.799, 272.719, 272.435, 272.645, 272.537, 272.695, 272.634, 272.826, 272.495, 272.473, 272.491, 272.611, 272.637, 272.78, 272.66, 272.924, 272.419, 272.596, 272.693, 272.568, 272.646, 272.706, 272.836, 272.536, 272.501, 272.673, 272.497, 272.687, 
Time to set up datastructures: 12464.8ms
260.604, 260.541, 260.617, 260.629, 260.689, 260.56, 260.676, 260.587, 260.599, 260.638, 260.735, 260.757, 260.657, 260.594, 260.715, 260.623, 260.535, 260.628, 260.549, 260.636, 260.578, 260.752, 260.666, 260.543, 260.574, 260.55, 260.885, 260.698, 260.647, 260.668, 260.68, 260.645, 260.653, 260.76, 260.671, 260.623, 260.645, 260.589, 260.7, 260.564, 260.6, 260.658, 260.672, 260.685, 260.602, 260.556, 260.624, 260.62, 260.628, 260.303, 260.746, 260.59, 260.701, 260.622, 260.601, 260.577, 260.57, 260.719, 260.649, 260.744, 260.641, 260.631, 260.531, 260.757, 260.599, 260.622, 260.656, 261.044, 260.693, 260.661, 260.558, 260.643, 260.714, 260.706, 260.594, 260.662, 260.622, 260.612, 260.524, 260.592, 260.61, 260.609, 260.583, 260.653, 260.606, 260.571, 260.649, 260.7, 260.698, 260.598, 260.579, 260.676, 260.618, 260.594, 260.716, 260.593, 260.647, 260.619, 260.763, 260.641, 
Time to set up datastructures: 13304.2ms
252.505, 252.413, 252.532, 252.525, 252.464, 252.389, 252.444, 252.407, 252.404, 252.381, 252.376, 252.913, 252.464, 252.433, 252.388, 252.428, 252.428, 252.375, 252.444, 252.521, 252.481, 252.425, 252.426, 252.421, 252.418, 252.328, 252.397, 252.406, 252.367, 252.41, 252.401, 252.337, 252.295, 252.398, 252.456, 252.45, 252.4, 252.409, 252.798, 252.446, 252.413, 252.424, 252.381, 252.772, 252.473, 252.42, 252.46, 252.397, 252.416, 252.328, 253.863, 252.472, 252.437, 252.531, 252.384, 252.661, 252.45, 252.374, 252.309, 252.36, 252.479, 252.46, 252.392, 252.512, 252.397, 252.391, 252.478, 252.506, 252.392, 252.379, 252.377, 252.459, 252.366, 252.43, 252.333, 252.564, 252.405, 252.395, 252.398, 252.412, 252.278, 252.417, 252.466, 252.625, 252.391, 252.431, 252.415, 252.353, 252.371, 252.356, 252.337, 252.523, 252.439, 252.436, 252.387, 252.412, 252.388, 252.43, 252.605, 252.553, 
Time to set up datastructures: 13298ms
246.066, 246.232, 246.272, 246.083, 246.108, 246.072, 246.002, 246.191, 246.129, 246.096, 246.046, 246.057, 246.096, 246.046, 246.03, 246.225, 246.15, 246.069, 246.084, 246.545, 246.211, 246.162, 245.905, 246.111, 246.189, 246.159, 245.974, 246.143, 246.149, 246.117, 246.115, 246.118, 246.118, 246.111, 246.107, 246.115, 246.066, 246.113, 246.088, 246.075, 246.144, 245.986, 246.151, 246.082, 246.095, 246.048, 246.077, 246.158, 246.224, 246.224, 246.121, 245.864, 246.114, 246.212, 246.228, 246.158, 246.236, 246.157, 246.12, 246.112, 246.082, 246.166, 246.219, 246.179, 245.986, 246.097, 246.091, 246.058, 246.098, 246.171, 246.062, 246.008, 246.034, 246.184, 246.172, 245.992, 246.242, 246.077, 246.184, 246.181, 246.188, 246.12, 246.174, 245.981, 245.978, 246.043, 246.097, 247.32, 246.08, 246.015, 246.221, 246.088, 248.195, 246.053, 246.127, 246.228, 246.065, 246.262, 246.096, 245.944, 
Time to set up datastructures: 13728.1ms
242.423, 242.593, 242.424, 242.471, 242.532, 242.523, 242.354, 242.434, 242.324, 242.371, 242.763, 242.45, 242.494, 242.397, 242.621, 242.496, 242.409, 242.439, 242.403, 242.458, 242.536, 242.437, 242.455, 242.442, 242.435, 242.26, 242.51, 242.463, 242.513, 242.397, 242.525, 242.434, 242.473, 242.394, 242.586, 242.412, 242.478, 242.519, 242.468, 242.455, 242.46, 242.465, 242.442, 242.646, 242.384, 242.477, 242.526, 242.421, 242.393, 242.423, 242.527, 242.4, 242.445, 242.55, 242.407, 242.534, 242.771, 242.445, 242.277, 242.517, 242.511, 242.568, 242.298, 242.44, 242.483, 242.414, 242.395, 242.453, 242.367, 242.372, 242.446, 242.448, 242.52, 242.459, 242.431, 242.388, 242.641, 242.441, 242.495, 242.528, 242.49, 242.467, 242.43, 242.476, 242.602, 242.425, 242.66, 242.607, 242.435, 242.566, 242.471, 242.437, 242.538, 242.72, 242.553, 242.451, 242.482, 242.482, 242.469, 242.393, 
Time to set up datastructures: 13197.1ms
241.108, 241.595, 241.118, 241.164, 241.197, 241.164, 241.159, 241.059, 241.071, 241.198, 241.26, 241.065, 241.089, 241.072, 241.119, 241.281, 241.04, 241.122, 241.052, 241.116, 241.157, 241.089, 241.17, 241.084, 241.05, 241.121, 241.232, 241.078, 241.263, 241.095, 241.763, 241.173, 241.162, 241.032, 241.112, 241.087, 241.172, 241.235, 241.227, 241.135, 241.118, 241.106, 241.133, 242.904, 241.148, 241.099, 241.2, 241.022, 241.13, 241.374, 241.122, 241.199, 241.119, 241.254, 241.125, 241.149, 241.124, 241.554, 241.049, 241.316, 240.963, 241.114, 241.222, 241.122, 241.133, 241.207, 241.02, 241.118, 241.108, 241.105, 241.201, 241.102, 241.087, 241.035, 241.111, 241.129, 241.224, 241.035, 241.293, 241.097, 241.151, 241.069, 241.128, 241.095, 241.078, 241.06, 241.261, 241.222, 241.04, 241.131, 241.148, 241.063, 241.317, 241.12, 241.094, 241.198, 241.022, 241.166, 241.208, 240.994, 
Time to set up datastructures: 13308.2ms
240.02, 240.211, 239.984, 240.181, 240.298, 240.07, 239.994, 240.016, 239.974, 240.187, 240.182, 240.005, 240.01, 239.921, 240.127, 239.993, 240.042, 240.039, 240.063, 239.969, 240.111, 239.96, 240.004, 240.013, 240, 239.987, 240.217, 240.073, 240.138, 239.993, 240.07, 240.041, 240.039, 240.17, 240.048, 240.276, 239.982, 240.078, 239.98, 240.194, 240.049, 240.012, 239.971, 240.168, 240.013, 240.168, 240.099, 239.988, 240.033, 239.953, 239.882, 240.552, 240.159, 240.075, 240.075, 239.974, 239.981, 240.277, 239.899, 240.131, 240.262, 240.012, 240.048, 239.931, 240.026, 240.016, 239.969, 239.975, 239.989, 239.964, 240.146, 239.881, 240.182, 239.973, 240.2, 239.946, 240.131, 239.996, 240.056, 240.105, 239.967, 240.019, 240.305, 240.042, 240.449, 239.948, 239.913, 240.322, 239.989, 240.092, 239.95, 240.072, 240.041, 240.191, 239.99, 240.102, 240.112, 240.09, 240.058, 240.008, 
Time to set up datastructures: 13283ms
239.192, 239.003, 239.221, 239.069, 239.793, 239.109, 239.116, 239.143, 239.191, 239.297, 240.046, 239.109, 239.498, 239.132, 239.496, 238.919, 239.15, 239.345, 239.468, 239.278, 239.585, 239.382, 239.239, 239.347, 239.072, 239.201, 239.42, 239.476, 239.105, 239.668, 239.158, 239.193, 239.185, 239.315, 239.301, 239.005, 239.184, 239.544, 239.042, 239.224, 239.256, 238.749, 239.129, 239.662, 239.128, 239.142, 239.594, 239.343, 239.389, 239.007, 239.245, 239.334, 239.312, 239.154, 239.494, 239.281, 239.842, 239.142, 238.993, 239.281, 239.625, 238.942, 239.311, 239.241, 239.33, 239.248, 239.264, 239.14, 239.387, 239.245, 239.156, 239.602, 239.206, 239.214, 239.182, 239.208, 239.348, 239.8, 239.1, 239.47, 239.381, 239.32, 239.372, 239.147, 239.121, 239.119, 238.95, 239.279, 239.787, 239.259, 239.678, 239.282, 239.239, 239.747, 239.294, 239.076, 239.882, 239.197, 239.643, 239.103, 
Time to set up datastructures: 13309.6ms
239.91, 239.755, 240.334, 240.052, 239.84, 239.967, 239.823, 239.845, 239.744, 239.856, 239.998, 239.927, 239.752, 239.981, 239.83, 239.874, 239.878, 239.756, 239.81, 239.77, 239.821, 239.875, 239.817, 239.871, 239.903, 239.807, 239.783, 240.017, 239.917, 239.963, 239.839, 240.263, 239.939, 239.821, 239.917, 239.805, 239.924, 239.735, 239.892, 239.871, 240.009, 239.786, 239.807, 239.807, 241.227, 239.818, 239.952, 239.882, 239.742, 240.106, 239.891, 239.805, 239.832, 239.902, 239.867, 239.802, 239.86, 240.003, 239.812, 239.943, 239.928, 239.666, 239.778, 239.893, 239.81, 239.888, 239.743, 239.825, 239.687, 239.857, 239.724, 239.835, 239.715, 239.755, 239.981, 239.783, 239.687, 239.79, 239.709, 239.662, 239.957, 239.769, 239.804, 239.733, 239.799, 239.85, 239.811, 239.849, 239.991, 239.727, 239.869, 239.823, 239.802, 239.856, 239.93, 239.768, 239.862, 239.645, 239.908, 239.841, 
Time to set up datastructures: 13560.6ms
237.095, 237.113, 237.132, 237.035, 237.371, 237.203, 237.14, 237.132, 236.907, 237.044, 237.276, 237.178, 237.077, 237.091, 237.135, 237.145, 237.074, 236.99, 237.174, 237.13, 237.162, 237.066, 237.067, 237.162, 237.109, 237.043, 237.005, 237.268, 236.986, 237.171, 237.041, 236.617, 237.155, 237.054, 237.056, 237.07, 237.128, 237.083, 237.325, 236.905, 237.109, 237.109, 236.951, 237.203, 237.132, 236.879, 237.305, 237.119, 237.007, 237.052, 237.051, 237.041, 237.276, 237.106, 237.118, 237.203, 237.034, 237.091, 237.096, 237.053, 237.184, 237.165, 236.781, 237.233, 237.053, 236.866, 237.077, 237.073, 237.034, 237.117, 237.233, 237.052, 237.143, 236.952, 237.05, 237.296, 237.074, 237.061, 237.21, 236.983, 237.183, 237.084, 236.898, 237.134, 237.166, 237.052, 237.694, 237.175, 237.2, 237.204, 237.554, 236.902, 237.104, 237.071, 237.207, 236.863, 237.055, 237.218, 237.082, 237.217, 
Time to set up datastructures: 13576.5ms
236.01, 236.085, 236.034, 236.055, 235.992, 236.345, 235.994, 236.095, 236.068, 236.114, 236.602, 236.055, 236.014, 236.146, 236.001, 236.164, 236.013, 236.094, 236.236, 236.051, 235.958, 235.82, 236.239, 235.997, 236.044, 235.917, 236.057, 236.149, 236.006, 236.052, 236.146, 235.98, 235.937, 235.857, 236.187, 236.095, 236.05, 236.187, 236.034, 236.099, 235.854, 236.038, 236.009, 236.031, 235.992, 236.068, 236.04, 236.396, 236.006, 236.02, 236.017, 236.145, 236.047, 236.096, 236.072, 236.08, 236.163, 236.231, 236.116, 236.105, 235.951, 236.037, 236.075, 235.983, 236.206, 236.022, 235.905, 236.039, 236.016, 236.003, 236.043, 236, 235.845, 236.151, 236.027, 236.106, 236.091, 235.909, 236.105, 235.974, 235.965, 236.226, 236.064, 235.884, 236, 236.004, 235.906, 236.311, 236.068, 236.185, 236.304, 235.99, 236.136, 235.963, 236.037, 236.189, 236.185, 236.44, 236.267, 236.04, 
Running TBB_graphs implementation with double the amount of partitions than threads
Time to set up datastructures: 7193.62ms
371.104, 371.151, 371.214, 371.124, 371.088, 371.034, 371.507, 371.397, 371.108, 371.623, 371.338, 371.12, 371.295, 371.23, 371.135, 371.617, 371.194, 371.585, 371.269, 371.346, 371.252, 371.44, 371.214, 371.252, 371.256, 371.12, 371.155, 371.151, 371.315, 371.488, 371.135, 371.432, 371.163, 371.159, 371.597, 371.253, 371.141, 371.184, 371.292, 371.323, 371.271, 371.356, 372.308, 371.131, 371.385, 371.455, 371.187, 371.174, 371.397, 371.378, 371.288, 371.386, 371.172, 371.325, 371.3, 371.213, 371.139, 371.069, 371.131, 371.429, 371.322, 371.124, 371.276, 371.152, 371.667, 371.136, 371.284, 371.327, 371.155, 371.187, 371.159, 371.503, 371.321, 371.157, 371.761, 371.37, 371.211, 371.313, 371.347, 371.156, 371.084, 371.253, 371.467, 371.288, 371.236, 371.338, 371.177, 371.238, 371.327, 371.377, 371.041, 371.256, 371.294, 371.316, 371.127, 371.139, 371.37, 371.154, 371.414, 371.233, 
Time to set up datastructures: 7181.84ms
292.95, 297.415, 293.09, 298.472, 293.225, 293.021, 292.922, 293.275, 292.95, 293.247, 292.952, 292.888, 292.806, 293.185, 293.351, 293.335, 293.204, 293.007, 292.922, 293.06, 293.481, 293.042, 292.829, 293.189, 293.187, 292.979, 293.208, 292.985, 293.57, 292.782, 293.374, 293.049, 292.99, 293.219, 293.23, 293.618, 292.903, 293.193, 293.164, 293.049, 293.055, 293.074, 293.703, 292.967, 293.056, 293.107, 293.004, 292.838, 292.81, 292.928, 293.067, 294.283, 293.011, 293.113, 293.725, 293.337, 293.396, 295.689, 296.495, 292.966, 292.784, 293.01, 293.438, 293.911, 293.176, 293.127, 292.935, 292.778, 292.783, 293.562, 293.014, 293.236, 293.044, 293.227, 292.775, 292.952, 298.499, 300.117, 293.001, 292.893, 293.106, 292.963, 293.079, 293.46, 293.021, 293.269, 293.785, 293.121, 293.1, 292.765, 293.007, 292.756, 293.182, 292.879, 292.966, 293.096, 294.971, 299.393, 292.956, 295.815, 
Time to set up datastructures: 7206.59ms
271.681, 271.712, 271.798, 271.955, 271.718, 271.776, 271.584, 271.715, 271.717, 271.627, 271.709, 271.778, 271.648, 271.705, 271.665, 271.752, 271.699, 271.635, 271.769, 271.692, 271.684, 271.565, 271.706, 271.796, 271.737, 271.606, 271.755, 271.661, 271.675, 271.644, 271.719, 271.744, 271.61, 271.689, 271.75, 271.435, 271.712, 271.707, 271.723, 271.778, 271.701, 271.685, 271.782, 271.457, 271.68, 271.743, 271.684, 271.719, 271.739, 271.647, 271.541, 271.7, 271.657, 271.693, 271.786, 271.836, 271.601, 271.585, 271.611, 271.712, 271.646, 271.754, 271.801, 271.763, 271.775, 271.88, 271.727, 271.684, 271.708, 271.813, 271.609, 271.524, 271.754, 271.48, 271.818, 271.719, 271.723, 272.19, 271.645, 271.697, 271.622, 271.816, 271.741, 271.801, 271.817, 271.734, 271.63, 271.458, 271.539, 271.908, 271.674, 271.787, 271.678, 271.864, 271.629, 271.707, 271.734, 271.713, 271.57, 271.714, 
Time to set up datastructures: 7176.63ms
259.457, 259.381, 259.446, 259.429, 259.341, 259.354, 259.36, 259.849, 259.298, 259.442, 259.353, 259.385, 259.352, 259.326, 259.512, 259.393, 259.403, 259.304, 259.485, 259.408, 259.361, 259.457, 259.397, 259.456, 259.329, 259.422, 259.419, 259.29, 259.29, 259.329, 259.446, 259.289, 259.379, 259.676, 259.342, 259.355, 259.334, 259.369, 259.361, 259.324, 259.341, 259.531, 259.373, 259.329, 259.334, 260.835, 259.387, 259.378, 259.355, 259.421, 259.449, 259.416, 259.393, 259.413, 259.337, 259.419, 259.353, 259.328, 259.704, 259.395, 259.515, 259.472, 259.341, 259.352, 259.428, 259.341, 259.341, 259.314, 259.362, 259.361, 259.324, 259.316, 259.411, 259.41, 259.308, 259.307, 259.422, 259.334, 259.409, 259.437, 259.42, 259.34, 259.332, 259.349, 259.299, 259.258, 259.445, 259.394, 259.409, 259.363, 259.33, 259.581, 259.415, 259.511, 259.668, 259.495, 259.347, 259.35, 259.444, 259.412, 
Time to set up datastructures: 7180.77ms
251.328, 251.371, 251.342, 251.367, 251.379, 251.33, 251.334, 251.312, 251.322, 251.313, 251.323, 251.542, 251.247, 251.371, 251.213, 251.33, 251.423, 251.4, 251.276, 251.57, 251.348, 251.419, 251.363, 251.317, 251.279, 251.501, 251.443, 251.32, 251.495, 251.358, 251.356, 251.386, 251.469, 251.338, 251.369, 251.35, 251.4, 251.351, 251.287, 251.381, 251.273, 251.323, 251.347, 251.288, 251.252, 251.314, 251.262, 251.4, 251.308, 251.348, 251.325, 251.33, 251.204, 251.344, 251.342, 251.24, 251.229, 252.296, 252.134, 251.435, 251.243, 251.281, 251.326, 251.344, 251.349, 251.311, 251.461, 251.355, 251.246, 251.261, 251.264, 251.514, 251.311, 251.266, 251.349, 251.409, 251.293, 251.361, 251.329, 251.401, 251.342, 251.3, 251.281, 251.293, 251.264, 251.327, 251.351, 251.633, 251.309, 251.322, 251.293, 251.45, 251.253, 251.335, 251.474, 251.405, 251.409, 251.319, 251.41, 251.346, 
Time to set up datastructures: 7180.19ms
245.074, 245.089, 245.071, 245.063, 246.657, 245.009, 245.08, 245.155, 245.088, 245.182, 245.12, 245.089, 245.031, 245.043, 244.999, 245.08, 245.063, 245.114, 244.989, 245.027, 245.139, 245.03, 245.076, 244.997, 245.014, 245.031, 244.998, 245.079, 245.021, 244.973, 245.089, 245.123, 245.115, 244.977, 244.984, 244.998, 245.127, 245.054, 245.061, 245.043, 245.046, 245.07, 245.034, 244.959, 245.02, 245.03, 245.024, 245.08, 245.119, 245.078, 244.999, 245.06, 245.078, 245.292, 244.976, 245.124, 245.021, 245.173, 244.997, 245.024, 245.17, 244.984, 245.038, 245.131, 245.006, 245.067, 245.035, 245.743, 245.19, 245.177, 245.043, 245.034, 245.013, 245.151, 244.997, 245.046, 245.093, 245.014, 245.028, 245.034, 245.083, 245.046, 245.067, 245.049, 245.033, 245.069, 245.064, 244.967, 245.117, 244.975, 245.145, 244.988, 245.059, 245.183, 245.022, 244.926, 245.028, 245.085, 245.229, 245.086, 
Time to set up datastructures: 7203.67ms
242.054, 241.966, 242.053, 241.997, 242.057, 242.054, 242.077, 242.112, 241.905, 242.55, 242.009, 242.165, 242.009, 242.035, 241.956, 242.054, 242.016, 242.019, 242.438, 242.109, 241.991, 241.986, 252.722, 242.41, 242.065, 242.03, 241.98, 242.024, 242.124, 241.99, 242.136, 241.959, 242.07, 242.002, 242.048, 241.993, 242.062, 241.98, 242.009, 242.025, 242.098, 242.036, 242.463, 242.144, 242.097, 242.073, 242.011, 241.937, 241.991, 242.004, 241.967, 241.969, 242.006, 242.098, 241.996, 242.082, 242.017, 242.069, 242.035, 242.007, 242.526, 242.141, 242.061, 242.045, 242.008, 242.084, 242.033, 242.018, 241.952, 242.558, 242.177, 242.032, 242.108, 242.009, 242.022, 241.995, 242.028, 242.173, 241.932, 242.036, 242.046, 242.086, 241.943, 242.041, 241.992, 241.991, 242.056, 242.016, 242.041, 242.008, 242.106, 241.993, 241.993, 241.989, 242.118, 242.038, 242.073, 241.942, 242.456, 242.001, 
Time to set up datastructures: 7191.53ms
240.686, 240.726, 240.672, 241.669, 241.456, 240.704, 240.816, 240.765, 240.787, 240.796, 240.724, 240.727, 240.725, 240.721, 240.818, 240.615, 240.789, 241.034, 240.641, 240.959, 240.817, 240.656, 240.763, 240.663, 240.922, 240.649, 240.704, 240.739, 240.7, 240.772, 240.716, 240.695, 240.727, 240.81, 240.733, 240.626, 240.832, 240.636, 240.704, 240.7, 240.648, 240.721, 240.683, 240.685, 241.157, 240.737, 240.69, 240.734, 240.824, 240.769, 240.686, 240.624, 240.662, 240.81, 240.712, 240.757, 240.772, 240.714, 240.681, 240.639, 241.258, 240.565, 240.692, 240.681, 240.859, 240.72, 240.821, 240.694, 240.631, 240.838, 240.737, 240.673, 240.733, 240.685, 240.749, 240.7, 240.627, 240.626, 240.702, 240.69, 240.788, 240.694, 241.242, 240.834, 240.654, 240.644, 240.837, 240.751, 240.615, 240.878, 240.71, 240.932, 240.649, 240.659, 240.747, 240.677, 240.727, 240.804, 240.629, 240.77, 
Time to set up datastructures: 7193.94ms
239.977, 239.841, 239.806, 240.06, 239.913, 239.897, 239.942, 239.853, 240.012, 239.88, 239.868, 239.917, 239.985, 239.949, 239.923, 239.936, 239.936, 239.907, 239.795, 239.861, 239.847, 240.196, 239.844, 239.99, 239.781, 240.078, 239.825, 240.005, 240.011, 240.029, 239.965, 239.913, 239.873, 239.98, 239.871, 239.833, 239.842, 240.493, 239.808, 239.918, 240.035, 239.903, 242.619, 239.908, 239.869, 240.056, 239.912, 239.921, 239.992, 239.894, 239.96, 240.014, 239.895, 239.954, 239.818, 239.92, 240.021, 239.848, 239.939, 239.845, 239.938, 239.788, 240.012, 239.849, 239.912, 239.747, 240.948, 239.998, 239.87, 239.887, 239.905, 239.898, 239.951, 240.048, 240.077, 239.971, 239.86, 239.847, 239.855, 241.834, 239.876, 240.125, 239.97, 240.068, 240.515, 239.935, 239.878, 239.926, 239.823, 240.007, 239.897, 239.843, 240.115, 240.193, 239.97, 240.232, 239.884, 239.884, 239.917, 239.835, 
Time to set up datastructures: 7176.27ms
238.782, 238.827, 238.879, 239.041, 238.965, 239.218, 238.939, 238.871, 238.99, 239.103, 238.994, 238.906, 238.992, 238.788, 238.993, 238.818, 238.877, 238.838, 238.795, 238.834, 238.815, 238.957, 239.046, 238.922, 239.141, 238.838, 238.923, 238.848, 238.887, 239.704, 238.831, 238.827, 238.842, 239.118, 239.264, 239.605, 238.767, 239.081, 239.541, 239.117, 238.832, 238.904, 238.728, 238.962, 238.833, 238.934, 238.977, 239.053, 238.88, 239.217, 238.855, 239.043, 238.846, 238.849, 238.837, 239.231, 238.918, 238.93, 239.235, 238.785, 238.944, 238.787, 238.876, 238.827, 238.767, 238.766, 239.847, 238.872, 239.142, 238.809, 238.778, 238.991, 239.228, 238.8, 239.125, 238.944, 238.796, 239.038, 238.743, 238.928, 238.839, 238.845, 238.85, 238.884, 238.86, 239.2, 238.707, 238.872, 239.042, 239.011, 238.789, 238.885, 238.93, 238.856, 238.953, 238.952, 238.984, 238.92, 238.904, 238.954, 
Time to set up datastructures: 7179.46ms
239.621, 239.705, 239.599, 239.597, 239.638, 239.609, 240.182, 239.607, 239.672, 239.765, 239.604, 239.613, 239.631, 239.682, 239.614, 239.798, 239.594, 239.629, 239.661, 239.571, 239.704, 239.552, 239.656, 239.67, 239.645, 239.586, 239.636, 239.617, 239.638, 239.591, 239.608, 239.765, 239.652, 239.552, 239.608, 240.034, 239.762, 239.652, 239.536, 239.548, 239.677, 239.616, 239.726, 239.681, 239.671, 239.662, 239.465, 239.597, 241.118, 239.548, 239.593, 239.74, 239.554, 239.645, 240.423, 239.612, 239.572, 239.673, 239.658, 239.705, 239.604, 239.667, 239.684, 239.529, 239.666, 239.705, 239.645, 239.564, 239.667, 239.529, 239.662, 239.635, 239.545, 240.319, 239.823, 239.592, 239.646, 239.696, 239.618, 239.616, 239.631, 239.672, 239.717, 239.538, 239.655, 239.649, 240.179, 240.166, 239.811, 239.556, 239.704, 239.6, 239.621, 239.602, 239.601, 239.688, 239.571, 239.682, 239.815, 239.634, 
Time to set up datastructures: 7192.49ms
236.842, 236.857, 236.765, 236.74, 237.079, 236.754, 236.784, 236.819, 236.929, 236.929, 236.888, 236.769, 236.785, 236.842, 236.76, 236.806, 236.913, 236.882, 236.743, 236.762, 237.009, 236.843, 236.764, 236.729, 236.773, 236.948, 236.781, 236.747, 236.971, 236.77, 236.831, 236.739, 236.799, 237.005, 236.765, 236.785, 237.033, 236.907, 236.851, 236.816, 236.772, 236.744, 236.882, 236.763, 236.812, 236.807, 236.742, 236.964, 236.708, 236.783, 236.842, 236.797, 236.772, 236.793, 236.789, 236.927, 236.798, 236.776, 236.789, 236.798, 236.801, 236.812, 236.804, 236.836, 236.905, 236.795, 236.706, 236.768, 237.329, 236.803, 236.871, 236.792, 236.865, 236.732, 236.79, 236.896, 236.768, 236.825, 236.973, 236.833, 236.838, 236.841, 236.802, 236.734, 236.989, 236.78, 236.767, 244.294, 237.211, 236.941, 236.836, 236.881, 236.924, 236.824, 236.835, 236.778, 236.838, 236.865, 236.867, 236.729, 
Time to set up datastructures: 7192.27ms
235.891, 235.86, 235.962, 235.817, 235.88, 235.889, 236.317, 235.83, 235.882, 235.922, 235.84, 235.981, 235.857, 235.972, 235.948, 235.966, 235.9, 235.894, 235.882, 237.778, 235.835, 235.936, 235.96, 235.828, 236.278, 235.93, 235.869, 235.825, 235.894, 235.929, 235.955, 235.879, 235.942, 236.138, 236.031, 235.985, 235.924, 235.826, 235.897, 235.91, 235.854, 235.916, 235.831, 235.964, 235.889, 235.887, 235.796, 235.861, 235.822, 235.885, 235.869, 236.155, 237.482, 236.292, 235.873, 235.954, 235.934, 235.939, 235.845, 235.938, 235.94, 235.827, 235.9, 235.85, 236.048, 235.838, 235.904, 235.861, 235.916, 235.842, 236.128, 235.835, 235.915, 236.093, 235.984, 235.923, 235.888, 235.901, 235.841, 235.918, 235.862, 235.944, 235.899, 235.932, 235.883, 236.48, 235.873, 236.007, 235.837, 235.925, 235.869, 235.852, 235.864, 236.082, 235.867, 235.839, 235.921, 235.831, 235.971, 235.841, 
Running Threadpool implementation with double the amount of partitions than threads
Time to set up datastructures: 7341.38ms
377.651, 372.637, 372.958, 372.391, 372.33, 372.008, 378.141, 372.538, 372.282, 372.325, 372.101, 372.142, 372.048, 372.272, 372.008, 372.233, 371.802, 371.9, 378.289, 372.486, 372.238, 372.309, 372.341, 372.123, 378.279, 372.752, 372.477, 372.531, 371.966, 371.992, 378.15, 375.19, 371.753, 372.875, 372.63, 372.448, 372.59, 372.206, 372.117, 372.027, 371.953, 372.087, 371.897, 373.362, 372.663, 372.448, 372.448, 379.349, 372.404, 372.465, 372.156, 372.255, 372.704, 378.852, 375.119, 372.59, 372.288, 372.574, 372.359, 373.274, 372.743, 374.715, 372.993, 372.709, 380.023, 373.33, 373.168, 372.871, 372.829, 372.359, 372.294, 377.574, 379.782, 374.775, 374.419, 372.611, 376.924, 372.249, 372.115, 373.719, 375.796, 373.972, 372.512, 372.161, 374.317, 372.667, 372.383, 378.925, 373.103, 372.587, 372.204, 371.911, 372.031, 377.854, 372.667, 372.457, 372.193, 372.203, 378.078, 377.679, 
Time to set up datastructures: 7358.61ms
293.222, 293.258, 297.416, 297.379, 295.505, 294.17, 293.667, 293.45, 293.585, 293.53, 293.506, 304.068, 313.822, 300.095, 303.552, 293.711, 293.76, 293.166, 293.455, 294.075, 293.116, 293.53, 293.271, 293.62, 293.141, 293.531, 293.484, 293.269, 302.414, 293.771, 293.591, 293.08, 294.051, 293.552, 293.243, 293.537, 293.079, 293.681, 293.383, 293.211, 293.537, 293.575, 293.591, 293.275, 293.348, 293.352, 294.405, 293.478, 293.3, 293.251, 293.304, 293.08, 293.876, 293.239, 293.452, 293.237, 293.2, 293.347, 293.085, 293.308, 293.761, 298.641, 297.441, 293.403, 293.4, 293.231, 293.703, 296.837, 293.338, 293.555, 293.271, 293.614, 293.282, 294.185, 293.418, 293.392, 293.395, 293.361, 293.706, 293.3, 293.84, 293.65, 293.359, 293.31, 293.516, 299.213, 293.863, 294.112, 293.481, 293.353, 293.587, 299.637, 293.325, 293.132, 293.501, 294.023, 293.264, 293.176, 293.681, 298.705, 
Time to set up datastructures: 7334.46ms
271.927, 271.793, 272.229, 271.944, 271.983, 272.092, 272.037, 273.401, 271.583, 271.896, 271.757, 271.93, 271.801, 271.819, 271.788, 271.698, 271.712, 271.948, 271.757, 271.982, 271.938, 271.984, 271.74, 271.558, 271.698, 271.878, 271.697, 271.808, 271.764, 271.832, 271.897, 271.58, 271.791, 271.725, 271.817, 271.778, 271.973, 272.078, 271.598, 271.962, 271.675, 271.749, 271.927, 273.714, 273.682, 272.462, 272.731, 271.873, 271.745, 272.103, 271.728, 272.073, 273.62, 271.709, 271.798, 271.81, 271.88, 271.948, 271.846, 271.92, 271.672, 271.677, 274.014, 273.79, 271.824, 272.258, 271.806, 271.646, 271.587, 271.777, 271.932, 271.839, 271.892, 271.841, 271.94, 271.735, 271.832, 271.817, 271.808, 271.818, 271.946, 271.888, 271.819, 271.805, 271.779, 271.964, 271.806, 271.647, 271.761, 271.862, 271.869, 271.84, 272.526, 271.824, 272.062, 271.937, 271.931, 271.571, 271.772, 273.786, 
Time to set up datastructures: 7325.35ms
259.545, 259.602, 260.625, 259.736, 259.463, 259.547, 261.233, 259.576, 259.562, 260.505, 259.684, 259.801, 259.567, 259.551, 259.55, 259.6, 259.565, 259.651, 259.507, 259.409, 259.589, 260.442, 259.567, 259.411, 260.5, 260.842, 260.7, 260.154, 259.75, 259.648, 259.55, 259.41, 261.135, 260.514, 260.589, 260.3, 259.759, 259.494, 259.557, 259.534, 259.536, 259.571, 260.694, 259.699, 259.712, 259.636, 259.584, 259.596, 259.777, 259.613, 259.478, 259.617, 259.549, 259.537, 259.483, 260.684, 260.224, 260.46, 259.715, 259.895, 264.38, 260.097, 259.561, 259.713, 259.423, 260.43, 259.473, 259.694, 259.643, 259.526, 259.502, 259.555, 259.52, 259.506, 259.443, 259.59, 260.941, 259.437, 259.601, 260.773, 259.608, 259.441, 259.844, 260.967, 259.706, 259.629, 259.563, 259.487, 259.578, 259.488, 259.676, 259.567, 259.54, 259.478, 261.893, 259.492, 259.461, 259.598, 259.526, 260.681, 
Time to set up datastructures: 7316.45ms
251.486, 251.603, 251.608, 251.499, 252.795, 252.511, 251.676, 251.55, 251.523, 251.518, 251.478, 251.455, 251.438, 251.554, 251.458, 251.484, 251.435, 252.281, 252.273, 251.657, 251.458, 251.504, 251.534, 251.525, 251.506, 251.529, 251.558, 251.55, 251.497, 252.444, 251.576, 251.532, 251.364, 251.503, 251.557, 251.486, 251.573, 251.431, 251.51, 252.436, 251.648, 251.467, 251.54, 251.619, 251.581, 251.474, 252.981, 251.612, 251.426, 251.696, 251.521, 251.555, 251.372, 252.436, 251.55, 251.896, 252.383, 251.541, 251.457, 251.46, 251.371, 251.668, 251.577, 251.521, 251.455, 251.663, 252.108, 251.599, 251.613, 251.507, 251.565, 251.443, 251.705, 251.871, 251.583, 251.543, 251.618, 252.544, 251.783, 251.736, 251.535, 251.673, 251.497, 251.396, 251.474, 251.535, 251.601, 251.571, 251.552, 252.269, 251.569, 251.481, 251.527, 251.439, 251.587, 251.524, 251.53, 251.521, 251.497, 252.459, 
Time to set up datastructures: 7320.5ms
245.09, 245.115, 245.191, 245.2, 245.21, 245.231, 245.354, 245.701, 245.804, 246.44, 245.254, 245.11, 245.152, 246.483, 246.252, 245.191, 245.266, 245.122, 245.165, 245.181, 245.561, 245.203, 245.133, 245.143, 245.138, 245.104, 245.079, 245.325, 245.04, 245.134, 245.685, 245.227, 245.142, 245.653, 245.212, 245.214, 245.087, 245.129, 245.182, 245.115, 245.106, 245.051, 245.514, 245.142, 245.165, 245.073, 245.762, 245.3, 245.145, 245.711, 245.118, 245.116, 245.677, 245.109, 246.69, 245.138, 245.138, 245.71, 245.159, 245.124, 246.161, 245.386, 245.093, 245.177, 252.134, 253.234, 245.837, 245.166, 245.504, 245.117, 245.284, 245.104, 245.135, 245.735, 245.114, 245.122, 245.714, 245.615, 245.147, 245.122, 245.127, 245.194, 245.613, 245.192, 245.568, 245.818, 245.225, 245.178, 245.154, 249.314, 245.195, 245.917, 245.255, 245.166, 248.993, 251.115, 245.109, 245.245, 245.075, 245.662, 
Time to set up datastructures: 7508.17ms
243.101, 242.273, 242.126, 242.133, 242.212, 242.162, 242.325, 242.269, 242.225, 242.295, 242.268, 242.229, 242.13, 242.099, 242.109, 242.239, 242.786, 242.312, 242.118, 242.123, 242.233, 242.169, 242.214, 243.594, 242.282, 242.199, 242.57, 242.362, 242.145, 242.171, 242.261, 242.398, 242.25, 243.631, 242.192, 242.205, 242.602, 242.317, 242.366, 242.204, 242.26, 242.282, 242.185, 242.332, 242.247, 242.264, 242.224, 242.212, 242.194, 242.245, 242.662, 251.027, 251.769, 251.965, 251.846, 251.164, 251.9, 252.138, 250.965, 251.418, 250.725, 255.104, 253.576, 249.263, 249.697, 249.333, 242.582, 242.412, 242.461, 242.409, 242.366, 242.628, 242.445, 242.534, 242.585, 242.639, 242.548, 242.468, 242.486, 242.505, 242.515, 242.525, 242.556, 242.562, 242.532, 242.478, 242.583, 242.539, 242.382, 242.484, 242.635, 242.467, 242.7, 242.55, 243.497, 242.462, 242.463, 242.362, 242.79, 242.574, 
Time to set up datastructures: 7370.08ms
241.12, 240.981, 240.966, 241.007, 241.312, 241.059, 240.912, 241.144, 241.022, 240.98, 241, 241.074, 241.068, 241.009, 241.03, 241.099, 241.01, 244.176, 240.868, 240.978, 241.139, 241.103, 241.283, 241.208, 241.116, 241.642, 241.024, 240.892, 241.047, 240.818, 240.838, 240.92, 240.915, 241.366, 241.033, 240.912, 240.858, 241.257, 240.921, 240.917, 240.964, 247.595, 243.74, 240.879, 240.915, 240.902, 240.912, 240.877, 241.45, 240.933, 241.095, 245.284, 248.709, 248.866, 241.065, 240.884, 241.3, 244.169, 264.001, 257.704, 241.797, 241.21, 241.599, 252.152, 241.096, 241.147, 241.164, 241.12, 242.038, 241.215, 241.414, 241.284, 241.242, 241.441, 241.246, 241.207, 241.216, 241.329, 241.058, 241.04, 241.267, 241.197, 241.182, 241.49, 241.134, 241.363, 241.033, 241.136, 241.108, 243.17, 241.374, 241.189, 241.123, 241.027, 241.161, 241.378, 241.068, 241.15, 241.479, 241.152, 
Time to set up datastructures: 7341.18ms
240.137, 239.971, 240.36, 240.009, 240.066, 240.304, 240.118, 240.277, 240.246, 240.033, 239.944, 239.941, 239.958, 239.982, 239.971, 239.997, 240.069, 240.046, 239.944, 240.011, 239.995, 239.901, 240.062, 240.076, 239.978, 240.34, 239.946, 240.031, 240.004, 239.939, 243.092, 263.12, 259.224, 260.711, 258.481, 257.813, 243.281, 240.141, 240.137, 240.316, 239.986, 240.359, 240.168, 240.199, 240.211, 240.04, 240.122, 240.063, 240.435, 240.381, 240.079, 240.16, 240.207, 240.394, 240.037, 240.081, 240.227, 240.442, 240.335, 240.235, 240.068, 240.123, 240.134, 240.103, 240.271, 240.105, 240.169, 240.182, 240.134, 240.355, 240.388, 240.076, 252.135, 253.228, 240.85, 240.481, 240.259, 240.228, 240.236, 240.087, 240.123, 240.22, 240.075, 240.653, 240.038, 240.185, 240.028, 240.006, 240.031, 240.098, 239.995, 244.933, 240.33, 240.395, 240.277, 240.242, 240.5, 240.309, 240.553, 240.396, 
Time to set up datastructures: 7350.88ms
239.446, 239.631, 239.268, 239.165, 239.276, 239.324, 239.515, 239.507, 239.49, 240.24, 239.463, 239.356, 239.329, 239.397, 239.814, 239.299, 239.692, 239.355, 239.521, 239.365, 251.278, 241.814, 239.587, 239.467, 239.307, 239.328, 239.853, 239.796, 239.424, 239.176, 239.205, 239.302, 239.698, 239.492, 239.242, 239.487, 239.059, 239.426, 239.204, 239.297, 239.548, 239.136, 239.479, 239.725, 239.389, 239.072, 239.732, 239.565, 239.155, 239.517, 239.405, 239.437, 239.191, 239.062, 239.547, 239.273, 239.455, 239.097, 239.123, 241.513, 240.007, 239.222, 239.133, 239.33, 239.473, 239.238, 239.616, 239.243, 239.363, 239.452, 239.132, 239.146, 239.083, 239.345, 239.036, 239.185, 239.085, 240.217, 240.039, 239.658, 240.093, 240.984, 240.421, 239.883, 239.56, 240.17, 239.809, 239.436, 239.622, 239.808, 239.656, 239.911, 239.719, 239.837, 241.475, 239.53, 239.885, 239.443, 242.21, 241.425, 
Time to set up datastructures: 7388.88ms
239.64, 239.586, 239.476, 239.6, 239.688, 239.687, 239.669, 239.623, 239.621, 239.65, 240.646, 239.9, 239.662, 239.646, 239.851, 241.155, 239.81, 240.305, 239.77, 239.658, 239.626, 239.713, 239.738, 240.637, 239.889, 239.863, 239.703, 239.448, 239.677, 239.699, 239.777, 240.026, 239.681, 239.908, 239.667, 239.783, 239.606, 239.693, 239.759, 239.726, 239.78, 239.767, 239.895, 239.678, 239.537, 239.795, 239.73, 239.757, 239.817, 240.243, 239.735, 239.631, 239.588, 239.528, 239.707, 239.634, 239.823, 239.659, 239.792, 239.797, 239.748, 239.423, 239.705, 239.899, 239.714, 239.815, 239.722, 239.701, 239.707, 239.519, 239.935, 239.727, 239.776, 239.776, 239.742, 239.782, 240.944, 239.744, 239.982, 239.66, 239.642, 239.957, 239.727, 239.761, 239.642, 239.81, 239.941, 239.878, 239.818, 240.013, 240.037, 241.291, 239.944, 239.883, 239.857, 239.852, 239.708, 239.987, 240.067, 239.748, 
Time to set up datastructures: 7422.39ms
237.055, 236.984, 238.058, 237.525, 236.986, 236.988, 237.143, 237.025, 237.056, 236.958, 237.346, 237.178, 237.027, 236.957, 237.072, 237.078, 237.103, 236.971, 237.018, 237.11, 236.969, 237.067, 237.062, 237.163, 236.961, 237.16, 236.988, 237.006, 237.066, 237.196, 237.034, 237.036, 236.965, 237.052, 237.038, 237.105, 236.979, 237.004, 236.973, 236.988, 237.265, 236.982, 236.964, 236.969, 237.528, 237.077, 237.338, 237.031, 237.259, 237.068, 237.041, 236.998, 237.073, 237.078, 238.086, 236.961, 237.054, 237.233, 236.976, 237.055, 237.14, 237.142, 237.272, 237.003, 236.96, 237.214, 237.038, 237.063, 237.024, 237.076, 237.232, 237.089, 237.169, 237.032, 237.023, 236.991, 237.213, 237.008, 237.257, 236.96, 237.01, 237.03, 237.075, 237.13, 237.103, 237.001, 237.038, 237.204, 237.201, 236.978, 236.964, 237.067, 236.904, 236.918, 236.916, 237.359, 237.162, 237.085, 237.182, 237.14, 
Time to set up datastructures: 7391.88ms
241.071, 243.987, 244.241, 256.435, 250.442, 250.486, 244.466, 243.668, 246.054, 249.212, 249.119, 244.883, 241.19, 244.006, 245.932, 256.004, 251.383, 250.166, 243.911, 244.247, 246.587, 252.393, 248.433, 243.91, 241.993, 244.612, 248.09, 249.957, 249.578, 249.581, 249.736, 250.157, 249.43, 246.135, 241.246, 241.362, 239.144, 236.073, 236.006, 236.07, 236.04, 236.023, 235.957, 235.979, 236.083, 236.626, 235.967, 236.055, 236.044, 236.004, 236.056, 235.935, 236.353, 235.982, 236.046, 235.921, 236.655, 237.767, 236.214, 235.982, 236.287, 236.166, 236.24, 236.547, 236.007, 236.137, 236.055, 235.99, 235.985, 236.074, 235.978, 235.975, 235.918, 236.113, 236.06, 236.041, 236.725, 240.532, 242.105, 242.132, 240.866, 241.652, 242.343, 240.762, 243.29, 236.093, 236.064, 235.956, 235.994, 235.928, 236.125, 236.057, 236.027, 235.96, 236.052, 235.988, 235.958, 235.988, 236.065, 236.01, 
Running CRSMerge implementation
Time to set up datastructures: 10040.5ms
357.888, 357.328, 357.1, 357.145, 357.128, 357.403, 357.1, 357.196, 357.129, 357.102, 357.334, 357.511, 357.189, 357.311, 357.049, 357.134, 357.292, 357.029, 357.369, 357.443, 357.098, 357.061, 357.445, 357.055, 357.098, 357.113, 357.087, 357.301, 357.02, 357.445, 357.204, 357.08, 357.063, 357.255, 357.381, 357.2, 357.3, 357.117, 357.301, 357.093, 357.135, 357.482, 357.104, 357.189, 357.374, 357.295, 357.339, 357.137, 357.197, 357.117, 357.155, 357.225, 357.196, 357.042, 357.076, 357.168, 357.369, 357.105, 357.144, 356.945, 357.008, 357.128, 357.151, 357.232, 357.162, 357.101, 357.14, 357.412, 357.257, 357.219, 357.107, 357.154, 357.231, 357.71, 357.307, 357.734, 357.739, 357.66, 358.188, 357.278, 357.351, 357.427, 357.381, 357.524, 357.22, 357.342, 357.415, 357.142, 357.355, 357.821, 357.586, 357.434, 357.939, 357.513, 357.933, 357.872, 357.438, 357.324, 357.451, 357.911, 
Time to set up datastructures: 8427.52ms
285.016, 285.048, 285.979, 285.356, 285.085, 285.032, 285.283, 285.228, 285.071, 285.745, 285.048, 285.355, 285.027, 285.147, 285.288, 285.23, 285.539, 285.644, 285.138, 285, 285.758, 285.092, 285.546, 285.55, 285.616, 285.024, 285.341, 285.006, 284.99, 285.164, 285.965, 285.347, 285.216, 285.163, 285.238, 284.908, 285.21, 286.186, 284.938, 285.004, 285.003, 285.291, 285.313, 285.092, 285.903, 285.739, 285.142, 284.909, 285.029, 284.985, 285.093, 285.556, 285.208, 285.196, 285.414, 286.243, 285.682, 286.241, 286.505, 286.1, 285.858, 286.133, 285.999, 285.368, 286.03, 286.21, 286.586, 285.663, 286.437, 285.786, 286.308, 285.566, 286.122, 286.637, 286.19, 286.227, 285.903, 285.534, 286.073, 286.489, 286.018, 285.846, 285.296, 285.398, 286.57, 285.96, 286.166, 286.171, 286.368, 284.93, 285.054, 285.121, 285.058, 285.368, 285.564, 285.117, 285.123, 285.077, 285.028, 284.949, 
Time to set up datastructures: 12988.2ms
266.01, 266.087, 265.881, 265.977, 266.009, 266.064, 265.935, 265.977, 266.327, 265.759, 266.053, 266.043, 266.087, 265.941, 266.011, 265.985, 267.421, 265.884, 266.023, 265.936, 266.028, 266.028, 265.855, 266.022, 266.024, 265.796, 266.134, 266.315, 266.105, 266.422, 266.218, 266.396, 266.042, 266.147, 266.137, 266.143, 266.213, 266.28, 266.099, 266.177, 266.068, 266.117, 266.241, 266.12, 266.091, 266.092, 266.31, 265.862, 266.176, 266.199, 266.346, 266.212, 266.199, 266.163, 266.299, 266.098, 266.327, 265.967, 266.026, 266.293, 266.249, 266.403, 265.878, 266.167, 266.083, 266.098, 266.008, 266.043, 266.061, 266.042, 265.787, 266.015, 265.992, 265.975, 266.036, 265.897, 266.14, 265.964, 265.876, 265.918, 265.942, 265.977, 265.975, 266.028, 266.054, 265.996, 265.95, 266.053, 265.938, 266.112, 265.933, 266.166, 266.085, 265.942, 266.043, 266.021, 266.011, 266.058, 266.165, 265.965, 
Time to set up datastructures: 12196.1ms
254.287, 254.314, 254.451, 254.267, 254.315, 254.372, 254.428, 254.604, 254.401, 254.513, 254.6, 254.53, 254.498, 254.555, 254.453, 254.463, 254.5, 254.395, 254.585, 254.536, 254.422, 254.565, 254.422, 254.39, 254.317, 254.423, 254.596, 254.521, 254.559, 254.513, 254.449, 254.374, 254.375, 254.487, 254.546, 254.595, 254.444, 254.327, 254.441, 254.493, 254.486, 254.371, 254.59, 254.36, 254.614, 254.456, 254.325, 254.308, 254.242, 254.383, 254.788, 254.31, 254.467, 254.221, 254.313, 254.372, 254.283, 254.4, 254.421, 254.369, 254.375, 254.317, 254.382, 254.313, 254.29, 254.428, 254.3, 254.397, 254.416, 254.273, 254.263, 254.33, 254.285, 254.444, 254.287, 254.4, 254.246, 254.583, 254.277, 254.318, 254.331, 254.39, 254.289, 254.355, 254.415, 254.27, 254.309, 254.28, 254.331, 255.789, 254.326, 254.346, 254.452, 254.29, 254.478, 254.381, 254.34, 254.45, 254.251, 254.411, 
Time to set up datastructures: 13236.3ms
246.635, 246.585, 246.793, 246.725, 246.733, 246.867, 246.593, 246.762, 246.826, 246.783, 246.698, 246.759, 246.835, 246.729, 246.782, 246.768, 246.694, 246.707, 246.626, 246.584, 246.797, 246.856, 246.729, 246.678, 246.656, 246.782, 246.536, 246.561, 246.557, 246.671, 246.528, 246.602, 246.553, 246.729, 246.618, 246.452, 246.542, 246.629, 246.633, 246.513, 246.581, 246.951, 246.647, 246.507, 246.496, 246.51, 246.526, 246.512, 246.639, 246.562, 246.627, 246.56, 246.515, 246.539, 246.692, 246.519, 246.533, 246.577, 246.505, 246.509, 246.562, 246.562, 246.612, 246.496, 246.58, 246.491, 246.588, 246.535, 246.561, 246.488, 246.774, 246.684, 246.616, 246.569, 246.556, 246.508, 246.543, 246.554, 246.565, 246.556, 246.484, 246.619, 246.597, 246.546, 246.586, 246.472, 246.748, 246.524, 246.483, 246.689, 246.576, 246.552, 246.581, 246.492, 246.759, 246.517, 246.555, 246.666, 246.58, 246.622, 
Time to set up datastructures: 13781.3ms
242.822, 243.879, 242.464, 242.528, 242.445, 242.431, 242.562, 242.293, 242.31, 242.468, 242.337, 242.386, 242.29, 242.273, 242.392, 242.45, 242.373, 242.553, 242.288, 242.304, 242.261, 242.251, 242.347, 242.295, 242.289, 242.315, 242.307, 242.383, 242.316, 242.438, 242.311, 242.31, 242.244, 242.331, 242.621, 242.366, 242.39, 242.329, 242.274, 242.403, 242.342, 242.326, 242.378, 242.254, 242.46, 242.253, 242.294, 242.332, 242.285, 242.344, 253.302, 244.93, 242.338, 242.233, 242.525, 242.367, 242.239, 242.406, 242.477, 242.33, 242.303, 242.385, 242.293, 242.309, 242.334, 247.078, 242.543, 242.413, 242.284, 242.306, 242.27, 242.372, 242.384, 242.374, 242.38, 242.399, 242.32, 242.299, 242.301, 242.329, 242.377, 242.264, 242.239, 242.484, 242.335, 242.292, 242.399, 242.268, 242.309, 242.38, 242.334, 242.393, 242.302, 242.285, 242.294, 242.266, 242.455, 242.382, 242.221, 242.463, 
Time to set up datastructures: 13558.4ms
241.094, 241.234, 241.005, 241.033, 241.069, 241.095, 240.971, 241.092, 241.057, 241.064, 241.041, 241.046, 241.094, 241.059, 241.078, 241.199, 241.124, 241.055, 241.005, 241.006, 240.983, 241.102, 241.097, 241, 241.161, 241.081, 241.076, 241.006, 240.951, 241.06, 241.013, 241.095, 241.217, 241.021, 241.003, 241.198, 241.043, 241.108, 241.064, 241.058, 241.629, 241.047, 241.052, 241.162, 241.041, 241.087, 241.163, 241.008, 241.179, 241.075, 240.956, 241.019, 241.031, 241.009, 241.18, 241.07, 241.114, 241.175, 241.098, 241.093, 241.007, 240.974, 241.086, 241.024, 241.056, 241.274, 241.054, 241.084, 240.979, 241.432, 241.052, 241.098, 241.065, 241.082, 241.06, 241.061, 241.123, 241.157, 241.044, 241.072, 241.013, 241.788, 242.183, 241.049, 241.216, 240.919, 241.128, 241.422, 241.048, 241.058, 241.064, 241.092, 241.121, 241.025, 241.015, 241.372, 241.162, 241.132, 241.252, 241.084, 
Time to set up datastructures: 13724.1ms
240.259, 240.346, 240.437, 240.394, 240.469, 240.381, 240.378, 240.425, 240.259, 240.485, 240.521, 240.317, 240.364, 240.418, 240.339, 240.315, 240.332, 240.278, 240.229, 240.376, 240.297, 240.355, 240.386, 240.365, 240.343, 240.492, 240.265, 240.333, 240.336, 240.373, 240.502, 240.315, 240.346, 240.503, 240.342, 240.321, 240.266, 240.679, 240.417, 240.327, 240.374, 240.447, 240.264, 240.304, 240.35, 240.286, 240.492, 240.514, 240.3, 240.313, 240.328, 240.214, 240.332, 240.315, 240.417, 240.363, 240.354, 240.289, 240.255, 240.213, 240.391, 240.328, 240.313, 240.529, 240.305, 240.407, 240.281, 240.322, 240.242, 240.408, 240.353, 240.309, 240.421, 240.404, 240.333, 240.372, 240.232, 240.287, 240.275, 240.367, 240.507, 240.34, 240.355, 240.294, 240.297, 240.306, 240.907, 240.281, 240.757, 240.343, 240.633, 240.542, 240.485, 240.512, 240.692, 240.522, 240.654, 240.573, 240.437, 240.466, 
Time to set up datastructures: 13526.2ms
239.395, 239.751, 239.435, 239.398, 239.528, 239.501, 239.442, 239.489, 239.354, 239.421, 239.419, 239.401, 239.607, 239.687, 239.552, 239.393, 239.395, 239.344, 239.532, 239.44, 239.386, 239.614, 239.684, 239.475, 239.382, 239.395, 239.36, 239.415, 239.393, 239.644, 239.637, 239.528, 239.45, 239.421, 239.396, 239.441, 239.416, 239.392, 239.604, 239.421, 239.652, 239.387, 239.448, 239.452, 239.385, 239.557, 239.916, 239.523, 239.439, 239.445, 239.622, 239.341, 239.442, 239.45, 239.442, 239.616, 239.742, 239.483, 239.861, 239.377, 239.458, 239.359, 239.625, 239.77, 239.465, 239.51, 239.461, 239.627, 239.38, 239.416, 239.352, 239.535, 239.478, 239.478, 239.7, 239.503, 239.473, 239.43, 239.521, 239.804, 239.726, 239.591, 239.889, 239.541, 239.594, 239.69, 240.085, 239.611, 239.862, 239.614, 239.612, 239.607, 239.741, 239.519, 239.518, 239.471, 239.721, 239.673, 239.623, 239.535, 
Time to set up datastructures: 13601.6ms
238.763, 238.667, 238.513, 238.491, 238.893, 238.676, 238.672, 238.5, 238.71, 238.615, 238.509, 238.816, 238.916, 238.68, 238.584, 238.505, 238.509, 238.517, 238.644, 238.527, 238.534, 238.816, 238.695, 238.473, 238.544, 238.472, 238.754, 238.528, 238.928, 238.819, 238.596, 238.677, 239.094, 238.475, 238.573, 238.594, 238.458, 239.555, 238.904, 239.298, 238.603, 238.461, 238.602, 238.602, 238.501, 238.971, 239.7, 238.816, 238.527, 238.531, 238.483, 238.645, 238.657, 238.763, 238.926, 238.845, 238.745, 238.51, 238.481, 238.593, 238.58, 238.598, 238.897, 238.869, 238.743, 238.561, 239.443, 238.516, 238.57, 238.543, 238.49, 238.719, 238.988, 238.915, 238.819, 239.011, 238.694, 238.575, 239.651, 239.79, 238.815, 239.226, 238.593, 238.572, 239.042, 238.878, 238.517, 238.578, 238.875, 238.7, 238.59, 238.69, 238.476, 238.67, 238.826, 239.032, 238.793, 238.809, 238.66, 238.538, 
Time to set up datastructures: 13671ms
239.208, 239.175, 238.986, 239.132, 239.15, 239.086, 239.056, 239.112, 239.065, 239.088, 239.09, 239.183, 239.2, 239.127, 239.061, 239.051, 239.106, 239.095, 238.991, 239.109, 239.083, 239.197, 239.117, 239.215, 239.031, 239.09, 239.101, 239.105, 239.17, 239.108, 239.142, 239.226, 239.473, 239.066, 239.121, 239.093, 238.985, 239.196, 239.55, 239.128, 239.03, 239.229, 239.114, 239.025, 239.194, 239.191, 239.218, 239.044, 239.065, 239.051, 238.965, 239.146, 238.976, 239.067, 239.096, 239.212, 238.979, 239.06, 239.027, 239.155, 239.101, 239.155, 239.167, 239.11, 239.112, 239.102, 238.993, 239.022, 239.107, 239.019, 239.078, 239.173, 239.179, 239.1, 238.985, 239.059, 239.009, 239.061, 239.11, 239.128, 239.201, 239.052, 239.047, 239.032, 239.164, 238.977, 239.397, 239.206, 239.101, 239.057, 238.986, 239.033, 239.094, 239.105, 239.109, 239.159, 239.125, 239.18, 238.913, 239.029, 
Time to set up datastructures: 13025.9ms
236.455, 236.804, 236.377, 236.361, 236.33, 236.386, 236.507, 236.415, 236.365, 236.414, 236.706, 236.433, 236.412, 236.431, 236.457, 236.375, 236.363, 236.475, 236.367, 236.375, 236.35, 236.322, 236.383, 236.493, 236.393, 236.386, 236.412, 236.369, 236.407, 236.4, 236.373, 236.452, 236.414, 236.469, 236.387, 236.321, 236.379, 236.367, 236.275, 236.397, 236.868, 236.576, 236.366, 236.402, 236.409, 236.366, 236.636, 236.377, 236.422, 236.439, 236.492, 236.464, 236.308, 236.387, 236.428, 236.414, 236.425, 236.481, 236.376, 236.304, 236.35, 236.299, 236.435, 236.588, 236.369, 236.427, 236.423, 236.401, 236.397, 236.366, 236.387, 236.358, 236.291, 236.376, 236.459, 236.428, 236.363, 236.38, 236.374, 236.401, 236.392, 236.412, 236.437, 236.489, 236.448, 236.397, 236.474, 236.669, 236.42, 236.31, 236.387, 236.484, 236.374, 236.531, 236.368, 236.345, 236.448, 236.408, 236.414, 236.387, 
Time to set up datastructures: 13547.4ms
235.462, 235.419, 235.519, 235.529, 235.446, 235.44, 235.42, 235.482, 235.424, 235.455, 235.384, 235.468, 235.503, 235.47, 235.366, 235.55, 235.431, 235.412, 235.455, 235.391, 235.458, 235.403, 235.381, 235.593, 235.52, 235.442, 235.463, 235.4, 235.402, 235.438, 235.504, 235.385, 235.5, 235.423, 235.605, 235.476, 235.453, 235.435, 235.424, 236.014, 235.434, 235.531, 235.522, 235.417, 235.422, 235.49, 235.435, 235.535, 235.79, 235.533, 235.496, 235.401, 235.427, 235.402, 235.436, 235.559, 235.387, 235.463, 235.464, 235.532, 235.417, 235.384, 235.43, 235.49, 235.572, 235.391, 235.489, 235.472, 235.917, 235.437, 235.398, 235.471, 235.473, 235.367, 235.423, 235.47, 235.495, 235.45, 235.424, 235.438, 235.514, 237.371, 235.452, 235.507, 235.59, 235.4, 235.433, 235.874, 235.426, 235.454, 235.428, 235.629, 235.504, 235.468, 235.346, 235.451, 235.325, 235.493, 235.48, 235.395, 
Running CSB implementation
Time to set up datastructures: 14715.1ms
340.944, 340.928, 340.803, 341.089, 340.861, 341.114, 341.023, 340.941, 340.757, 341.16, 340.895, 340.755, 340.888, 340.911, 341.05, 341.182, 340.908, 340.94, 341.15, 340.946, 341.024, 340.902, 341.021, 341.036, 341.016, 340.768, 340.837, 341.232, 341.163, 341.274, 340.899, 341.297, 341.078, 340.898, 341.013, 341.091, 340.877, 341.08, 341.098, 341.219, 340.878, 340.8, 340.947, 340.666, 341.158, 340.785, 340.929, 340.88, 340.869, 340.881, 341.527, 341.284, 341.318, 341.113, 340.828, 341.287, 341.163, 341.117, 340.783, 340.804, 340.817, 341.032, 341.137, 341.092, 340.99, 341.126, 340.927, 340.846, 340.986, 341.068, 341.145, 341.22, 340.709, 340.985, 340.875, 341.166, 341.3, 341.233, 340.939, 340.951, 341.11, 341.149, 341.145, 341.881, 340.694, 341.394, 341.187, 341.132, 340.947, 340.455, 340.735, 341.037, 340.936, 341.036, 340.786, 341.012, 340.726, 341.502, 341.047, 340.989, 
Time to set up datastructures: 14019.8ms
254.947, 254.834, 254.797, 254.965, 254.736, 254.732, 254.717, 254.693, 254.877, 255.44, 255.006, 255.073, 254.748, 254.822, 254.764, 254.733, 254.887, 254.801, 254.972, 254.856, 254.702, 255.578, 258.258, 254.649, 255.12, 255.227, 254.906, 255.256, 254.815, 254.656, 254.831, 255.867, 254.944, 254.831, 255.068, 254.929, 254.98, 254.947, 254.712, 255.179, 256.553, 254.875, 255.276, 255.096, 254.786, 254.737, 254.754, 254.709, 254.999, 254.848, 255.059, 254.885, 254.833, 254.848, 254.626, 254.831, 255.39, 254.925, 255.028, 254.878, 258.353, 254.666, 254.632, 255.224, 254.88, 255.098, 255.014, 255.379, 254.803, 255.033, 254.657, 255.063, 255.404, 255.314, 255.991, 254.919, 254.645, 254.736, 254.58, 254.825, 255.013, 255.146, 254.771, 254.75, 255.016, 254.697, 254.752, 255.422, 254.803, 255.216, 254.757, 254.762, 254.657, 254.733, 254.774, 254.816, 254.715, 255.442, 254.971, 254.9, 
Time to set up datastructures: 16663.2ms
217.12, 217.062, 217.029, 217.078, 216.964, 217.007, 216.932, 217.061, 218.154, 216.941, 216.81, 217.219, 217.026, 216.977, 216.901, 216.998, 216.982, 216.997, 216.917, 216.94, 216.864, 217.02, 216.881, 217.235, 216.926, 217.03, 217.139, 216.921, 217.013, 216.932, 217.038, 216.96, 216.957, 216.997, 216.904, 216.951, 217.093, 217.047, 216.989, 216.926, 216.919, 216.907, 216.944, 216.898, 217.03, 216.969, 217.372, 216.736, 217.068, 217.043, 216.928, 217.033, 216.915, 216.917, 216.959, 217.002, 217.047, 217.048, 217.026, 216.984, 217.04, 216.949, 216.85, 217.278, 216.901, 217.561, 216.921, 217.004, 217.025, 217.073, 216.985, 217.051, 216.928, 216.894, 217.075, 216.817, 216.925, 217.033, 217.113, 216.913, 216.86, 217.123, 217.021, 216.972, 216.983, 216.728, 217.089, 216.979, 217.04, 217.024, 217.122, 216.947, 216.994, 217.028, 216.875, 217.083, 217.029, 216.977, 216.925, 216.97, 
Time to set up datastructures: 17627.5ms
195.792, 195.937, 195.885, 195.86, 196.024, 195.943, 195.941, 195.915, 195.926, 195.848, 195.808, 196.128, 195.966, 195.931, 196.004, 195.825, 195.911, 195.792, 195.968, 195.817, 195.926, 195.966, 195.974, 195.913, 195.931, 195.945, 195.912, 195.901, 195.9, 195.864, 195.769, 195.835, 195.88, 195.843, 195.996, 195.979, 196.078, 195.848, 195.854, 195.801, 195.889, 196.01, 196.045, 195.836, 195.998, 196.057, 196.069, 195.897, 195.91, 195.894, 195.794, 195.837, 196.249, 195.631, 195.669, 195.737, 195.605, 195.65, 196.622, 195.851, 195.528, 195.499, 195.629, 195.879, 195.621, 195.558, 195.505, 195.583, 195.544, 195.582, 195.64, 195.63, 195.656, 195.609, 195.616, 195.723, 195.642, 195.579, 195.63, 195.597, 195.505, 195.499, 195.602, 195.615, 195.544, 195.661, 195.801, 195.899, 195.658, 195.755, 195.767, 195.809, 195.575, 195.509, 195.638, 195.652, 195.646, 195.641, 195.655, 195.479, 
Time to set up datastructures: 18637.2ms
182.323, 182.489, 182.55, 182.539, 182.513, 182.528, 182.456, 182.64, 182.387, 182.645, 182.393, 182.482, 182.683, 182.544, 182.493, 182.466, 182.635, 182.464, 182.616, 182.465, 182.642, 182.643, 182.497, 182.394, 182.544, 182.506, 182.548, 182.434, 182.39, 182.502, 182.491, 182.554, 182.315, 182.501, 182.426, 182.635, 182.52, 182.53, 182.583, 182.446, 182.532, 182.348, 182.429, 182.621, 182.613, 182.578, 182.65, 182.783, 182.548, 182.629, 182.503, 182.798, 182.522, 182.481, 182.634, 182.375, 182.539, 182.621, 182.469, 182.565, 182.552, 182.562, 182.591, 182.517, 182.428, 182.675, 182.507, 182.484, 182.527, 182.479, 182.529, 182.66, 182.557, 182.548, 182.569, 182.514, 182.548, 182.487, 182.576, 182.514, 182.5, 182.464, 182.579, 182.562, 182.523, 182.428, 182.483, 182.607, 182.537, 182.688, 182.606, 182.535, 182.552, 181.998, 182.117, 182.042, 181.987, 181.945, 182.091, 182.056, 
Time to set up datastructures: 19329.7ms
174.156, 174.155, 175.335, 173.671, 173.885, 173.845, 173.714, 173.824, 173.758, 173.911, 173.846, 173.7, 173.638, 173.718, 173.644, 173.658, 173.829, 173.849, 173.678, 173.657, 173.817, 173.7, 173.796, 173.72, 173.707, 173.858, 173.777, 173.864, 173.727, 173.77, 173.83, 173.812, 173.799, 173.931, 173.859, 173.806, 173.783, 173.828, 173.89, 173.908, 173.86, 173.856, 173.831, 173.768, 173.828, 173.88, 173.802, 173.897, 173.851, 173.793, 173.95, 173.966, 173.946, 174.023, 173.962, 174.079, 174.245, 174.147, 174.024, 174.145, 174.026, 174.479, 174.094, 174.204, 174.075, 174.028, 174.08, 174.181, 174.109, 174.087, 174.358, 174.225, 174.099, 174.18, 174.181, 174.024, 174.171, 174.115, 174.22, 174.231, 174.189, 174.14, 174.066, 174.18, 174.156, 174.161, 174.22, 174.164, 174.145, 174.274, 174.062, 174.144, 174.112, 174.137, 174.241, 174.1, 174.244, 174.176, 174.121, 174.232, 
Time to set up datastructures: 19182.1ms
166.556, 166.635, 166.684, 166.606, 166.592, 166.639, 166.654, 166.574, 166.632, 166.513, 166.514, 166.642, 166.587, 166.785, 166.896, 166.972, 166.795, 166.821, 166.781, 166.794, 166.846, 166.829, 167.047, 166.806, 166.834, 166.88, 166.906, 166.878, 166.85, 166.888, 166.858, 166.909, 166.867, 166.86, 166.954, 166.895, 166.918, 166.852, 166.962, 166.859, 166.874, 166.896, 166.89, 166.882, 166.894, 166.874, 166.862, 166.814, 167.013, 167.027, 166.996, 166.948, 166.944, 166.963, 166.937, 166.949, 166.999, 166.853, 166.971, 166.984, 166.975, 166.962, 166.979, 166.928, 167.043, 166.931, 167.014, 166.912, 166.99, 166.887, 166.957, 167.004, 166.5, 166.545, 166.608, 166.48, 166.479, 166.462, 166.606, 166.493, 166.55, 166.458, 166.534, 166.625, 166.479, 166.613, 166.652, 166.982, 166.563, 166.484, 166.545, 166.546, 166.574, 166.497, 166.57, 166.57, 166.482, 166.586, 166.651, 166.634, 
Time to set up datastructures: 19428.6ms
162.538, 162.491, 162.59, 162.645, 162.493, 162.594, 162.61, 162.534, 162.707, 162.501, 162.515, 162.486, 162.563, 162.563, 162.585, 162.566, 162.594, 162.545, 162.576, 162.609, 162.593, 162.549, 162.484, 162.659, 162.581, 162.52, 162.548, 162.663, 162.553, 162.572, 162.504, 162.61, 162.633, 162.61, 162.722, 162.53, 162.581, 162.076, 162.087, 162.167, 170.372, 162.075, 162.24, 162.099, 162.092, 162.211, 162.184, 162.126, 162.096, 162.174, 162.115, 162.089, 162.171, 162.048, 162.205, 162.209, 162.354, 162.37, 162.42, 162.4, 162.328, 162.387, 162.385, 162.445, 162.446, 162.346, 162.399, 162.543, 162.13, 162.068, 162.069, 162.042, 162.133, 162.166, 162.126, 162.131, 162.121, 162.291, 162.074, 162.135, 162.125, 162.084, 162.135, 162.068, 162.086, 162.155, 162.213, 162.27, 162.203, 162.209, 162.057, 162.06, 162.104, 162.075, 162.12, 162.149, 162.032, 162.258, 162.276, 162.208, 
Time to set up datastructures: 18672.2ms
159.591, 159.53, 159.486, 159.576, 159.719, 159.582, 159.556, 159.628, 159.775, 159.856, 159.636, 159.522, 159.472, 159.534, 159.51, 159.495, 159.438, 159.481, 159.512, 159.608, 159.52, 159.555, 159.603, 159.508, 159.512, 160.103, 159.486, 159.485, 159.496, 159.556, 159.435, 159.485, 159.502, 159.595, 159.598, 159.571, 159.6, 159.464, 159.535, 159.531, 159.504, 159.549, 159.517, 159.561, 161.233, 159.539, 159.474, 159.594, 159.826, 159.477, 159.49, 159.503, 159.764, 159.785, 159.56, 159.496, 159.463, 159.599, 159.509, 159.502, 159.54, 159.554, 159.394, 159.552, 159.619, 159.513, 159.496, 159.66, 159.556, 159.719, 159.5, 159.489, 159.559, 159.513, 159.507, 159.465, 159.483, 159.537, 159.463, 159.528, 159.468, 159.535, 159.549, 159.661, 159.623, 159.613, 159.532, 159.481, 159.482, 159.502, 159.494, 159.528, 159.614, 159.417, 159.648, 159.893, 159.517, 159.524, 159.491, 159.538, 
Time to set up datastructures: 18884.6ms
156.195, 156.732, 156.204, 155.953, 156.028, 156.105, 156.359, 156.628, 156.037, 156.194, 155.988, 156.084, 156.171, 156.039, 156.05, 156.346, 156.068, 156.013, 156.141, 156.192, 156.424, 156.005, 156.159, 156.175, 156.026, 156.002, 156.147, 156.099, 156.064, 156.034, 156.061, 156.184, 156.184, 156.315, 156.036, 156.064, 156.045, 156.016, 156.061, 156.055, 156.267, 156.254, 156.066, 156.083, 156.303, 156.277, 156.256, 156.068, 156.073, 156.083, 156.059, 156.078, 156.02, 156.015, 155.975, 155.976, 156.097, 156.196, 156.346, 156.088, 156.073, 156.046, 156.097, 156.075, 156.043, 156.015, 156.414, 156.218, 156.034, 156.028, 156.286, 156.522, 155.988, 156.089, 155.994, 156.071, 156.099, 156.14, 156.043, 156.402, 156.574, 156.05, 156.055, 156.375, 156.473, 156.044, 156.066, 156.068, 156.146, 155.999, 156.076, 156.304, 156.683, 156.034, 156.078, 156.106, 156.113, 156.369, 155.99, 156.002, 
Time to set up datastructures: 18934ms
154.51, 154.563, 154.539, 154.575, 154.578, 154.607, 154.521, 154.501, 154.542, 154.558, 154.561, 154.516, 154.558, 154.564, 154.544, 154.55, 154.546, 154.589, 154.628, 154.559, 154.587, 154.56, 154.544, 154.567, 154.648, 154.595, 154.5, 154.505, 154.535, 154.609, 154.602, 154.637, 154.824, 154.594, 154.593, 154.596, 154.556, 154.58, 154.66, 154.579, 154.561, 154.54, 154.541, 154.575, 154.565, 154.58, 154.491, 154.537, 154.555, 154.483, 154.657, 154.524, 154.523, 154.537, 154.535, 154.551, 154.61, 154.66, 154.501, 154.558, 154.566, 154.563, 154.583, 154.556, 154.544, 154.53, 154.576, 154.589, 154.561, 154.561, 154.647, 154.567, 154.53, 154.603, 155.055, 154.551, 154.597, 154.48, 154.459, 154.524, 154.497, 154.54, 154.608, 154.616, 154.553, 154.575, 154.533, 154.577, 154.541, 154.567, 154.49, 154.55, 154.483, 154.508, 154.562, 154.676, 154.619, 154.549, 154.602, 154.543, 
Time to set up datastructures: 19384.1ms
151.822, 151.813, 151.83, 151.805, 151.945, 151.977, 151.924, 151.972, 152.028, 152.132, 152.006, 151.967, 151.937, 151.954, 151.987, 151.965, 151.958, 152.03, 152.011, 151.98, 151.99, 152.041, 152.034, 151.989, 152.03, 152.033, 152.03, 151.996, 152.067, 152.096, 152.037, 152.079, 152.033, 151.983, 152.047, 152.09, 151.968, 152.066, 152.027, 151.99, 151.995, 152.092, 152.027, 151.993, 152.126, 152.087, 151.704, 151.692, 152.475, 151.716, 151.718, 151.69, 151.693, 153.361, 151.774, 151.733, 151.756, 151.843, 151.884, 151.835, 151.798, 151.878, 151.798, 151.858, 152.095, 151.675, 151.746, 151.756, 151.648, 151.694, 151.822, 151.753, 151.71, 151.833, 151.758, 151.764, 151.79, 151.848, 151.912, 151.845, 151.875, 151.827, 151.867, 151.978, 151.993, 151.978, 151.967, 152.003, 151.985, 151.963, 151.96, 152.036, 152.001, 151.975, 152.524, 151.977, 152, 152.027, 152.057, 152.009, 
Time to set up datastructures: 19566.5ms
149.415, 149.492, 149.481, 149.504, 149.428, 149.596, 149.61, 149.546, 149.604, 149.575, 149.71, 149.574, 149.596, 149.53, 149.605, 149.697, 149.613, 149.624, 149.56, 149.557, 149.559, 149.615, 149.606, 149.648, 149.642, 149.603, 149.685, 149.587, 149.636, 149.641, 149.626, 149.647, 149.646, 149.535, 149.553, 149.59, 149.573, 149.624, 149.666, 149.573, 149.578, 149.635, 149.61, 149.62, 149.64, 149.67, 149.562, 149.619, 149.664, 149.701, 149.648, 149.655, 149.675, 149.392, 149.413, 149.448, 149.392, 149.439, 149.409, 149.47, 149.414, 149.428, 149.569, 149.573, 149.703, 149.641, 149.58, 149.807, 149.484, 149.438, 149.423, 149.446, 149.359, 149.365, 149.348, 149.332, 149.591, 149.475, 149.405, 149.389, 149.382, 149.522, 149.48, 149.442, 149.438, 149.487, 149.536, 149.425, 149.459, 149.483, 149.393, 149.37, 149.42, 149.372, 149.434, 149.45, 149.478, 149.492, 149.538, 149.5, 
Running BlockCOH implementation
Time to set up datastructures: 25227.9ms
361.448, 361.51, 361.503, 361.427, 361.381, 361.418, 361.492, 361.254, 361.213, 361.464, 361.506, 361.296, 361.623, 361.579, 361.244, 361.422, 361.283, 361.443, 361.254, 361.246, 361.632, 361.434, 361.391, 361.953, 361.964, 361.399, 361.301, 361.585, 361.587, 361.479, 361.264, 361.523, 361.41, 361.604, 361.86, 361.599, 361.525, 361.32, 361.484, 361.567, 361.461, 361.413, 361.536, 361.412, 361.475, 361.5, 361.567, 361.372, 361.747, 361.359, 361.463, 361.905, 361.322, 361.545, 361.391, 361.554, 361.543, 361.978, 361.253, 361.292, 361.488, 361.422, 361.678, 361.551, 361.332, 361.364, 361.31, 361.335, 361.592, 361.268, 361.561, 361.316, 361.464, 361.424, 361.652, 361.371, 361.689, 361.264, 361.505, 361.642, 361.072, 361.381, 361.304, 361.488, 361.256, 361.294, 361.418, 361.41, 361.357, 361.344, 361.516, 361.355, 361.444, 361.504, 361.502, 361.53, 361.279, 361.331, 361.219, 361.431, 
Time to set up datastructures: 20826.4ms
316.976, 317.252, 316.72, 316.379, 316.788, 316.496, 316.596, 316.424, 316.741, 316.534, 317.053, 316.571, 316.519, 317.193, 316.99, 316.927, 316.743, 316.839, 316.532, 316.551, 316.444, 316.902, 317.101, 317.147, 316.489, 316.553, 317.703, 316.95, 316.562, 317.047, 316.376, 316.674, 316.644, 316.859, 316.902, 316.378, 316.935, 316.559, 316.635, 317.232, 316.711, 316.754, 316.814, 316.561, 316.699, 316.612, 316.474, 316.836, 316.631, 316.462, 316.709, 317.463, 316.507, 317.16, 316.806, 316.617, 316.838, 316.414, 316.62, 316.818, 316.693, 317.47, 316.485, 316.523, 317.349, 316.537, 316.607, 316.927, 316.578, 316.824, 316.64, 316.486, 317.009, 317.013, 316.606, 316.523, 316.933, 317.585, 316.78, 316.962, 317.151, 317.374, 316.518, 316.694, 316.568, 317.39, 316.744, 317.084, 316.614, 317.488, 316.933, 316.949, 317.128, 316.596, 316.719, 316.414, 316.487, 316.732, 316.552, 316.963, 
Time to set up datastructures: 19842.5ms
304.807, 304.627, 304.9, 304.792, 304.78, 305.947, 304.608, 304.744, 304.501, 304.855, 304.917, 304.8, 304.613, 305.008, 304.422, 304.645, 305.087, 304.488, 304.888, 304.579, 304.881, 304.558, 304.701, 304.69, 304.648, 304.683, 304.836, 304.429, 304.684, 304.993, 304.764, 304.864, 304.657, 304.747, 304.665, 304.808, 304.748, 304.781, 304.623, 304.591, 305.017, 304.542, 304.726, 304.615, 305.14, 304.636, 304.911, 304.744, 304.79, 304.845, 304.696, 304.859, 304.725, 304.789, 304.497, 304.706, 304.649, 304.882, 304.509, 304.649, 304.425, 304.821, 304.739, 304.572, 304.639, 304.658, 304.792, 304.483, 304.664, 304.781, 304.909, 304.707, 304.897, 304.832, 304.556, 304.811, 304.987, 304.627, 304.527, 304.828, 304.732, 304.815, 304.713, 304.776, 304.976, 304.687, 304.693, 304.676, 304.734, 304.622, 304.594, 304.543, 304.749, 304.828, 304.461, 304.732, 304.635, 304.878, 304.708, 304.834, 
Time to set up datastructures: 19344.9ms
287.643, 287.551, 287.681, 287.587, 287.435, 287.466, 287.544, 287.625, 287.373, 287.47, 287.559, 287.542, 287.485, 287.806, 287.558, 287.635, 287.616, 287.579, 287.529, 287.541, 287.692, 287.414, 287.567, 287.383, 287.436, 287.538, 287.511, 287.517, 287.517, 288.097, 288.502, 287.552, 287.557, 287.627, 287.553, 287.719, 287.466, 287.59, 287.378, 287.51, 287.438, 287.482, 287.502, 287.776, 287.527, 287.508, 287.404, 287.661, 287.488, 287.445, 287.449, 287.516, 287.643, 287.377, 287.49, 287.453, 287.511, 287.673, 287.548, 287.542, 287.525, 287.639, 287.526, 287.463, 287.545, 287.603, 287.599, 287.587, 287.675, 287.575, 287.575, 287.64, 287.493, 287.507, 287.463, 287.557, 287.67, 287.608, 287.499, 287.448, 287.589, 287.353, 287.7, 287.496, 287.589, 287.614, 287.74, 287.531, 287.536, 287.581, 287.489, 287.492, 287.34, 287.389, 287.465, 287.409, 287.728, 287.728, 287.415, 287.492, 
Time to set up datastructures: 20343.7ms
297.163, 296.978, 297.068, 296.969, 297.106, 296.902, 296.972, 296.989, 296.962, 296.963, 297.133, 297.011, 297.038, 297.076, 297.183, 297.01, 297.002, 297.015, 297.038, 297.111, 297.288, 297.64, 297.174, 297.256, 296.99, 300.653, 297.139, 297.09, 297.082, 297.029, 297.038, 296.987, 297.059, 297.119, 297.022, 296.948, 297.078, 297.018, 297.108, 297.32, 297.118, 297.172, 296.955, 296.966, 296.998, 297.073, 297.097, 297.103, 296.985, 296.991, 297.004, 296.994, 297.01, 297.548, 298.419, 296.999, 297.001, 296.972, 296.957, 297.155, 297.123, 296.993, 297.075, 297.037, 296.992, 297.039, 297.218, 297.106, 297.099, 297.041, 297.087, 297.002, 296.962, 296.994, 296.979, 296.927, 297.036, 296.979, 297.023, 297.03, 297.008, 297.114, 296.932, 296.982, 296.986, 297.045, 297.082, 297.136, 297.034, 297.214, 297.169, 296.941, 297.248, 296.995, 296.947, 297.043, 297.029, 297.073, 297.076, 297.059, 
Time to set up datastructures: 19391.3ms
290.792, 290.679, 290.575, 290.643, 290.718, 290.626, 290.605, 290.693, 290.656, 290.595, 290.61, 290.595, 290.706, 290.807, 290.658, 290.704, 290.696, 290.552, 290.69, 290.738, 290.695, 290.765, 290.599, 290.55, 290.601, 290.7, 290.596, 290.862, 290.746, 290.64, 290.665, 290.662, 290.609, 290.734, 290.748, 290.716, 290.736, 290.683, 290.635, 290.666, 290.739, 290.9, 290.555, 290.726, 290.648, 290.809, 290.763, 290.844, 291.199, 290.657, 290.771, 290.614, 290.814, 290.654, 290.706, 290.765, 290.769, 290.715, 290.729, 290.888, 290.663, 290.754, 290.722, 290.722, 290.601, 290.567, 291.133, 290.747, 290.859, 290.72, 290.66, 290.681, 290.723, 290.663, 290.687, 290.608, 290.62, 290.686, 290.782, 290.72, 290.706, 290.678, 292.271, 290.802, 290.84, 290.647, 290.777, 290.664, 290.735, 290.674, 290.617, 290.617, 290.665, 290.687, 291.116, 290.855, 290.881, 290.689, 290.804, 290.608, 
Time to set up datastructures: 19622.9ms
287.705, 287.567, 287.638, 287.732, 287.552, 287.437, 287.567, 287.399, 287.415, 287.648, 287.463, 287.59, 287.47, 287.378, 287.501, 287.6, 287.417, 287.339, 287.551, 287.449, 287.469, 287.541, 287.622, 287.478, 287.353, 287.393, 287.512, 287.353, 287.546, 287.538, 287.508, 287.44, 287.537, 287.54, 287.674, 287.518, 287.715, 287.861, 287.634, 287.783, 287.733, 287.86, 287.748, 287.947, 287.75, 287.687, 287.615, 287.654, 287.843, 287.789, 287.77, 287.532, 287.354, 287.572, 287.571, 287.448, 287.553, 287.488, 287.537, 287.434, 287.496, 287.618, 287.555, 287.486, 287.524, 287.649, 287.524, 287.479, 287.466, 287.491, 287.615, 287.52, 287.591, 287.564, 287.507, 287.532, 287.773, 287.925, 287.476, 287.746, 287.449, 287.45, 287.729, 287.643, 287.471, 287.599, 287.572, 287.464, 287.446, 287.532, 287.544, 287.426, 287.442, 287.904, 287.56, 287.985, 287.532, 287.576, 287.502, 287.581, 
Time to set up datastructures: 18273.6ms
285.202, 285.2, 285.101, 284.977, 285.081, 285.125, 285.29, 285.302, 285.22, 285.207, 285.106, 285.035, 285.104, 285.636, 284.998, 285.188, 285.146, 285.274, 285.185, 285.096, 285.22, 285.11, 285.035, 285.108, 285.422, 285.271, 285.076, 285.246, 285.237, 285.012, 285.126, 285.139, 285.262, 285.049, 285.242, 285.256, 285.191, 285.162, 285.096, 285.103, 285.087, 285.086, 285.211, 285.439, 285.174, 285.107, 285.11, 285.114, 285.306, 285.15, 285.037, 285.053, 285.06, 285.038, 285.13, 285.177, 284.991, 285.108, 285.197, 285.042, 285.151, 285.188, 285.211, 285.167, 285.065, 285.163, 285.135, 285.101, 285.41, 285.274, 284.999, 285.07, 285.2, 285.102, 285.064, 285.171, 285.074, 285.059, 285, 285.288, 285.112, 285.003, 285.138, 285.14, 285.042, 285.13, 285.262, 285.228, 285.006, 285.201, 285.11, 285.179, 285.056, 284.974, 285.024, 285.076, 285.056, 285.37, 285.124, 285.043, 
Time to set up datastructures: 18892.8ms
286.868, 286.939, 286.883, 287.059, 286.843, 286.865, 287.36, 287.137, 286.807, 286.919, 286.883, 286.825, 286.977, 286.793, 286.855, 287.04, 286.775, 287.235, 287.041, 286.84, 286.875, 286.878, 286.935, 287.062, 286.84, 286.814, 287.024, 287.111, 286.776, 286.947, 286.967, 287.01, 286.767, 287.327, 286.764, 286.862, 286.851, 287.063, 286.966, 286.875, 286.906, 286.779, 286.893, 286.866, 286.976, 286.95, 286.718, 286.944, 286.902, 286.827, 287.065, 287.237, 286.995, 286.997, 286.906, 286.752, 286.75, 287.103, 287.217, 286.779, 286.852, 286.835, 286.818, 287.068, 286.819, 287.136, 286.804, 286.955, 286.919, 286.803, 287.172, 286.817, 287.078, 286.74, 287.419, 286.766, 286.701, 287.113, 286.807, 287.438, 286.801, 286.892, 286.836, 286.861, 286.768, 286.825, 287.095, 286.786, 286.994, 286.7, 286.796, 286.882, 286.608, 287.008, 286.887, 287.038, 286.767, 286.896, 286.741, 286.886, 
Time to set up datastructures: 18679ms
296.974, 297.338, 298.161, 298.552, 297.206, 297.423, 297.179, 297.41, 297.279, 297.224, 297.246, 297.319, 297.004, 296.988, 297.907, 297.642, 297.744, 297.08, 297.119, 297.23, 297.005, 297.207, 297.219, 297.35, 297.328, 297.03, 297.095, 297.1, 297.43, 297.862, 297.062, 297.133, 297.385, 297.058, 297.244, 297.196, 297.238, 297.145, 297.335, 297.107, 297.049, 297.2, 297.39, 297.524, 297.075, 297.37, 297.306, 297.122, 297.225, 297.392, 297.162, 297.188, 297.265, 297.222, 297.093, 297.269, 297.876, 297.425, 297.31, 297.26, 297.285, 297.109, 297.213, 297.284, 297.182, 297.24, 297.212, 297.142, 297.211, 297.474, 297.454, 297.166, 297.311, 297.254, 297.085, 297.459, 297.78, 297.019, 297.237, 297.21, 297.722, 297.185, 297.239, 297.766, 297.129, 297.274, 297.517, 297.087, 297.19, 297.114, 297.254, 297.259, 297.436, 297.759, 297.047, 297.226, 297.396, 297.444, 297.274, 297.249, 
Time to set up datastructures: 18473.7ms
306.939, 306.882, 307.223, 306.988, 306.929, 307.089, 306.984, 306.976, 306.922, 307.106, 307.228, 306.945, 307.006, 307.027, 307.059, 307.393, 307.049, 306.86, 307.034, 307.186, 306.947, 306.914, 307.082, 307.003, 306.957, 307.056, 307.033, 307.065, 307.089, 306.883, 308.168, 307.105, 307.216, 307.047, 306.93, 307.191, 307.126, 306.933, 307.059, 307.091, 306.953, 307.159, 306.932, 307.143, 306.822, 306.969, 306.92, 307.098, 307.05, 307.052, 306.801, 307.084, 307.255, 307.095, 307.108, 307.019, 307.394, 306.916, 307.057, 307.093, 307.064, 307.081, 307.089, 306.959, 307.06, 307.155, 306.993, 307.072, 306.981, 307.384, 306.935, 307.125, 307.12, 307.088, 307.007, 307.115, 306.965, 307.063, 307.048, 307.016, 307.147, 307.039, 307.242, 306.862, 307.166, 307.054, 307.051, 307.029, 307.01, 307.238, 306.931, 307.038, 307.156, 306.971, 306.933, 307.185, 306.899, 307.231, 306.982, 306.978, 
Time to set up datastructures: 18798.2ms
304.227, 304.375, 304.164, 304.265, 304.105, 304.284, 304.312, 304.289, 304.172, 304.272, 304.381, 304.131, 304.169, 304.263, 304.343, 304.229, 304.256, 304.549, 304.112, 304.248, 304.218, 304.83, 304.352, 304.372, 304.193, 304.26, 304.301, 304.226, 304.275, 304.266, 304.292, 304.173, 304.386, 304.245, 304.273, 304.307, 304.595, 304.115, 304.697, 304.58, 304.324, 304.267, 304.306, 304.223, 304.21, 304.175, 304.171, 304.16, 304.323, 304.357, 304.318, 304.133, 304.313, 304.149, 305.963, 304.373, 304.426, 304.284, 304.134, 304.403, 304.129, 304.127, 304.189, 304.13, 304.19, 304.337, 304.392, 304.313, 304.213, 304.272, 304.177, 304.236, 304.252, 304.247, 304.201, 304.422, 304.26, 304.145, 304.218, 304.218, 304.246, 304.119, 304.361, 304.252, 304.151, 304.276, 304.192, 304.12, 304.405, 304.432, 304.255, 304.051, 304.274, 304.283, 304.262, 304.329, 304.486, 304.329, 304.205, 304.218, 
Time to set up datastructures: 18224.4ms
304.118, 304.115, 304.007, 304.217, 304.077, 303.918, 303.98, 304.018, 303.892, 303.997, 303.996, 304.069, 303.893, 304.015, 303.997, 304.061, 304.135, 304.145, 303.916, 303.767, 304.349, 304.042, 303.914, 304.081, 304.02, 303.956, 303.925, 304.038, 304.13, 304.107, 304.155, 304.043, 304.063, 303.956, 303.949, 304.306, 304.135, 304.061, 303.975, 303.903, 303.962, 304.207, 304.057, 304.064, 303.993, 304.046, 304.14, 304.512, 304.466, 304.235, 304.165, 303.979, 304.054, 304.042, 304.072, 304.084, 304.126, 304.081, 304.233, 304.102, 304.009, 304.001, 304.143, 304.056, 303.943, 305.053, 304.093, 303.96, 303.976, 304.113, 303.957, 304.022, 304.108, 304.075, 303.976, 304.208, 304.157, 304.265, 303.983, 303.968, 305.61, 304.262, 304.228, 303.926, 304.174, 303.939, 304.124, 304.022, 303.93, 303.932, 304.048, 304.342, 304.088, 304.027, 304.209, 304.133, 304, 303.829, 304.178, 304.092, 

run on commit: b7033e5d4b360fc23f010515e22c3b23c97b7a49