2 3 4 5 6 7 8 9 10 11 12 13 14
Running sequential algorithm
Time to set up datastructures: 10491.9ms
265.153, 265.054, 266.521, 265.127, 265.129, 265.405, 265.244, 267.058, 265.595, 265.087, 265.196, 265.915, 265.42, 267.651, 265.036, 268.951, 286.628, 275.921, 265.864, 265.182, 265.72, 265.091, 265.82, 265.549, 265.32, 265.02, 265.51, 265.273, 265.214, 271.688, 265.162, 265.302, 265.483, 265.163, 265.255, 266.551, 265.083, 265.472, 265.413, 265.279, 265.116, 265.122, 265.395, 265.335, 265.26, 265.175, 265.042, 265.266, 268.372, 265.232, 265.764, 265.11, 266.807, 265.585, 265.738, 265.406, 265.089, 265.152, 265.367, 264.998, 265.063, 265.138, 265.26, 265.017, 265.017, 265.5, 265.275, 265.484, 265.506, 265.192, 265.104, 265.028, 265.27, 265.494, 265.043, 265.373, 265.449, 265.261, 265.152, 265.142, 265.51, 265.122, 265.258, 265.715, 264.98, 265.198, 265.127, 265.339, 265.443, 265.149, 265.015, 265.558, 265.227, 265.446, 265.137, 265.247, 265.634, 265.305, 265.61, 265.116, 
Running OpenMP implementation
Time to set up datastructures: 12129.4ms
144.283, 144.447, 144.377, 144.423, 144.336, 144.323, 144.314, 144.478, 144.309, 144.378, 144.245, 144.283, 144.619, 144.482, 144.318, 144.451, 144.421, 144.331, 144.534, 144.379, 144.301, 144.486, 144.431, 144.428, 144.333, 144.397, 144.969, 144.442, 144.239, 144.351, 144.464, 144.388, 144.255, 144.286, 144.282, 144.384, 144.343, 144.464, 144.262, 144.306, 144.751, 144.311, 144.25, 144.345, 144.362, 144.313, 144.238, 144.328, 144.337, 144.388, 144.402, 144.422, 144.301, 144.874, 144.429, 144.368, 144.331, 144.273, 144.518, 144.89, 144.332, 144.269, 144.314, 144.644, 144.347, 144.407, 144.28, 144.434, 144.54, 144.306, 144.417, 144.302, 144.515, 144.366, 144.241, 144.339, 144.356, 144.374, 144.359, 144.397, 144.258, 145.011, 144.402, 144.291, 144.271, 144.513, 144.403, 144.317, 144.332, 144.302, 144.397, 144.362, 144.343, 144.36, 144.264, 145.546, 144.472, 144.273, 144.228, 144.476, 
Time to set up datastructures: 9735.61ms
101.914, 101.865, 101.941, 101.927, 102.186, 102.434, 101.848, 101.929, 101.835, 101.857, 101.991, 101.961, 101.923, 101.86, 102.157, 102.355, 101.885, 101.944, 101.875, 102.018, 101.936, 101.818, 102.411, 101.877, 102.005, 101.907, 102.149, 101.855, 101.865, 101.938, 101.973, 101.883, 101.886, 101.895, 101.977, 101.825, 101.955, 101.879, 101.786, 102.298, 101.949, 101.878, 102.096, 102.065, 102.5, 101.855, 101.877, 101.846, 101.954, 101.891, 102.08, 101.811, 101.907, 101.858, 101.935, 101.857, 102.046, 102.066, 101.97, 101.912, 101.895, 101.893, 102.065, 101.863, 101.944, 101.876, 101.929, 101.992, 101.867, 101.927, 101.98, 101.948, 101.905, 101.999, 101.947, 101.984, 102.04, 101.894, 102.036, 101.942, 101.846, 102.064, 102.033, 102.435, 102.042, 102.051, 101.844, 101.933, 101.93, 101.983, 102.45, 101.876, 101.876, 101.849, 101.893, 101.892, 102.048, 101.919, 101.965, 101.969, 
Time to set up datastructures: 13549.8ms
85.845, 88.901, 88.8648, 88.0132, 88.1429, 87.9121, 86.6699, 86.0412, 86.252, 86.3838, 86.529, 86.154, 85.4239, 87.059, 86.3359, 86.1602, 85.326, 85.9439, 85.0561, 81.583, 81.233, 81.3119, 81.31, 81.342, 81.3558, 81.2862, 81.3239, 81.295, 81.394, 81.367, 81.403, 81.296, 81.3112, 81.3498, 81.2981, 81.2809, 81.403, 81.4478, 81.31, 81.352, 81.4149, 81.461, 81.4159, 81.2502, 81.4219, 81.3811, 81.4941, 81.918, 81.4879, 81.4421, 81.342, 81.408, 81.429, 81.594, 81.3379, 81.5279, 81.388, 81.4791, 84.713, 81.5101, 81.7621, 82.144, 81.4638, 81.341, 81.2972, 81.3529, 81.326, 81.2991, 81.2929, 81.347, 81.3582, 81.3408, 81.3689, 81.279, 81.285, 81.29, 81.356, 81.2809, 81.3892, 81.2988, 81.2938, 81.4512, 81.466, 81.567, 81.346, 81.347, 81.3658, 81.3241, 81.2709, 81.3789, 81.4142, 81.2969, 81.337, 81.2881, 81.3649, 81.3792, 81.372, 81.4018, 81.357, 81.2581, 
Time to set up datastructures: 13106.7ms
69.325, 69.345, 69.3231, 69.3171, 69.4139, 69.3021, 69.3791, 69.3679, 69.361, 70.6682, 69.4199, 69.3631, 69.4339, 69.3839, 69.3831, 69.339, 69.3128, 69.329, 69.3491, 69.3469, 69.376, 69.3128, 69.4611, 69.3769, 69.4032, 69.4299, 69.34, 69.4082, 69.3929, 69.272, 69.2699, 69.3691, 69.3231, 69.474, 69.376, 69.3431, 69.253, 69.3409, 69.3421, 69.2499, 69.3202, 69.371, 69.34, 69.375, 69.2949, 69.319, 69.3722, 69.3369, 69.293, 69.355, 69.351, 69.3111, 69.3591, 69.3641, 69.3188, 69.355, 69.3219, 69.289, 69.3841, 69.3431, 69.3319, 69.3638, 69.381, 69.391, 69.3672, 69.4988, 69.3731, 69.2861, 69.3078, 69.2661, 69.3262, 69.34, 69.3939, 69.339, 69.2871, 69.6161, 69.4299, 69.329, 69.3352, 69.3748, 69.4191, 69.3998, 69.3891, 69.3729, 69.3731, 69.3719, 69.3181, 69.3569, 69.4261, 69.308, 69.3359, 69.4711, 69.298, 69.3669, 69.428, 69.356, 69.3269, 69.3331, 69.294, 69.3882, 
Time to set up datastructures: 13748.2ms
60.4739, 60.5762, 60.6329, 60.611, 60.5841, 60.611, 60.513, 60.528, 60.5199, 60.606, 60.533, 60.6079, 60.5011, 60.5109, 60.56, 60.6198, 60.6031, 60.5969, 60.6, 60.5741, 60.698, 60.5919, 60.514, 60.456, 60.4939, 60.56, 60.596, 60.5998, 60.6089, 60.4801, 60.4908, 60.5121, 60.565, 60.559, 60.5612, 60.559, 60.493, 60.6019, 60.621, 60.5421, 60.6499, 60.607, 60.7011, 60.6959, 60.605, 60.539, 63.5762, 61.013, 60.812, 60.5199, 60.5099, 60.544, 60.5128, 60.5888, 60.6089, 60.473, 60.518, 60.5021, 60.5969, 60.5721, 60.5469, 60.5471, 60.5481, 60.59, 60.5419, 60.5671, 60.5679, 60.5252, 60.5159, 60.504, 60.6642, 60.5469, 60.5671, 60.6239, 60.5371, 60.5741, 60.7159, 60.673, 60.559, 60.5202, 60.627, 60.595, 60.5669, 60.5719, 60.529, 60.5171, 60.4861, 60.5979, 60.5121, 60.5261, 60.57, 60.6148, 60.6358, 60.5571, 60.508, 60.5249, 60.5161, 60.5209, 60.528, 60.569, 
Time to set up datastructures: 13879.5ms
56.489, 56.5491, 56.5109, 56.55, 56.4692, 56.633, 56.5569, 56.4799, 56.4382, 56.5679, 56.5109, 56.494, 56.5031, 56.5171, 56.592, 56.5071, 56.474, 56.5419, 56.601, 56.463, 56.4699, 56.5538, 56.499, 56.5112, 56.459, 56.505, 56.529, 56.5319, 56.4711, 56.5131, 56.6139, 56.649, 56.519, 56.4868, 56.5362, 56.4699, 56.5231, 56.5369, 56.5691, 56.479, 56.459, 56.5131, 56.437, 56.4861, 56.56, 56.5491, 56.5031, 56.5219, 56.4971, 56.541, 56.478, 56.5159, 56.4439, 56.5529, 56.5321, 56.4899, 56.5221, 56.495, 57.0672, 56.6289, 56.668, 56.5989, 56.4661, 56.5588, 56.5841, 56.5641, 56.602, 56.4899, 56.525, 56.488, 56.479, 56.488, 56.52, 56.5722, 56.5028, 56.499, 56.4902, 56.5319, 56.459, 56.638, 56.6182, 56.4499, 56.5181, 56.4871, 56.479, 56.459, 56.514, 56.5081, 56.52, 56.5588, 56.453, 56.448, 56.4749, 56.535, 56.5321, 56.4508, 56.4771, 56.5181, 56.495, 56.453, 
Time to set up datastructures: 14274.2ms
52.731, 52.757, 52.736, 52.8071, 52.743, 52.808, 52.7439, 52.7461, 52.8209, 52.8362, 52.829, 52.8238, 52.8271, 52.855, 52.706, 52.7689, 52.7132, 52.7499, 52.7811, 52.747, 52.779, 52.7511, 52.8319, 52.8572, 52.8059, 52.8061, 52.8059, 52.7582, 52.7158, 52.7608, 52.7661, 52.804, 52.8572, 52.7668, 52.7391, 52.7411, 52.7608, 52.7759, 52.7091, 52.7499, 52.747, 52.6831, 52.721, 52.7449, 52.7971, 52.778, 52.8359, 52.804, 52.7661, 52.7511, 52.7499, 52.779, 52.7201, 52.7978, 52.876, 52.7349, 52.882, 52.7651, 52.8901, 52.8021, 52.7608, 52.8281, 52.7811, 52.7689, 52.783, 52.8071, 52.7158, 52.7661, 52.737, 52.768, 52.834, 52.7589, 52.8522, 52.753, 52.732, 52.8021, 52.7411, 52.7749, 52.747, 52.7141, 52.7871, 52.757, 52.7508, 52.8121, 52.82, 52.86, 52.773, 52.7279, 52.8581, 52.798, 52.7821, 52.81, 52.767, 52.8049, 52.7589, 52.7499, 52.7401, 52.8021, 52.804, 52.7999, 
Time to set up datastructures: 14351.2ms
49.9871, 49.9959, 50.0181, 50.055, 50.096, 50.071, 50.02, 50.0369, 50.0152, 49.9749, 50.0212, 50.4379, 50.0031, 50.0879, 50.0011, 50.0438, 49.9511, 49.979, 50.0331, 50.014, 50.0939, 50.0691, 50.0619, 49.9911, 50.0159, 50.01, 50.0371, 50.1029, 49.9899, 50.0581, 50.0331, 50.0748, 50.221, 50.0772, 50.0579, 50.1091, 50.071, 50.0531, 50.0288, 50.036, 50.0319, 49.9721, 49.993, 49.9721, 50.1001, 50.05, 50.086, 50.0851, 50.0109, 49.968, 50.0419, 50.025, 50.1602, 50.0679, 50.0221, 50.0529, 50.0538, 50.1029, 50.071, 49.978, 50.0598, 50.0071, 50.0469, 50.0262, 50.025, 49.9909, 50.143, 50.0801, 50.107, 50.128, 50.087, 49.926, 50.2141, 50.0019, 50.0331, 50.0851, 50.6299, 50.143, 49.9592, 50.051, 50.03, 50.0839, 49.994, 50.0371, 50.097, 50.118, 50.055, 50.0119, 50.0262, 50.0319, 49.9971, 50.07, 50.0109, 50.303, 50.1602, 50.1049, 50.024, 50.0219, 50.107, 50.0078, 
Time to set up datastructures: 13874.1ms
48.3749, 48.327, 48.2991, 48.2621, 48.2719, 48.243, 48.3611, 48.218, 48.2199, 48.3131, 48.259, 48.2728, 48.2929, 48.3181, 48.2678, 48.2221, 48.2991, 48.2919, 48.2881, 48.3449, 48.2481, 48.27, 48.2681, 48.264, 48.3119, 48.2311, 48.2481, 48.279, 48.224, 48.2349, 48.296, 48.265, 48.2261, 48.3561, 48.3599, 48.2972, 48.337, 48.2919, 48.26, 48.2602, 48.281, 48.388, 48.316, 48.2831, 48.2299, 48.3291, 48.279, 48.1849, 48.614, 48.285, 48.2681, 48.2681, 48.2829, 48.4641, 48.5141, 48.2728, 48.301, 48.2862, 48.301, 48.228, 48.2409, 48.3131, 48.3329, 48.2981, 48.2631, 48.4698, 48.2872, 48.214, 48.372, 48.305, 48.352, 48.8751, 48.2759, 48.305, 48.3329, 48.245, 48.2371, 48.29, 48.27, 48.2669, 48.3711, 48.2669, 48.2781, 48.301, 48.27, 48.291, 48.316, 48.2049, 48.2042, 48.3758, 48.4061, 48.2481, 48.223, 48.228, 48.2259, 48.238, 48.445, 48.351, 48.3091, 48.3611, 
Time to set up datastructures: 13664.3ms
47.466, 47.4041, 47.4839, 47.4269, 47.421, 47.626, 49.3979, 47.7118, 47.3881, 47.507, 47.38, 47.4801, 47.4639, 47.436, 47.3959, 47.4269, 47.3931, 47.441, 47.452, 47.513, 47.8392, 47.6408, 47.529, 47.5318, 47.385, 47.4222, 47.478, 47.442, 47.415, 47.7211, 47.406, 47.3931, 47.4608, 47.42, 47.358, 47.493, 47.4179, 47.4911, 47.4191, 47.3988, 47.447, 47.3981, 47.426, 47.471, 47.4489, 47.4129, 47.4851, 47.3599, 47.416, 47.4069, 47.399, 47.4441, 47.4241, 47.5588, 47.4291, 47.3611, 47.411, 47.4479, 47.3552, 47.39, 47.442, 47.4281, 47.4219, 47.4169, 47.4372, 47.6351, 47.4238, 47.385, 47.4892, 47.437, 47.39, 47.5121, 47.5769, 47.399, 47.4532, 47.4279, 47.39, 47.3871, 47.437, 47.4792, 47.4448, 47.441, 47.3752, 47.4169, 47.477, 47.3981, 47.6959, 47.395, 47.441, 47.5168, 47.6871, 47.5731, 47.5099, 47.513, 47.4451, 47.677, 47.4579, 47.4401, 47.4939, 47.3931, 
Time to set up datastructures: 13781.9ms
46.032, 46.0281, 46.1059, 46.1252, 46.0949, 46.114, 46.1311, 46.0389, 46.083, 46.001, 46.1071, 46.2139, 46.088, 45.959, 46.1359, 46.139, 46.1299, 46.0401, 46.1011, 46.133, 46.0148, 46.118, 46.1869, 46.0479, 46.1299, 46.138, 46.1631, 46.1199, 46.0951, 46.104, 46.1421, 46.0999, 46.02, 46.159, 46.037, 46.1161, 46.087, 46.139, 46.1071, 46.068, 46.248, 46.134, 46.1371, 46.1059, 46.0842, 46.066, 46.1619, 46.1991, 46.087, 46.031, 46.0789, 46.0699, 46.133, 45.918, 46.0949, 46.073, 46.0889, 46.082, 46.18, 46.072, 46.176, 46.1631, 46.088, 46.068, 46.113, 46.145, 46.0989, 46.0901, 46.119, 46.0999, 46.102, 46.124, 46.068, 46.114, 46.1829, 46.0939, 46.0889, 46.0582, 46.1149, 46.1099, 46.1712, 46.062, 46.1099, 46.1681, 46.0429, 46.103, 46.1271, 46.1462, 46.1719, 46.1299, 46.1428, 46.0949, 46.0551, 46.1209, 46.1822, 46.16, 46.0939, 45.996, 46.0641, 46.1459, 
Time to set up datastructures: 13988.6ms
44.5321, 44.585, 44.5299, 44.5311, 44.5409, 44.5299, 44.6289, 44.6301, 44.5981, 44.5549, 44.6141, 44.5709, 44.6341, 44.6079, 44.5738, 44.5631, 44.682, 44.6, 44.6711, 44.5809, 44.524, 44.548, 44.5268, 44.5099, 44.615, 44.611, 44.5631, 44.5161, 44.5139, 44.5211, 44.565, 44.611, 44.5571, 44.579, 44.5919, 44.6351, 44.6949, 44.6162, 44.549, 44.585, 44.529, 44.5311, 44.6079, 44.5631, 44.6591, 44.5919, 44.6441, 44.549, 44.5478, 44.558, 44.631, 44.558, 44.5721, 44.558, 44.56, 44.6029, 44.5931, 44.6069, 44.518, 44.5702, 44.7559, 44.6229, 44.544, 44.5261, 44.6231, 44.5158, 44.558, 44.5781, 44.641, 44.5449, 44.61, 44.569, 44.533, 44.5728, 44.6792, 44.559, 44.683, 44.673, 44.6169, 44.5881, 44.4949, 44.621, 44.5549, 44.564, 44.5969, 44.56, 44.5342, 44.5549, 44.549, 44.611, 44.601, 44.5619, 44.5962, 44.5631, 44.6038, 44.5321, 44.627, 44.5671, 44.6141, 44.5979, 
Time to set up datastructures: 13760.2ms
43.52, 43.426, 43.4752, 43.479, 43.524, 43.4179, 43.412, 43.4771, 43.433, 43.401, 43.457, 43.556, 43.5002, 43.4358, 43.4492, 43.4749, 43.453, 43.479, 43.5102, 43.4639, 43.3609, 43.4532, 43.51, 43.457, 43.4229, 43.4599, 43.493, 43.504, 43.4768, 43.4301, 43.4921, 43.443, 43.438, 43.4182, 43.4608, 43.4942, 43.5019, 43.483, 43.4332, 43.4248, 43.576, 43.504, 43.443, 43.4608, 43.514, 43.51, 43.4442, 43.6509, 43.575, 43.5281, 43.5061, 43.4489, 43.591, 43.53, 43.438, 43.489, 43.431, 43.5011, 43.499, 43.469, 43.4759, 43.453, 43.4599, 43.437, 43.5359, 43.4651, 43.4821, 43.463, 43.4549, 43.4921, 43.391, 43.4091, 43.4229, 43.462, 43.4389, 45.1891, 44.198, 43.514, 43.4871, 43.4289, 43.4542, 43.4809, 43.5481, 43.4291, 43.4558, 43.4391, 43.4959, 43.4542, 43.453, 43.5169, 43.9341, 44.369, 44.2791, 43.6859, 43.473, 43.4332, 43.4768, 43.5112, 43.4561, 43.443, 
Running TBB implementation
Time to set up datastructures: 12124.7ms
147.666, 147.638, 147.613, 147.683, 147.684, 147.646, 147.583, 147.655, 148.077, 147.625, 147.626, 147.673, 147.659, 147.61, 147.863, 147.774, 147.722, 147.672, 147.721, 147.781, 147.697, 147.738, 147.735, 147.659, 147.858, 147.836, 147.684, 147.751, 147.827, 147.683, 147.674, 147.8, 147.754, 147.7, 147.89, 147.933, 147.67, 147.723, 147.754, 147.819, 147.729, 147.87, 147.826, 147.653, 147.723, 147.844, 148.054, 147.985, 147.643, 147.701, 147.702, 147.713, 147.947, 147.749, 147.697, 147.746, 147.686, 147.572, 147.682, 147.779, 147.836, 147.985, 148.147, 147.716, 147.625, 147.768, 147.638, 147.662, 147.803, 147.737, 147.645, 147.629, 147.856, 147.965, 147.773, 147.733, 147.741, 147.804, 147.698, 147.769, 147.692, 147.806, 147.742, 147.674, 147.663, 147.747, 147.658, 147.745, 147.699, 148.006, 147.61, 147.706, 147.735, 148.133, 147.775, 147.744, 147.764, 147.668, 147.634, 147.812, 
Time to set up datastructures: 9761.08ms
103.304, 103.675, 103.531, 103.351, 103.479, 103.289, 103.395, 103.229, 103.232, 103.307, 103.605, 103.354, 103.329, 103.684, 103.369, 103.654, 103.24, 103.328, 103.319, 103.299, 103.262, 103.304, 103.242, 103.422, 103.334, 103.636, 103.372, 103.218, 103.267, 103.488, 103.425, 103.145, 103.653, 103.84, 103.931, 103.407, 103.63, 103.304, 103.379, 103.657, 103.344, 103.38, 103.276, 103.468, 103.342, 103.457, 103.321, 103.195, 103.28, 103.612, 103.169, 103.228, 103.628, 103.388, 103.349, 103.341, 103.288, 103.385, 103.349, 103.479, 103.338, 103.397, 103.413, 103.411, 103.193, 103.367, 103.326, 103.154, 103.428, 103.465, 103.341, 103.431, 103.932, 103.623, 103.36, 103.163, 103.276, 103.358, 103.322, 103.36, 103.689, 103.277, 103.493, 103.355, 103.465, 103.221, 103.145, 103.341, 103.807, 103.357, 103.227, 103.674, 103.934, 103.376, 103.513, 103.256, 103.269, 103.474, 103.987, 103.36, 
Time to set up datastructures: 13579.7ms
82.448, 82.4862, 82.4468, 82.648, 82.5419, 82.4852, 82.4089, 82.581, 82.437, 82.463, 82.4471, 82.541, 82.4769, 82.521, 82.654, 82.5632, 82.515, 82.516, 82.536, 82.514, 82.5479, 82.4871, 82.417, 82.4301, 82.535, 82.515, 82.4349, 82.582, 82.5291, 82.504, 82.4308, 82.5229, 82.603, 82.3278, 82.5591, 82.6149, 82.608, 82.4952, 82.6149, 82.52, 82.479, 82.6502, 82.2818, 82.5341, 82.7241, 82.659, 82.6778, 82.603, 82.468, 82.479, 82.6468, 82.5851, 82.7091, 82.7, 82.4959, 82.5522, 82.428, 82.5739, 82.329, 82.5109, 82.633, 82.5741, 82.4089, 82.619, 82.6812, 82.4859, 82.545, 82.494, 82.623, 82.5071, 82.5489, 82.4749, 82.5362, 82.5269, 82.479, 82.4881, 82.809, 82.474, 82.6681, 82.49, 82.5992, 82.6159, 82.4461, 82.495, 82.5789, 82.603, 82.474, 82.444, 82.6499, 86.1862, 82.552, 82.432, 82.6321, 82.6039, 82.5241, 82.6149, 82.6259, 82.438, 82.4931, 82.505, 
Time to set up datastructures: 13160ms
69.773, 69.803, 69.793, 69.7849, 69.8221, 69.803, 69.8462, 69.804, 69.8628, 69.865, 69.88, 69.8948, 69.9458, 70.009, 69.8149, 69.8161, 69.9449, 69.948, 69.994, 69.9379, 69.957, 69.881, 69.8621, 69.726, 69.9651, 69.855, 69.804, 69.8581, 69.802, 69.9561, 69.8268, 69.8931, 69.859, 69.8979, 70.014, 69.746, 69.7529, 69.7491, 69.936, 69.8118, 69.8171, 69.9379, 69.8631, 69.793, 69.9539, 70.091, 69.957, 69.9339, 69.9201, 69.8709, 69.8311, 69.88, 69.7849, 69.865, 69.8662, 69.8559, 69.7999, 69.855, 69.875, 69.814, 69.8099, 69.819, 69.9081, 69.932, 69.9019, 69.7582, 69.8409, 69.809, 69.8621, 69.8481, 69.8888, 69.8469, 69.7842, 69.855, 69.8519, 69.8481, 69.9251, 69.8111, 69.788, 69.901, 69.7439, 69.8361, 69.736, 69.6859, 69.8609, 69.8922, 69.8719, 69.8321, 69.7908, 69.91, 69.7761, 69.808, 69.824, 69.85, 69.9141, 69.9749, 69.947, 69.8521, 69.778, 69.6731, 
Time to set up datastructures: 13713.8ms
61.959, 62.079, 61.9371, 62.0241, 62.0089, 62.0899, 61.9602, 62.0148, 61.8098, 61.944, 62.1641, 62.124, 62.0561, 62.1209, 61.9199, 62.099, 62.7511, 62.1049, 62.108, 62.1281, 62.072, 62.13, 61.996, 62.0019, 62.0592, 61.9628, 61.9948, 62.186, 61.9948, 61.9822, 62.099, 62.1309, 61.964, 62.0952, 61.9919, 62.012, 62.1231, 61.877, 62.094, 62.0761, 61.9831, 62.042, 61.9998, 62.125, 61.97, 62.052, 62.0739, 62.058, 62.1061, 62.2721, 61.974, 62.207, 61.996, 62.0301, 62.1128, 62.027, 62.1562, 62.1419, 62.0151, 62.1469, 62.0322, 62.1109, 62.0301, 62.0019, 62.736, 62.71, 61.9941, 61.985, 62.072, 62.053, 62.1569, 62.14, 62.0761, 61.976, 62.155, 62.288, 62.1779, 62.1402, 62.1259, 62.1791, 62.6178, 62.1002, 62.1939, 62.0551, 62.047, 62.0389, 62.139, 62.108, 62.099, 62.021, 62.1412, 62.1908, 61.9941, 62.1061, 62.1259, 62.2029, 62.1061, 62.031, 62.026, 61.995, 
Time to set up datastructures: 13723.1ms
57.1101, 56.8619, 56.68, 56.8402, 56.8578, 56.7551, 56.782, 56.7141, 56.947, 56.911, 56.767, 56.8378, 56.8271, 61.065, 56.9131, 56.783, 56.8109, 56.859, 56.839, 56.8771, 56.7739, 56.8831, 56.776, 56.7291, 56.859, 56.89, 56.8309, 56.9391, 56.777, 56.7911, 56.8249, 56.7439, 56.7472, 56.742, 56.8459, 56.7911, 56.8879, 56.8469, 56.926, 56.7398, 56.823, 56.8328, 56.881, 56.7889, 56.7291, 56.8349, 56.9451, 56.8631, 56.742, 56.8781, 56.8459, 56.875, 56.8211, 56.7729, 56.9611, 56.8612, 56.896, 56.7958, 56.8051, 56.7749, 56.9851, 56.9179, 56.8211, 56.8759, 56.941, 56.8609, 56.797, 57.2371, 56.9019, 56.9601, 56.864, 56.8378, 56.926, 56.814, 56.905, 56.7839, 56.7741, 56.711, 56.86, 56.8371, 56.9689, 56.9069, 56.828, 57.0202, 56.8399, 56.926, 56.7861, 56.8769, 56.8881, 56.783, 56.813, 56.756, 56.875, 56.967, 56.8399, 56.8841, 56.7691, 56.7529, 56.8931, 56.8318, 
Time to set up datastructures: 13793.5ms
53.5989, 53.4291, 53.4229, 53.5049, 53.484, 53.3569, 53.391, 53.324, 53.36, 53.407, 53.5641, 53.4861, 53.602, 53.354, 53.381, 53.371, 53.4999, 53.601, 53.4618, 53.391, 53.7012, 53.5109, 53.462, 53.4551, 53.4761, 53.38, 53.4749, 53.525, 53.5181, 53.467, 53.2689, 53.3571, 53.4999, 53.421, 53.2889, 53.4191, 53.571, 53.4179, 53.4542, 53.3719, 53.3721, 53.391, 53.349, 53.4708, 53.5591, 53.5309, 53.2918, 53.3631, 53.4282, 53.5438, 53.5722, 53.4408, 53.3562, 53.4739, 53.3981, 53.4689, 53.4079, 53.4382, 53.5209, 53.426, 53.3481, 53.4289, 53.396, 53.2501, 53.3988, 53.4191, 53.436, 53.462, 53.3979, 53.4408, 53.2949, 53.3719, 53.4651, 53.4029, 53.3862, 53.5049, 53.4179, 53.37, 53.453, 53.3121, 53.499, 53.2391, 53.288, 53.4449, 53.3311, 53.4179, 53.484, 53.371, 53.6079, 53.617, 53.525, 53.4282, 53.3979, 53.4041, 53.5641, 53.5579, 53.4332, 53.4799, 53.349, 53.4239, 
Time to set up datastructures: 13748.5ms
50.75, 50.765, 50.8051, 50.8471, 50.93, 50.8199, 50.7331, 50.9119, 50.6911, 50.7131, 50.91, 50.849, 51.5602, 50.935, 50.884, 50.8599, 50.976, 50.8981, 50.8549, 50.89, 50.812, 50.9732, 50.957, 50.925, 51.0571, 51.043, 50.9779, 50.9639, 50.7901, 50.859, 50.921, 52.3212, 50.956, 50.8299, 50.8962, 50.864, 50.863, 50.7009, 50.885, 50.8242, 50.868, 53.1509, 51.482, 51.249, 50.8361, 50.777, 50.9219, 50.874, 50.868, 50.9961, 50.8769, 50.9069, 50.8242, 50.8668, 50.7669, 50.8099, 50.8552, 50.7929, 50.843, 50.7979, 51.008, 50.853, 50.8471, 51.055, 50.8931, 50.838, 50.926, 50.7951, 50.951, 50.8339, 50.8442, 50.818, 50.802, 50.9231, 50.8668, 50.7801, 50.91, 50.7691, 50.832, 50.9479, 50.854, 50.8862, 50.808, 50.869, 50.909, 50.8349, 50.802, 50.8671, 50.909, 50.8959, 51.204, 50.8611, 50.9238, 50.9911, 50.7901, 50.9069, 50.8521, 50.925, 50.89, 50.807, 
Time to set up datastructures: 13868.1ms
49.1459, 49.4289, 49.376, 49.15, 49.0911, 48.995, 49.067, 49.0241, 48.9938, 49.1161, 49.1431, 49.0298, 49.1881, 48.975, 49.2339, 49.0911, 49.058, 49.0201, 49.0842, 49.1009, 48.955, 49.0432, 49.0658, 49.0479, 49.0491, 49.0479, 49.2551, 49.0739, 48.8811, 49.058, 49.0031, 48.938, 49.1478, 49.027, 49.1269, 49.1431, 49.1309, 49.082, 49.109, 49.0689, 48.9709, 49.0348, 49.0801, 49.1569, 49.19, 49.2201, 49.027, 49.288, 49.1118, 49.0041, 49.1941, 49.0549, 49.046, 49.186, 49.0031, 49.0611, 49.0198, 49.088, 49.067, 49.022, 49.0091, 49.022, 48.9988, 49.129, 49.0701, 49.026, 49.135, 49.0901, 49.0448, 49.129, 49.0479, 49.0401, 48.919, 49.1061, 49.005, 49.0279, 48.9621, 48.9781, 49.2609, 49.0751, 49.042, 49.175, 49.2802, 49.0649, 49.098, 49.1149, 49, 49.1252, 49.0658, 49.1581, 49.149, 48.969, 49.001, 49.0189, 49.083, 49.047, 49.1219, 49.011, 49.2301, 49.0811, 
Time to set up datastructures: 13774.4ms
46.88, 46.953, 46.7739, 46.9491, 46.813, 46.767, 46.9971, 46.7558, 46.8662, 46.9398, 46.9899, 46.9601, 46.9079, 46.9279, 46.8509, 46.9849, 46.8709, 46.941, 46.8211, 47.0009, 46.8271, 47.1389, 47.0178, 46.9031, 46.7479, 46.8812, 46.86, 46.7789, 46.8969, 46.9379, 46.8791, 46.9241, 46.8681, 46.8509, 46.911, 46.91, 46.9229, 47.003, 46.8361, 46.8538, 46.9391, 46.962, 46.9229, 51.3332, 47.452, 46.885, 46.8469, 46.9019, 46.952, 47.0369, 47.076, 46.886, 47.272, 46.8411, 46.9089, 46.9811, 47.3831, 47.04, 46.9041, 46.8569, 46.725, 47.0471, 46.9389, 46.9379, 47.1342, 46.869, 46.7949, 46.8822, 46.896, 46.7188, 46.803, 46.8068, 46.9348, 46.798, 46.8211, 46.876, 46.8121, 46.9701, 46.876, 47.0378, 46.8311, 47.138, 47.003, 46.91, 46.9289, 46.881, 46.9532, 46.87, 46.948, 46.838, 46.916, 46.855, 46.952, 46.8271, 46.8869, 46.9651, 47.02, 47.2291, 46.967, 46.839, 
Time to set up datastructures: 13945.5ms
46.1571, 46.19, 46.102, 46.248, 46.1769, 46.0949, 46.175, 46.18, 46.2492, 46.097, 46.0749, 46.2701, 46.1559, 46.3791, 46.2768, 46.0761, 46.191, 46.1202, 46.382, 46.087, 46.1719, 46.1891, 46.1621, 46.1059, 46.1881, 46.283, 46.133, 46.16, 45.98, 46.169, 46.366, 46.169, 46.113, 46.1671, 46.2461, 46.1118, 46.191, 46.2711, 46.3519, 46.15, 46.2589, 46.2029, 46.3321, 46.2291, 46.1569, 46.18, 46.273, 46.227, 46.196, 46.212, 46.2749, 46.236, 46.3159, 46.2742, 46.1149, 46.2339, 46.844, 46.1509, 46.0489, 46.221, 46.2, 46.2332, 46.0808, 46.1431, 46.242, 46.2921, 46.2189, 46.2811, 46.2799, 46.1571, 46.443, 46.386, 46.207, 46.2639, 46.2348, 46.2272, 46.1559, 46.2029, 46.149, 46.288, 46.226, 46.1781, 46.2909, 46.1531, 46.366, 46.1969, 46.2232, 46.0539, 46.2201, 46.2389, 46.1431, 46.2091, 46.2029, 46.108, 46.212, 46.2511, 46.2611, 46.3281, 46.3579, 46.227, 
Time to set up datastructures: 13984.4ms
45.541, 45.511, 45.3691, 45.3749, 45.2921, 45.3229, 45.511, 45.486, 45.449, 45.3889, 45.506, 45.356, 45.469, 45.4249, 45.4359, 45.445, 45.5852, 45.4409, 45.408, 45.4681, 45.455, 45.444, 45.4381, 45.5251, 45.4841, 45.435, 45.3999, 45.5518, 45.3608, 45.2852, 45.439, 45.3789, 45.4171, 45.4438, 45.3842, 45.28, 45.3081, 45.469, 45.4988, 45.423, 45.429, 45.5961, 45.542, 45.541, 45.397, 45.5508, 45.496, 45.5391, 45.3548, 45.4319, 45.4571, 45.49, 45.424, 45.5961, 45.5079, 45.5651, 45.5899, 45.485, 45.4149, 45.4922, 45.4299, 45.481, 45.3761, 45.4841, 45.465, 45.4829, 45.4612, 45.4259, 45.429, 45.418, 45.3131, 45.4969, 45.542, 45.4299, 45.3532, 46.0689, 45.522, 45.341, 45.428, 45.382, 45.4481, 45.5101, 45.435, 45.4421, 45.3439, 45.4731, 45.486, 45.5141, 45.45, 45.418, 45.5549, 45.3579, 45.418, 45.3138, 45.4121, 45.4459, 45.423, 45.5031, 45.356, 45.423, 
Time to set up datastructures: 13934ms
44.6589, 44.6482, 44.729, 44.704, 44.585, 44.7309, 44.6301, 44.646, 44.677, 44.826, 44.6839, 44.5991, 44.565, 44.4801, 44.6961, 44.683, 44.728, 44.554, 44.554, 44.719, 44.7719, 44.656, 44.5731, 44.5831, 44.7459, 44.5549, 44.5101, 44.6329, 44.5271, 44.6789, 44.548, 44.616, 44.5399, 44.6332, 44.6448, 44.7111, 44.647, 44.765, 44.678, 44.836, 44.646, 44.656, 44.452, 44.668, 44.6, 44.7481, 44.6389, 44.589, 44.652, 44.733, 44.728, 44.6169, 44.662, 44.5881, 44.683, 44.7299, 44.6191, 44.6761, 44.6401, 44.6448, 44.6281, 44.569, 44.7409, 44.6341, 44.6501, 44.5149, 44.549, 44.5349, 44.5769, 44.6119, 44.708, 44.7471, 44.6711, 44.688, 44.5709, 44.6408, 44.6062, 44.6248, 44.5602, 44.6699, 44.543, 44.5731, 44.678, 44.7111, 44.5049, 44.6031, 44.425, 44.585, 44.632, 44.713, 44.6639, 44.5311, 44.739, 44.636, 44.6808, 44.553, 44.697, 44.6761, 44.6119, 44.5828, 
Running TBB_graphs implementation with double the amount of partitions than threads
Time to set up datastructures: 8466.61ms
148.705, 148.678, 148.637, 148.75, 148.775, 148.756, 148.866, 148.959, 148.783, 148.89, 148.843, 148.792, 149.019, 149.009, 148.972, 148.628, 148.996, 148.845, 148.744, 148.72, 148.836, 148.91, 148.697, 148.63, 149.251, 149.088, 148.686, 149.053, 148.925, 148.953, 148.779, 148.699, 148.981, 148.622, 148.811, 149.044, 148.78, 148.688, 148.907, 148.675, 149.368, 148.77, 148.889, 148.806, 148.907, 148.638, 148.904, 148.602, 148.794, 148.791, 148.563, 148.82, 148.807, 149.431, 148.786, 148.597, 148.68, 148.847, 149.103, 148.878, 148.502, 148.741, 148.645, 148.781, 148.688, 148.997, 149.322, 148.799, 148.623, 148.856, 149.141, 148.963, 148.897, 148.652, 148.558, 149.12, 149.053, 148.92, 148.757, 148.998, 149.136, 148.748, 148.818, 148.761, 148.981, 148.77, 148.72, 148.65, 149.031, 148.808, 148.805, 148.62, 148.843, 148.958, 149.069, 148.903, 148.753, 148.77, 148.695, 148.749, 
Time to set up datastructures: 8452.36ms
103.761, 103.839, 103.831, 103.982, 104.312, 103.979, 103.949, 103.721, 103.82, 113.942, 104.25, 103.608, 103.899, 103.825, 103.826, 103.92, 103.671, 103.5, 103.699, 104.184, 104.125, 110.332, 105.658, 103.768, 103.751, 104.31, 104.533, 104.013, 104.022, 104.117, 104.102, 110.483, 104.506, 104.156, 103.873, 104.298, 104.04, 112.554, 110.482, 105.955, 104.164, 104.089, 104.061, 103.94, 104.142, 103.812, 103.614, 104.039, 103.889, 103.858, 110.971, 105, 103.869, 103.961, 110.367, 104.877, 104.196, 104.278, 104.453, 103.95, 103.803, 104.389, 103.918, 103.57, 103.867, 110.255, 104.375, 103.94, 104, 103.9, 104.358, 104.134, 103.585, 103.834, 103.823, 103.944, 103.754, 103.912, 104.032, 103.859, 104.23, 103.982, 103.717, 103.395, 103.817, 103.694, 103.97, 103.619, 104.349, 104.096, 104.319, 103.499, 104.013, 103.969, 104.076, 103.955, 103.859, 114.037, 104.265, 103.947, 
Time to set up datastructures: 8446.92ms
82.6221, 82.5689, 82.551, 82.5841, 82.957, 82.562, 82.7429, 82.7801, 82.922, 82.7811, 82.6299, 82.624, 82.6652, 82.761, 82.69, 82.9449, 82.756, 82.881, 82.495, 82.696, 82.7551, 82.401, 83.0419, 82.7291, 82.7839, 82.6931, 82.9439, 82.684, 82.87, 82.4261, 82.679, 82.6459, 82.679, 83.03, 82.8099, 82.6039, 82.777, 82.6519, 82.6471, 82.994, 82.829, 82.5851, 82.7959, 82.6502, 82.5548, 82.4621, 82.778, 82.653, 82.7072, 82.9201, 82.654, 82.618, 82.52, 82.3939, 82.449, 82.9251, 82.6271, 82.54, 82.8359, 82.602, 82.6809, 82.654, 82.6871, 82.4909, 82.6921, 82.803, 82.7401, 82.562, 82.7, 82.6769, 82.582, 82.725, 82.5059, 82.526, 82.7429, 82.9279, 82.639, 82.4401, 82.772, 82.8259, 82.6411, 82.8149, 82.8371, 82.5279, 82.4411, 82.751, 82.6941, 82.84, 82.572, 82.5861, 82.6819, 87.636, 88.994, 84.5821, 82.6621, 83.066, 82.8121, 82.7808, 82.628, 82.751, 
Time to set up datastructures: 8416.86ms
70.1652, 70.0281, 69.896, 69.957, 71.876, 74.5029, 73.2989, 70.261, 69.9852, 70.5581, 70.729, 69.9329, 70.487, 69.988, 70.785, 70.8289, 70.3232, 70.447, 69.942, 69.8729, 69.9492, 70.0438, 69.9911, 70.122, 69.849, 70.0481, 70.0691, 69.9508, 69.88, 69.9978, 69.983, 70.003, 69.936, 69.937, 70.0471, 69.8729, 70.0901, 70.132, 69.9089, 69.988, 69.9332, 70.2028, 69.9501, 69.912, 69.963, 69.865, 70.0018, 70.158, 70.0378, 70.0049, 69.9222, 69.8459, 69.768, 69.943, 69.9649, 70.1642, 70.0898, 70.0302, 70.107, 70.1509, 69.854, 70.224, 70.0371, 70.204, 70.163, 69.9799, 70.1599, 70.0381, 69.972, 69.9492, 69.9968, 70.0321, 70.0619, 70.1041, 69.8719, 69.7441, 69.9, 70.102, 70.025, 70.0369, 69.8481, 69.8359, 69.8631, 70.107, 70.076, 70.0169, 70.0612, 70.3049, 70.0681, 69.9489, 69.869, 70.183, 69.905, 69.9041, 70.0829, 70.1151, 70.071, 70.0929, 74.2571, 70.056, 
Time to set up datastructures: 8424.53ms
62.917, 62.7542, 62.6018, 62.7842, 62.7289, 62.7651, 62.603, 62.5138, 62.736, 62.9671, 62.8359, 67.6842, 65.0768, 63.3092, 63.7388, 63.185, 62.5958, 62.742, 62.6411, 62.669, 62.5799, 62.7761, 62.655, 62.731, 62.9611, 62.6278, 62.5491, 62.614, 62.7282, 62.819, 62.633, 62.535, 62.6509, 62.705, 62.6891, 62.9048, 62.6481, 62.602, 62.8371, 62.8028, 62.7642, 62.984, 62.7151, 62.7201, 62.7329, 62.4981, 62.773, 62.598, 62.4399, 62.7451, 62.777, 62.721, 62.686, 62.6471, 62.7518, 62.5732, 62.7759, 62.7761, 62.5651, 62.6278, 62.845, 62.758, 62.5801, 62.8159, 62.6471, 62.69, 62.6969, 62.695, 62.752, 62.819, 62.778, 62.8891, 62.9539, 62.8471, 62.6509, 62.7639, 62.6431, 66.5331, 66.153, 63.1399, 62.7949, 62.6612, 62.6309, 62.6659, 62.8788, 62.69, 62.5651, 63.1809, 62.712, 62.5358, 62.6841, 62.942, 62.7179, 62.875, 63.092, 62.6919, 62.7589, 62.5901, 62.5348, 62.7961, 
Time to set up datastructures: 8429.16ms
57.9941, 57.915, 57.997, 57.8849, 58.0759, 58.0761, 58.033, 58.2449, 58.058, 58.2209, 57.9679, 57.8861, 57.9019, 57.9, 57.992, 58.059, 57.9879, 57.929, 58.0239, 58.1222, 58.0239, 57.9801, 57.9789, 57.8671, 58.2612, 58.1839, 57.9741, 58.1081, 58.043, 57.9288, 58.1069, 58.0881, 57.9331, 58.1999, 57.9572, 58.1589, 58.0089, 58.0142, 58.0151, 58.1069, 58.217, 57.878, 57.9729, 58.157, 58.1319, 58.018, 58.064, 57.971, 58.285, 58.0361, 57.9779, 58.0871, 58.0208, 61.394, 58.3398, 57.941, 58.14, 57.898, 57.9619, 58.0249, 58.053, 58.11, 58.059, 58.0919, 57.9171, 58.1079, 58.1372, 72.829, 61.064, 58.403, 57.9801, 57.936, 58.0101, 57.976, 57.9529, 58.001, 58.1682, 57.972, 57.946, 58.2831, 57.9839, 57.8279, 58.1481, 57.8909, 57.971, 57.9851, 57.9669, 57.971, 58.1172, 58.08, 58.032, 58.131, 61.7919, 58.1129, 57.873, 58.187, 58.063, 57.9629, 58.049, 58.0032, 
Time to set up datastructures: 8425.68ms
54.0469, 53.9529, 53.9191, 54.0731, 53.889, 54.1739, 53.8521, 54.0299, 54.101, 53.8611, 54.1759, 54.266, 54.1391, 53.932, 54.003, 53.8559, 54.0068, 54.0252, 53.905, 53.9088, 54.2099, 53.992, 53.8509, 53.8831, 53.9119, 54.1072, 53.8609, 54.1129, 54.0431, 53.787, 54.0669, 53.9861, 53.8409, 54.0891, 54.049, 53.875, 53.993, 53.8042, 54.1821, 54.0118, 54.0671, 53.921, 54.122, 53.9739, 53.9801, 53.9849, 54.1179, 53.957, 54.034, 54.137, 54.0168, 53.858, 54.1, 53.844, 54.0621, 53.9398, 54.0879, 54.1601, 54.019, 54.0719, 53.9081, 54.0349, 53.9072, 53.827, 54.188, 53.9811, 54.0321, 54.1279, 54.1101, 54.003, 53.89, 57.9491, 54.0478, 54.014, 54.0669, 54.0612, 54.004, 53.8468, 54.1508, 53.9541, 53.894, 53.8599, 53.967, 54.0531, 54.0719, 54.1122, 54.1458, 53.885, 53.9379, 53.966, 53.9861, 53.9789, 54.1329, 53.9551, 54.0171, 53.858, 53.993, 53.9901, 53.9958, 53.7741, 
Time to set up datastructures: 8456.81ms
51.383, 51.4991, 62.2599, 53.9482, 51.836, 53.441, 51.7569, 51.3692, 51.487, 51.4181, 51.5099, 51.4979, 51.4932, 51.3439, 51.2929, 51.5592, 51.3718, 51.3918, 51.4722, 56.077, 53.9238, 51.719, 51.6269, 51.403, 51.322, 51.3041, 51.3871, 51.2888, 51.424, 51.2421, 52.1331, 51.5449, 51.3711, 51.3229, 51.511, 51.424, 51.641, 51.3761, 51.379, 51.3449, 51.383, 51.492, 51.3811, 51.461, 51.5511, 51.4009, 51.3642, 51.2788, 51.4181, 51.3241, 51.3518, 51.3961, 51.4061, 51.4948, 51.7061, 51.3389, 51.259, 51.5201, 51.445, 51.445, 51.414, 51.3039, 51.4688, 51.5802, 51.2989, 51.307, 51.434, 51.5351, 51.4238, 51.4112, 51.3389, 51.27, 51.5141, 51.5499, 51.3992, 51.45, 51.4109, 51.461, 51.4212, 51.569, 51.621, 51.219, 51.2941, 51.475, 51.28, 51.2969, 51.352, 51.697, 51.656, 51.486, 51.492, 51.425, 51.5289, 53.5722, 53.627, 52.0709, 51.5058, 51.157, 51.3439, 51.357, 
Time to set up datastructures: 8448.89ms
49.4049, 49.1521, 49.1319, 49.212, 49.3999, 49.4361, 49.242, 49.109, 49.2899, 49.4201, 49.1829, 49.325, 49.211, 49.2518, 49.3731, 49.2539, 49.0921, 49.1681, 49.2969, 49.3791, 49.3979, 49.1881, 49.2399, 49.0661, 49.2959, 49.3112, 49.2959, 49.2451, 49.227, 49.2809, 49.3531, 49.2949, 49.2251, 49.3419, 49.1769, 49.34, 54.539, 51.121, 49.6731, 49.191, 49.2089, 49.3951, 49.5069, 49.191, 49.2101, 49.1359, 49.1941, 49.309, 49.4659, 49.2651, 49.1741, 49.0859, 49.341, 49.242, 49.273, 49.2239, 49.2442, 49.5749, 49.5751, 49.403, 50.9572, 49.747, 49.3619, 49.3231, 49.2861, 49.3379, 49.1362, 49.227, 49.2558, 49.4242, 49.3469, 49.279, 49.3159, 49.6321, 49.401, 49.3059, 49.3481, 49.2599, 49.3801, 49.279, 49.4919, 49.211, 49.3281, 49.381, 49.2229, 49.1359, 49.366, 49.258, 49.3109, 49.2671, 49.4351, 49.3119, 49.1271, 49.2079, 49.4812, 49.4571, 49.2868, 49.3472, 49.2458, 49.386, 
Time to set up datastructures: 8429.34ms
47.888, 48.229, 48.0502, 47.8928, 47.8652, 48.0108, 48.079, 48.111, 48.0919, 48.003, 47.8461, 48.003, 48.1231, 47.9889, 47.7941, 47.8649, 47.991, 48.0869, 47.925, 48.0399, 48.3811, 47.9929, 48.2299, 47.8821, 47.864, 48.095, 47.9951, 47.9741, 47.8339, 48.1861, 48.044, 47.874, 48.0349, 47.868, 47.9271, 47.8868, 47.9958, 47.7571, 47.955, 48.0289, 47.883, 47.93, 48.465, 48.166, 47.879, 47.8249, 47.9522, 48.0709, 48.2199, 48.1031, 47.9739, 47.9429, 48.2972, 47.8258, 48.028, 47.7839, 48.207, 48.063, 48.027, 48.0411, 47.9848, 47.9321, 48.063, 48.105, 47.915, 48.007, 48.0211, 47.9209, 47.9579, 48.0878, 48.105, 47.8539, 47.9891, 48.0261, 47.9999, 47.8101, 47.941, 48.08, 48.291, 47.9081, 48.074, 47.8561, 47.9438, 48.0151, 48.249, 47.92, 47.9622, 47.9808, 47.8241, 48.0289, 47.873, 47.93, 48.4161, 48.0859, 48.0399, 48.3561, 47.936, 47.859, 47.946, 48.0831, 
Time to set up datastructures: 8440.45ms
46.9201, 46.7601, 46.9489, 46.9232, 54.5778, 48.7101, 47.266, 46.834, 46.8709, 48.1372, 47.1659, 46.8521, 46.6769, 46.911, 46.8311, 46.7739, 46.9091, 46.8321, 46.9499, 46.7181, 46.7641, 46.778, 46.8981, 46.7918, 46.8192, 46.85, 46.859, 48.5239, 47.4191, 46.922, 46.824, 46.8161, 47.0269, 48.7571, 55.0389, 47.5931, 46.8481, 46.8469, 46.7141, 48.0981, 46.9708, 46.906, 46.8109, 46.8621, 46.87, 46.8791, 46.771, 46.756, 46.7749, 46.869, 46.839, 46.7892, 46.7198, 46.9682, 54.4078, 51.6012, 48.0938, 47.0281, 46.8731, 46.8109, 46.7269, 47.0071, 46.788, 46.8481, 46.8769, 46.8149, 46.7322, 46.8009, 46.7951, 47.5841, 47.0009, 46.854, 46.6781, 46.881, 46.793, 46.798, 46.675, 46.787, 46.757, 46.6411, 46.7279, 46.756, 46.9511, 47.523, 46.9639, 46.8192, 46.9129, 46.8171, 46.855, 46.854, 46.895, 46.7429, 46.8452, 46.798, 46.8578, 46.699, 46.746, 46.875, 46.8311, 46.808, 
Time to set up datastructures: 8451.61ms
45.728, 45.6572, 45.6719, 45.594, 45.7301, 45.6779, 45.7551, 45.753, 45.6212, 45.759, 45.682, 45.629, 45.5599, 45.615, 45.65, 45.526, 45.6781, 45.5849, 45.752, 45.5301, 45.6288, 45.5852, 45.5689, 45.7799, 45.6531, 45.6569, 45.748, 45.759, 45.6672, 45.6131, 45.928, 45.8338, 45.6789, 45.6231, 45.7759, 45.8128, 45.67, 45.7671, 45.7489, 45.7602, 45.6009, 45.7602, 45.7439, 45.8241, 45.541, 45.6488, 46.0758, 45.6572, 45.8748, 45.6622, 45.604, 45.6901, 45.7609, 45.6491, 45.7571, 45.7051, 45.6839, 45.6569, 45.6018, 45.6841, 55.0909, 47.5371, 46.216, 45.6829, 45.7768, 45.7561, 45.7199, 45.6491, 45.6161, 45.6569, 45.644, 45.4869, 45.7311, 45.5592, 45.579, 45.913, 45.785, 45.7451, 45.707, 45.6281, 45.723, 45.6901, 45.6939, 45.61, 45.6491, 45.7439, 45.728, 45.682, 45.5971, 45.732, 45.717, 54.909, 46.8719, 45.6698, 45.5902, 45.6538, 45.5792, 45.7959, 45.866, 45.682, 
Time to set up datastructures: 8447.95ms
45.0389, 45.0721, 45.1219, 45.1479, 45.0451, 45.187, 45.0709, 45.1419, 46.628, 45.5189, 45.0952, 45.078, 45.161, 45.15, 45.2349, 45.146, 45.2111, 45.043, 44.996, 45.1488, 45.2552, 45.1059, 45.1751, 44.9791, 49.5141, 45.3079, 45.1679, 45.233, 45.1791, 45.1589, 45.0988, 45.2082, 45.105, 45.0919, 45.1131, 45.2139, 45.1231, 45.0749, 45.0959, 45.0311, 45.1171, 46.1199, 46.0439, 50.288, 46.865, 45.5229, 45.1219, 45.1849, 45.074, 45.0549, 45.1419, 45.022, 45.0761, 45.037, 45.131, 45.136, 45.1121, 45.2218, 45.4252, 45.104, 45.0819, 45.223, 45.089, 45.2111, 45.2468, 45.1541, 45.006, 45.0969, 45.1329, 45.12, 44.992, 45.042, 45.1581, 45.48, 45.1629, 45.1322, 45.1899, 45.1369, 45.2139, 45.1739, 45.1322, 45.0518, 45.0211, 45.2151, 45.0358, 45.1832, 45.0909, 45.1231, 45.0981, 45.0709, 45.0799, 45.141, 45.0721, 46.2811, 45.4559, 45.006, 45.1419, 45.094, 44.9278, 48.583, 
Running Threadpool implementation with double the amount of partitions than threads
Time to set up datastructures: 8588.42ms
150.118, 150.014, 150.208, 150.002, 150.29, 150.261, 150.053, 150.194, 150.316, 150.111, 150.07, 157.405, 151.404, 150.209, 150.913, 150.293, 150.051, 150.209, 150.192, 149.845, 150.024, 150.33, 150.011, 164.15, 151.459, 150.161, 150.064, 150.033, 150.193, 150.059, 150.244, 150.307, 149.942, 159.59, 151.137, 150.078, 150.009, 150.05, 150.014, 150.263, 155.839, 150.7, 150.225, 150.24, 150.463, 150.044, 150.059, 150.149, 150.19, 150.009, 149.988, 150.048, 150.053, 156.638, 153.859, 151.556, 150.114, 150.473, 150.074, 150.197, 150.121, 150.498, 150.021, 150.068, 150, 150.18, 150.05, 150.138, 157.691, 153.932, 151.579, 150.129, 150.137, 150.065, 150.199, 150.065, 150.118, 160.09, 150.176, 150.095, 150.281, 149.998, 150.23, 150.23, 150.4, 150.005, 159.203, 152.121, 150.573, 151.349, 150.233, 150.072, 149.948, 150.519, 150.1, 150.327, 150.123, 150.361, 150.523, 150.096, 
Time to set up datastructures: 8585.35ms
110.326, 106.365, 111.398, 106.23, 106.142, 112.319, 106.317, 106.132, 106.713, 109.924, 106.681, 106.012, 113.092, 112.008, 105.788, 105.572, 113.398, 107.055, 106.039, 106.668, 105.767, 106.413, 106.001, 106.288, 106.588, 106.12, 106.387, 105.886, 106.541, 105.76, 106.533, 105.638, 106.355, 105.26, 108.024, 113.88, 107.026, 106.799, 106.823, 106.035, 120.272, 106.188, 110.318, 116.252, 106.004, 107.066, 105.096, 106.262, 105.656, 106.568, 105.53, 106.499, 105.633, 106.399, 105.656, 106.732, 113.37, 106.96, 109.678, 106.512, 106.608, 115.076, 106.2, 107.426, 105.484, 106.343, 105.579, 106.816, 105.752, 106.264, 105.699, 106.188, 105.261, 106.397, 105.959, 111.086, 112.078, 116.047, 113.164, 106.995, 109.994, 106.208, 108.311, 114.135, 105.662, 107.047, 116.553, 107.588, 106.551, 106.599, 119.797, 106.58, 108.268, 106.629, 105.892, 106.455, 111.632, 105.935, 109.494, 112.389, 
Time to set up datastructures: 8565.14ms
84.1372, 83.956, 83.9829, 84.013, 83.988, 84.116, 84.033, 84.0259, 83.9622, 83.9939, 83.9679, 84.0709, 84.007, 83.993, 84.002, 83.955, 84.0001, 84.058, 84.0161, 84.058, 83.977, 84.044, 84.0039, 84.1768, 84.0249, 84.0092, 83.962, 83.9789, 83.8749, 84.0158, 84.0051, 84.0371, 83.9369, 83.9341, 83.926, 84.0771, 84.0039, 84.0111, 84.018, 83.921, 84.13, 84.0049, 83.93, 83.915, 83.91, 83.8602, 83.966, 84.1699, 84.0862, 84.024, 88.3129, 89.679, 84.3768, 83.8418, 89.0732, 86.2029, 86.3261, 86.5731, 84.4569, 85.588, 87.5821, 91.0261, 85.5019, 88.8982, 84.8169, 84.5859, 87.6882, 86.8728, 85.3271, 85.4928, 83.8501, 88.8209, 84.805, 84.723, 89.3421, 92.3259, 83.9839, 83.926, 86.961, 92.061, 84.4779, 84.1641, 84.1708, 84.0611, 84.0001, 84.0549, 83.8981, 83.9689, 84.058, 84.017, 84.059, 83.9992, 83.818, 85.1021, 85.851, 89.6161, 87.0309, 88.6772, 90.054, 84.667, 
Time to set up datastructures: 8584.26ms
69.8509, 69.351, 69.0491, 73.221, 73.0619, 69.046, 68.583, 72.845, 69.7389, 69.108, 69.916, 69.4301, 69.0689, 69.627, 69.5879, 69.067, 68.9819, 69.454, 69.001, 69.7999, 69.4191, 69.0849, 68.8491, 69.3221, 69.1009, 74.481, 74.1282, 76.2269, 76.9889, 76.0891, 69.4399, 69.185, 69.8991, 73.3709, 68.907, 68.5589, 73.1921, 69.438, 68.9809, 69.5419, 71.105, 70.6079, 75.253, 74.5101, 74.867, 78.8131, 78.5909, 74.4991, 76.7388, 77.5342, 74.9209, 74.167, 73.9932, 73.9059, 74.188, 72.633, 74.744, 74.5671, 71.7311, 71.7909, 71.7039, 74.4989, 79.4001, 75.6979, 79.257, 75.834, 77.7922, 79.4981, 78.9788, 73.868, 71.1639, 71.399, 71.3232, 73.895, 71.6221, 71.3289, 71.4929, 75.469, 72.0708, 71.857, 71.7371, 74.7471, 75.181, 75.6631, 76.4499, 71.8982, 71.2218, 71.3611, 71.172, 75.4869, 72.14, 76.1099, 78.1751, 78.176, 76.7541, 78.665, 78.3849, 71.2759, 71.4691, 71.2862, 
Time to set up datastructures: 8605.37ms
62.5799, 66.2441, 66.7441, 62.8269, 62.68, 62.742, 62.5391, 62.638, 62.6819, 62.7441, 66.262, 63.2498, 62.4969, 62.7069, 62.638, 62.7191, 66.411, 63.252, 62.593, 62.69, 62.685, 62.748, 62.7611, 62.8159, 62.7222, 62.736, 62.649, 62.7019, 62.6199, 62.638, 62.6121, 62.6991, 62.6509, 62.5989, 62.6638, 62.752, 62.5958, 62.633, 62.629, 62.6462, 62.6149, 62.6409, 62.7122, 62.6879, 62.6271, 62.675, 62.6869, 62.6409, 62.804, 62.748, 62.7038, 62.67, 62.6712, 62.562, 63.2489, 63.4181, 62.644, 67.1508, 66.659, 63.0679, 62.628, 62.5811, 62.5789, 66.2048, 63.123, 62.6919, 66.787, 66.3309, 62.9461, 62.7589, 62.7229, 62.7079, 62.7508, 62.8581, 62.67, 62.6872, 62.506, 62.727, 62.706, 62.701, 62.7282, 62.6791, 62.541, 62.645, 62.5601, 62.6969, 62.7429, 62.783, 62.804, 62.685, 62.675, 62.7429, 62.6991, 62.6268, 62.6631, 62.6099, 62.649, 62.6302, 62.722, 62.645, 
Time to set up datastructures: 8642.97ms
60.8821, 60.153, 57.584, 57.2619, 57.339, 57.1918, 57.2691, 57.627, 57.9951, 57.2469, 57.1091, 60.6699, 60.9181, 59.962, 60.719, 57.7691, 60.0688, 57.6591, 57.4789, 57.375, 57.23, 57.22, 57.1871, 60.3158, 60.859, 60.7481, 58.3539, 57.514, 57.1909, 57.1141, 57.1761, 57.3869, 57.1339, 57.457, 57.2169, 57.117, 57.5211, 57.3411, 57.354, 57.348, 57.297, 57.421, 57.3461, 57.271, 57.255, 57.323, 57.2722, 57.3099, 60.4541, 60.6649, 57.632, 57.5252, 61.6078, 57.636, 57.1551, 57.3449, 57.3151, 57.2619, 57.3981, 57.3139, 57.2889, 60.4692, 58.7349, 57.4481, 57.333, 57.3978, 57.3151, 57.2619, 57.3671, 57.2891, 57.3239, 57.3101, 57.354, 57.2951, 58.3069, 60.8211, 59.68, 60.3449, 57.426, 57.301, 60.498, 59.8571, 57.435, 57.2939, 57.327, 57.3311, 57.3139, 57.3962, 57.488, 57.3289, 57.2062, 57.3299, 57.369, 57.255, 57.4682, 59.6089, 60.3991, 59.567, 61.9299, 61.342, 
Time to set up datastructures: 8572.36ms
54.3549, 57.409, 55.6121, 54.491, 54.2939, 54.4221, 56.9921, 55.1639, 54.5161, 54.2979, 54.307, 54.286, 54.4138, 57.163, 57.1291, 54.575, 54.4231, 54.3919, 54.2881, 54.5769, 54.3301, 54.338, 54.368, 54.3919, 56.9642, 57.2159, 54.6451, 54.4231, 54.8971, 54.4209, 57.2789, 57.3368, 54.858, 54.4591, 54.436, 54.3389, 54.4541, 54.409, 54.378, 54.6169, 54.424, 54.39, 57.3361, 54.8079, 54.3401, 54.492, 54.4081, 54.4519, 54.5599, 54.9061, 58.1949, 57.348, 54.7211, 54.3749, 56.8399, 57.5581, 55.9261, 54.951, 54.481, 54.3039, 54.4231, 54.8091, 54.477, 54.574, 57.4989, 54.8141, 57.5888, 57.1418, 55.506, 54.4641, 54.6281, 54.657, 54.3609, 54.517, 54.431, 54.4879, 57.009, 54.9479, 54.764, 56.5271, 54.7268, 60.6651, 63.0438, 72.0401, 62.4599, 59.839, 62.6268, 61.25, 60.0069, 57.1969, 54.961, 57.724, 57.143, 54.8968, 54.476, 55.2762, 56.901, 55.4991, 54.5719, 54.3752, 
Time to set up datastructures: 8553.98ms
52.2339, 51.96, 52.0649, 52.058, 51.9512, 51.991, 52.0761, 52.002, 51.976, 51.9831, 52.0511, 52.036, 52.1829, 52.0439, 51.9001, 52.1359, 52.0151, 51.8241, 52.1929, 52.4149, 53.8368, 58.634, 56.778, 56.494, 52.973, 52.285, 51.996, 51.9431, 51.976, 51.8532, 51.928, 52.0239, 51.9869, 52.057, 51.8939, 51.96, 51.9419, 52.0341, 51.9118, 51.9629, 51.9891, 52.165, 52.068, 53.2689, 52.202, 51.96, 52.0029, 52.0899, 52.0148, 52.0201, 52.181, 52.2511, 51.945, 51.9938, 52.0039, 52.016, 52.0141, 51.9941, 51.985, 51.9869, 52.088, 52.067, 52.0101, 52.5811, 54.517, 54.127, 52.0511, 51.9788, 51.9781, 52.002, 52.037, 52.0391, 52.1069, 51.9531, 52.0091, 52.0329, 52.11, 52.068, 51.9691, 52.0952, 51.9829, 51.9671, 52.0761, 51.9679, 51.924, 52.0461, 52.12, 51.8792, 51.9719, 52.072, 52.1691, 51.971, 52.011, 51.9719, 51.9991, 52.1469, 51.9361, 51.9371, 52.0449, 51.8901, 
Time to set up datastructures: 8590.68ms
51.1811, 50.889, 50.5221, 50.499, 50.5738, 50.539, 52.3951, 53.045, 51.615, 50.6818, 50.6182, 50.571, 50.647, 52.6419, 52.4502, 50.705, 50.606, 50.5829, 50.5352, 50.3979, 50.5171, 50.5838, 50.555, 50.4508, 52.191, 52.6881, 52.0489, 50.777, 50.518, 50.7131, 50.8051, 50.5998, 50.7579, 50.607, 50.993, 50.705, 50.4069, 50.456, 50.508, 50.611, 50.6248, 50.5812, 50.607, 50.7169, 50.534, 50.812, 50.6001, 50.6029, 50.694, 50.483, 50.699, 50.7989, 50.5731, 50.6659, 50.5691, 50.432, 50.5772, 52.716, 52.5529, 52.5479, 51.5199, 50.6032, 50.54, 50.5619, 50.6558, 50.5061, 50.586, 50.7259, 50.5021, 50.6029, 50.6811, 50.6301, 50.8099, 50.734, 50.5929, 50.5412, 50.7739, 50.523, 50.6179, 50.5421, 50.4789, 50.6191, 53.175, 52.309, 50.89, 50.729, 50.5421, 50.58, 50.5309, 50.637, 50.627, 52.6621, 52.628, 50.75, 50.7529, 50.4978, 50.57, 52.2459, 51.517, 50.5681, 
Time to set up datastructures: 8603.48ms
47.754, 47.9379, 47.8311, 47.8909, 47.8518, 47.8711, 47.807, 47.7831, 47.76, 47.8649, 47.8952, 47.8549, 47.878, 47.8671, 47.884, 47.894, 47.8051, 47.817, 47.816, 49.299, 50.158, 49.577, 48.6159, 47.7872, 48.0728, 47.837, 48.0371, 47.8511, 47.8849, 47.842, 48.1191, 48.099, 47.9851, 48.1179, 48.0242, 47.909, 47.8649, 48.008, 47.9732, 48.0371, 47.9698, 47.92, 47.95, 47.904, 48.0869, 47.9081, 47.8599, 47.93, 48.0571, 48.1541, 47.843, 48.033, 47.936, 47.9789, 47.8301, 47.961, 47.9569, 47.986, 47.9522, 47.9548, 47.9591, 47.9732, 47.9999, 48.0402, 48.1851, 47.884, 48.238, 48.12, 48.167, 47.8971, 47.9188, 47.987, 48.1479, 48.08, 48.1992, 48.0609, 48.0189, 47.9872, 47.925, 48.0468, 47.9012, 47.9269, 48.0571, 47.837, 47.838, 47.935, 48.1241, 48.0959, 47.8241, 47.935, 47.8499, 47.8821, 47.8339, 48.0871, 48.008, 48.059, 47.981, 49.6159, 48.2991, 48.0521, 
Time to set up datastructures: 8594.61ms
47.9131, 47.4989, 47.4, 47.965, 52.0821, 50.576, 48.2421, 47.4279, 47.3881, 47.3301, 47.3709, 47.4601, 47.719, 47.524, 47.425, 47.538, 47.549, 47.4792, 47.534, 47.4288, 47.3781, 49.104, 49.1772, 47.8449, 47.3709, 47.425, 47.39, 47.581, 48.1191, 47.4899, 47.4672, 47.3888, 47.5721, 47.6179, 47.6022, 47.4629, 47.3859, 48.995, 48.9559, 47.8251, 47.41, 47.472, 47.395, 47.6279, 47.4341, 47.2929, 47.332, 47.616, 47.374, 47.564, 47.5841, 50.7779, 50.5209, 48.4881, 47.5879, 47.5299, 47.5109, 47.3592, 47.4238, 47.3862, 47.5109, 47.3781, 47.292, 47.4391, 47.467, 47.539, 47.358, 47.3981, 47.435, 47.457, 47.503, 47.452, 48.795, 49.386, 47.9131, 47.451, 47.4131, 47.595, 47.405, 48.898, 48.707, 47.945, 47.616, 48.682, 49.556, 50.102, 49.5222, 50.993, 48.604, 47.5709, 47.5211, 47.4229, 47.5371, 48.975, 49.0439, 48.291, 47.626, 47.462, 47.502, 47.529, 
Time to set up datastructures: 8583.89ms
46.6371, 46.6769, 46.8352, 47.581, 48.3849, 48.121, 47.1241, 46.9611, 46.7889, 46.838, 46.6301, 46.562, 46.644, 46.669, 46.5319, 46.6342, 46.582, 46.7179, 46.5362, 46.4439, 46.5491, 46.777, 46.5999, 46.6502, 47.93, 48.094, 47.477, 47.441, 46.7789, 46.6561, 46.562, 46.5641, 46.6719, 46.901, 46.7021, 46.53, 46.663, 46.7, 46.8428, 46.6411, 46.6499, 46.8452, 46.9139, 46.6471, 46.659, 46.587, 46.634, 46.6671, 46.7081, 46.6819, 46.706, 46.67, 46.5899, 46.5751, 46.6831, 46.5479, 46.6361, 46.597, 46.6268, 46.6161, 46.5691, 46.5219, 46.6609, 46.6602, 46.5829, 46.587, 46.586, 46.6361, 46.5729, 48.111, 46.982, 46.6871, 46.658, 46.5069, 46.5002, 46.5949, 46.613, 46.5848, 46.5691, 46.5639, 46.6092, 46.608, 46.5629, 46.5381, 46.598, 46.6049, 46.6111, 47.859, 47.668, 47.5101, 46.9689, 46.6542, 46.68, 49.448, 47.0121, 46.5639, 46.6502, 46.629, 46.5591, 46.7639, 
Time to set up datastructures: 8561.82ms
45.3701, 46.7229, 46.6311, 46.2821, 46.2189, 45.4741, 45.459, 46.252, 46.9141, 46.385, 46.4919, 45.707, 45.567, 45.337, 45.455, 46.4611, 46.84, 46.416, 46.0389, 45.5251, 45.4919, 45.3961, 46.4139, 46.8071, 45.892, 45.5151, 45.9552, 45.6049, 45.6181, 45.351, 45.373, 45.469, 45.311, 45.5921, 45.567, 45.439, 45.4919, 46.3111, 46.876, 46.2141, 46.1628, 45.6901, 46.2639, 45.7261, 45.63, 45.573, 45.4652, 45.598, 45.3629, 45.558, 45.4571, 45.506, 45.4299, 45.469, 45.6951, 45.505, 45.3219, 45.4459, 45.3701, 45.372, 45.5461, 45.4669, 46.5751, 45.7599, 45.825, 45.5048, 45.4638, 45.3582, 45.3939, 45.5301, 45.4431, 46.6828, 46.628, 46.7322, 46.186, 45.4578, 45.3441, 45.4979, 45.557, 45.373, 46.4189, 46.4361, 46.1259, 45.6522, 45.476, 45.3141, 46.5939, 45.8572, 45.7859, 45.47, 45.398, 45.4559, 45.5878, 45.3782, 45.5489, 45.3341, 45.5358, 45.423, 45.5651, 45.553, 
Running CRSMerge implementation
Time to set up datastructures: 11951.6ms
146.579, 146.172, 146.312, 146.292, 146.422, 146.376, 146.28, 146.276, 146.319, 148.785, 147.126, 146.496, 146.403, 146.332, 146.226, 146.2, 146.338, 146.542, 146.33, 146.35, 146.318, 146.584, 146.44, 146.443, 146.464, 146.496, 146.328, 146.298, 146.335, 146.385, 146.269, 146.305, 146.358, 146.317, 153.285, 157.212, 146.768, 146.361, 146.537, 148.775, 147.668, 146.381, 146.317, 146.379, 149.22, 146.986, 146.402, 146.393, 146.433, 149.901, 146.932, 146.569, 146.278, 146.45, 154.47, 153.986, 152.493, 153.321, 161.336, 157.414, 146.358, 146.513, 146.35, 147.073, 146.534, 146.458, 146.434, 146.456, 146.559, 146.33, 146.222, 146.387, 146.289, 146.633, 146.377, 146.217, 148.954, 146.688, 146.394, 147.26, 146.386, 146.355, 146.262, 146.257, 146.343, 146.351, 146.606, 146.384, 146.384, 146.364, 147.117, 146.304, 146.537, 146.213, 146.493, 146.292, 146.355, 146.231, 146.296, 146.985, 
Time to set up datastructures: 9789.78ms
102.271, 101.964, 102.05, 102.038, 101.924, 102.19, 102.061, 101.972, 102.31, 102.025, 102.368, 102.045, 102.127, 101.992, 102.042, 102.15, 102.539, 102.13, 101.935, 102.308, 101.986, 102.111, 102.078, 102.009, 102.087, 101.966, 101.99, 102.615, 101.986, 102.322, 102.177, 102.059, 102.685, 102.014, 102.02, 102.025, 102.106, 102.069, 102.005, 102.332, 102.403, 102.117, 102.421, 101.994, 102.06, 101.925, 101.961, 101.964, 102.066, 102.253, 102.067, 103.241, 105.041, 102.06, 102.158, 102.577, 102.328, 101.951, 102.325, 102.005, 102.047, 102.053, 102.07, 102.055, 101.948, 102.513, 102.151, 101.896, 102.096, 102.242, 102.09, 102.252, 101.958, 102.089, 102.053, 103.357, 101.997, 102.013, 102.392, 101.996, 102.081, 101.975, 101.961, 101.926, 101.954, 102.017, 101.894, 102.04, 102.048, 102.399, 102.152, 102.107, 102.011, 102.014, 102.461, 102.376, 101.991, 102.14, 102.106, 102.12, 
Time to set up datastructures: 13751.5ms
81.0418, 81.1179, 81.239, 81.0981, 81.049, 81.116, 81.259, 81.1329, 81.0499, 81.135, 81.2521, 81.135, 81.1019, 81.136, 81.172, 81.1779, 81.176, 81.1698, 81.084, 81.037, 81.12, 81.059, 81.0859, 81.1169, 81.1348, 81.1272, 81.115, 81.1279, 81.2008, 80.976, 81.0411, 81.146, 81.146, 81.073, 81.0511, 81.2049, 81.1169, 81.121, 81.2471, 81.147, 81.12, 81.1279, 81.14, 81.1422, 81.135, 81.1279, 81.121, 81.054, 81.0931, 81.1069, 81.1641, 81.1279, 81.0909, 81.1791, 83.976, 81.301, 81.136, 81.1141, 81.2249, 81.269, 81.089, 81.1, 81.1131, 81.2831, 81.094, 81.1548, 81.0511, 81.1291, 81.105, 81.0781, 81.0528, 81.2068, 81.109, 81.109, 81.084, 81.1591, 81.12, 81.136, 81.109, 81.063, 81.0759, 81.1591, 81.079, 81.1629, 81.104, 81.11, 81.0721, 81.074, 81.197, 81.0871, 81.1739, 81.1419, 81.2201, 81.1648, 81.1248, 81.0461, 81.1379, 81.074, 81.1548, 81.5201, 
Time to set up datastructures: 13380.6ms
68.501, 68.506, 68.5189, 68.567, 68.5611, 68.553, 68.547, 68.7661, 68.4659, 68.548, 68.5561, 68.547, 68.598, 68.4919, 68.5229, 68.5811, 68.584, 68.5539, 68.5461, 68.5022, 68.4888, 68.511, 68.5179, 68.506, 68.542, 68.5101, 68.547, 68.7768, 68.5382, 68.5759, 68.491, 68.491, 68.4731, 68.5329, 68.5711, 68.594, 68.6369, 68.6171, 68.5101, 68.5101, 68.517, 68.598, 68.517, 68.4841, 68.517, 68.505, 68.5349, 68.49, 68.5132, 68.532, 68.5699, 68.4841, 68.5, 68.5329, 68.4991, 68.4879, 68.5101, 68.552, 68.578, 68.4829, 68.5382, 68.558, 68.5968, 68.495, 68.526, 68.6002, 68.5959, 68.429, 68.5029, 68.5441, 68.511, 68.6419, 68.505, 68.5639, 68.5272, 68.5258, 68.516, 68.6281, 68.5489, 68.4218, 68.6691, 68.44, 68.505, 68.501, 68.464, 68.5298, 68.536, 68.558, 68.5408, 68.4881, 68.5201, 68.531, 68.4919, 68.4431, 68.553, 69.8409, 68.572, 68.4171, 68.4719, 68.6188, 
Time to set up datastructures: 13743.3ms
61.023, 61.0411, 61.065, 61.08, 61.079, 61.111, 61.029, 61.0969, 61.1081, 60.977, 61.0149, 61.1072, 61.0659, 61.0871, 61.0518, 61.058, 61.084, 61.111, 61.1141, 61.1031, 61.125, 61.0878, 61.0671, 61.0631, 61.0759, 61.106, 61.0712, 61.0409, 61.0721, 61.0878, 61.1081, 61.038, 61.0409, 61.038, 61.0802, 61.0678, 61.064, 61.022, 61.0161, 61.017, 61.1079, 61.0411, 61.1019, 60.9951, 61.1088, 61.023, 61.0549, 61.0781, 61.049, 61.054, 61.141, 60.993, 61.012, 61.0089, 61.131, 61.028, 61.0149, 61.0349, 61.0702, 61.0478, 61.1031, 61.064, 61.0499, 61.0621, 61.028, 61.1429, 61.126, 61.0051, 61.0609, 61.048, 61.0969, 61.0192, 60.9999, 61.161, 61.0399, 61.0142, 61.0049, 61.146, 61.0271, 60.9801, 61.0249, 61.0349, 61.12, 61.172, 61.136, 61.13, 61.0349, 61.1482, 61.048, 61.0149, 60.998, 61.0881, 61.0421, 61.1351, 61.0108, 61.224, 61.1062, 61.007, 60.993, 61.054, 
Time to set up datastructures: 14042.8ms
56.951, 56.8769, 57.019, 56.982, 56.947, 56.9391, 56.9861, 57.0149, 56.978, 56.957, 56.9341, 56.958, 56.9749, 56.9022, 56.942, 56.9119, 56.941, 56.947, 56.9611, 56.906, 56.922, 56.9539, 56.9181, 56.9041, 56.9348, 56.8762, 56.8788, 56.9129, 56.9661, 57.0011, 56.9289, 56.9561, 56.952, 56.9201, 56.9129, 56.9761, 56.8991, 56.958, 56.8969, 56.911, 56.942, 56.8912, 56.922, 56.932, 56.881, 56.8681, 56.936, 56.9849, 56.926, 56.926, 56.9079, 56.993, 56.947, 56.9389, 56.8361, 57.0199, 56.8569, 56.9711, 56.911, 57.0021, 56.8781, 56.9699, 56.869, 56.952, 56.936, 56.9031, 56.917, 56.926, 56.9551, 56.9448, 56.999, 56.8931, 56.9589, 56.9031, 56.9029, 56.994, 56.901, 57.049, 57.0469, 56.9711, 56.9639, 57.1072, 56.927, 56.951, 56.8829, 56.922, 56.9172, 56.972, 57.0738, 56.9632, 56.891, 56.946, 56.947, 56.8938, 56.9341, 56.9119, 56.9122, 56.9079, 56.921, 56.89, 
Time to set up datastructures: 14202.9ms
53.4451, 53.417, 53.416, 53.3371, 53.5538, 53.3788, 53.4182, 53.4229, 53.426, 53.3869, 53.4191, 53.427, 53.4, 53.4031, 53.3819, 53.3872, 53.3528, 53.3922, 53.3018, 53.314, 53.4329, 53.422, 53.4201, 53.3841, 53.3619, 53.3791, 53.3841, 53.3869, 53.4251, 53.3931, 53.407, 53.391, 53.406, 53.329, 53.3099, 53.3721, 53.3409, 53.3001, 53.4229, 53.405, 53.3888, 53.3991, 53.4539, 53.3688, 53.4308, 53.334, 53.406, 53.375, 53.4549, 53.6671, 53.3881, 53.3299, 53.3619, 53.462, 53.3659, 53.4101, 53.3988, 53.308, 53.349, 53.3891, 53.4289, 53.3872, 53.3419, 53.406, 53.3872, 53.4458, 53.669, 53.4201, 53.3879, 53.437, 53.443, 53.359, 53.453, 53.4239, 53.328, 53.3521, 53.3669, 53.3712, 53.3309, 53.4649, 53.457, 53.432, 53.436, 53.4711, 53.4821, 53.5669, 53.369, 53.5309, 53.359, 53.3791, 53.4351, 53.3929, 53.3881, 53.314, 53.3731, 53.339, 53.3769, 53.405, 53.3221, 53.37, 
Time to set up datastructures: 13962.7ms
51.1069, 51.1, 51.0941, 51.1088, 51.1351, 51.2011, 51.209, 51.163, 51.0631, 51.1649, 51.291, 51.1391, 51.11, 51.151, 51.0831, 51.084, 51.0349, 51.0991, 51.23, 51.0712, 51.0938, 51.049, 51.08, 51.019, 51.091, 51.08, 51.142, 51.163, 51.1808, 51.0669, 51.1441, 51.1639, 51.1692, 51.132, 51.121, 51.136, 51.162, 51.132, 51.0631, 51.0559, 51.0912, 51.0678, 51.1692, 51.0888, 51.115, 51.1451, 51.1229, 51.1098, 51.0428, 51.163, 51.074, 51.1599, 51.0921, 51.095, 51.059, 51.1301, 51.0859, 51.0359, 51.0762, 51.074, 51.0879, 50.9961, 51.1291, 51.1329, 51.0778, 51.0991, 51.147, 51.0681, 51.1041, 51.0349, 51.1301, 51.1341, 51.064, 51.1699, 51.0602, 51.1849, 51.1811, 51.1119, 51.1429, 51.075, 51.0769, 51.105, 51.044, 51.1348, 51.224, 51.2412, 51.132, 51.132, 51.0051, 51.25, 51.3151, 51.173, 51.1351, 51.0938, 51.07, 51.1529, 51.085, 51.0821, 51.1079, 51.1031, 
Time to set up datastructures: 14005.1ms
49.274, 48.9562, 48.9869, 49.0031, 49.1309, 48.9631, 48.9469, 49, 48.9471, 49.0179, 49.0272, 49.0019, 48.945, 49.2251, 49.1009, 48.9771, 48.9659, 48.939, 49.089, 49.036, 49.0019, 49.13, 48.965, 49.017, 49.006, 48.9819, 48.9779, 48.949, 48.9841, 48.9562, 49.031, 49.036, 48.9578, 49.001, 49.0341, 48.9669, 48.943, 49.011, 49.0201, 48.9821, 49.037, 49.041, 48.996, 49.0179, 49.4339, 49.0029, 48.9631, 49.0119, 49.0081, 48.9199, 49.0141, 49.041, 49.0539, 49, 49.1281, 49.078, 49.036, 48.995, 48.9759, 49.088, 49.042, 49.0611, 48.887, 49, 48.9631, 48.95, 48.933, 48.9941, 49.0079, 52.6838, 49.3948, 48.9841, 49.011, 48.9349, 49.042, 48.8961, 48.985, 49.1412, 49.0239, 49.022, 49.1171, 48.9969, 48.996, 48.9531, 49.0601, 49.068, 49.2179, 49.0282, 49.0739, 49.031, 48.975, 48.996, 48.9922, 48.9719, 49.2771, 49.0551, 49.032, 49.022, 49.067, 49.161, 
Time to set up datastructures: 14105.4ms
47.9019, 47.703, 47.7471, 47.7688, 47.734, 47.7171, 47.6899, 47.7819, 47.749, 47.7149, 47.8351, 47.7519, 47.8671, 47.9629, 47.9169, 47.6451, 47.75, 47.652, 47.9431, 47.8699, 47.699, 47.9209, 47.992, 47.832, 47.663, 47.735, 47.852, 47.786, 47.6632, 47.7359, 47.761, 47.765, 47.7221, 47.729, 47.745, 47.636, 47.6658, 47.6501, 47.7259, 47.693, 47.75, 47.657, 47.7221, 47.734, 47.734, 47.6339, 47.859, 47.792, 47.6499, 47.7161, 47.7378, 47.6389, 47.6751, 47.6749, 47.709, 47.6911, 47.6899, 47.6749, 47.6911, 47.688, 47.6601, 47.786, 47.6661, 47.668, 48.0349, 47.8971, 47.7018, 47.8091, 47.8439, 47.868, 47.7319, 48.1889, 47.677, 47.6961, 47.6761, 47.8389, 48.1, 47.971, 48.197, 48.028, 47.6401, 47.8609, 47.7982, 47.699, 47.646, 47.6859, 47.699, 47.704, 47.591, 47.7419, 47.6451, 47.667, 47.72, 47.718, 47.833, 47.8961, 49.691, 47.8389, 47.714, 47.9791, 
Time to set up datastructures: 14178.4ms
46.4029, 46.3321, 46.4129, 46.387, 46.422, 46.469, 46.396, 46.3762, 46.3948, 46.392, 46.385, 46.4029, 46.4709, 46.423, 46.535, 46.4299, 46.4401, 46.376, 46.4339, 46.4189, 46.422, 46.4749, 46.4399, 46.474, 46.483, 46.396, 46.5271, 46.3901, 46.412, 46.5088, 46.392, 46.34, 46.463, 46.4389, 46.4799, 46.3791, 46.3841, 46.4728, 46.447, 46.391, 46.526, 46.2742, 46.4749, 46.459, 46.4711, 46.5229, 46.412, 46.349, 46.365, 46.4458, 46.4611, 46.3839, 46.4902, 46.4399, 46.4139, 46.4411, 46.381, 46.392, 46.4091, 46.371, 46.375, 46.3901, 46.407, 46.4211, 46.345, 46.412, 46.3481, 46.4709, 46.4101, 46.4561, 46.509, 46.4239, 46.4211, 46.422, 46.3099, 46.443, 46.4299, 46.5081, 46.3989, 46.458, 46.4962, 46.428, 46.4411, 46.5, 46.3459, 46.417, 46.4489, 46.5322, 46.417, 46.4401, 46.4768, 46.3321, 46.3619, 46.428, 46.4501, 46.4158, 46.3741, 46.361, 46.4752, 46.392, 
Time to set up datastructures: 13998.7ms
44.2901, 44.368, 44.2541, 44.2901, 44.2579, 44.3501, 44.2729, 44.255, 44.4031, 44.3389, 44.3411, 44.337, 44.2691, 44.277, 44.292, 44.338, 44.3029, 44.2951, 44.3699, 44.3501, 44.2669, 44.2519, 44.3141, 44.2929, 44.3051, 44.3349, 44.2851, 44.3082, 44.2939, 44.2321, 44.3199, 44.318, 44.2901, 44.349, 44.2681, 44.3149, 44.271, 44.3268, 44.3289, 44.276, 44.3151, 44.3509, 44.379, 44.379, 44.2631, 44.2739, 44.2932, 44.2688, 44.245, 44.3358, 44.2491, 44.2791, 44.25, 44.3349, 44.2412, 44.3399, 44.2619, 44.3151, 44.4191, 44.3621, 44.3549, 44.2541, 44.3189, 44.302, 44.354, 44.3139, 44.2569, 44.301, 44.3511, 44.26, 44.307, 44.3149, 44.3392, 44.3208, 44.322, 44.1792, 44.3699, 44.2839, 44.338, 44.2362, 44.246, 44.3211, 44.2629, 44.313, 44.3001, 44.3828, 44.3568, 44.251, 44.3602, 44.292, 44.2591, 44.276, 44.332, 44.261, 44.39, 44.348, 44.256, 44.2162, 44.24, 44.3389, 
Time to set up datastructures: 14009.6ms
43.5801, 43.4568, 43.4308, 43.4532, 43.438, 43.498, 43.4408, 43.4401, 43.3919, 43.4961, 43.4959, 44.0528, 43.5731, 43.551, 43.4608, 43.5102, 43.5479, 43.5221, 43.504, 43.6189, 44.0881, 43.5929, 43.5181, 43.4918, 43.4589, 43.5009, 43.4771, 43.426, 43.462, 43.467, 43.4239, 43.4592, 43.515, 43.509, 43.6158, 43.5381, 43.4899, 43.5102, 43.5269, 43.529, 43.4859, 43.5691, 43.5531, 43.427, 43.4349, 43.494, 43.565, 43.462, 43.509, 43.421, 43.4642, 43.5219, 44.2719, 43.5481, 43.469, 43.504, 43.5021, 43.57, 43.468, 43.4849, 43.524, 43.503, 43.529, 43.4411, 43.5209, 43.483, 43.5419, 43.596, 43.4959, 43.437, 43.4351, 43.5219, 43.5071, 43.4461, 43.524, 43.4489, 43.4971, 43.4918, 43.6041, 43.5488, 43.539, 43.4611, 43.406, 43.4461, 43.4749, 43.5979, 43.4201, 43.5529, 43.5181, 43.54, 43.426, 43.4821, 43.4859, 43.4611, 43.5381, 43.4148, 43.5772, 43.4768, 43.4492, 43.5779, 
Running CSB implementation
Time to set up datastructures: 13647ms
88.7952, 88.7499, 88.6581, 88.7392, 88.7558, 88.8472, 88.5589, 88.4399, 88.7201, 89.0419, 88.778, 88.4521, 88.6199, 88.968, 88.6431, 88.666, 88.429, 88.6979, 88.67, 88.6412, 88.8648, 88.6989, 88.7032, 88.9568, 88.7671, 88.712, 88.655, 88.603, 89.1528, 88.882, 88.717, 88.7802, 88.5739, 88.68, 88.6071, 88.7051, 88.5739, 88.563, 88.7711, 88.635, 88.695, 88.6638, 88.7671, 89.015, 88.6462, 88.567, 88.6679, 88.825, 88.9311, 88.7501, 88.5439, 88.6309, 88.7311, 88.8519, 88.9392, 88.8479, 88.6672, 88.7439, 88.8391, 88.8641, 88.9339, 88.5699, 88.5899, 88.5811, 88.6428, 88.9671, 88.892, 88.686, 88.5839, 88.805, 88.7182, 88.6989, 88.7492, 88.7609, 88.6719, 88.865, 88.7311, 88.51, 88.82, 88.6331, 88.511, 88.841, 88.635, 88.7022, 88.7539, 88.5601, 88.6099, 88.7201, 89.021, 88.9571, 88.6269, 88.7361, 88.7759, 88.6681, 88.9709, 88.7382, 89.052, 88.5799, 88.7792, 88.7418, 
Time to set up datastructures: 13690.1ms
62.1669, 61.0631, 60.8699, 61.6162, 61.239, 60.7741, 61.0838, 61.2681, 61.125, 61.482, 61.07, 60.919, 60.998, 61.0201, 60.9989, 60.9231, 61.1498, 60.951, 60.9488, 61.198, 60.8871, 61.255, 60.956, 61.039, 60.822, 60.9798, 61.1701, 61.1939, 60.827, 61.049, 61.0101, 60.9529, 60.9338, 60.991, 63.005, 60.972, 61.085, 61.239, 60.791, 60.9119, 61.1792, 61.1639, 61.017, 61.156, 61.0061, 60.9519, 61.887, 61.0399, 60.9062, 60.781, 60.998, 61.1739, 61.2202, 61.677, 60.9789, 60.9581, 61.1348, 60.775, 61.415, 61.0368, 61.064, 60.93, 60.9019, 61.0478, 61.7929, 60.986, 60.946, 60.9751, 61.2159, 61.2681, 61.1632, 60.9958, 60.993, 61.244, 61.5671, 61.487, 60.9221, 61.012, 61.141, 62.1459, 60.837, 60.8709, 61.0352, 60.9889, 61.4221, 61.2731, 61.368, 60.8089, 61.0931, 61.3508, 60.9372, 61.028, 60.8969, 60.987, 60.899, 61.0471, 61.074, 60.8089, 60.8981, 61.1382, 
Time to set up datastructures: 15495ms
50.863, 50.997, 50.9088, 50.8981, 50.94, 51.013, 50.9892, 50.972, 50.9, 50.9, 50.9491, 50.921, 50.9119, 50.9071, 50.916, 50.8928, 50.9601, 50.992, 51.017, 51.044, 50.914, 50.9491, 51.1479, 50.9319, 51.018, 50.9181, 50.9651, 50.9388, 50.8912, 50.9369, 50.8771, 50.916, 50.9439, 50.941, 50.904, 50.858, 50.956, 50.9679, 50.9, 50.848, 50.9572, 50.9529, 50.899, 50.9629, 51.0781, 51.0659, 51.0302, 50.91, 50.951, 50.9601, 50.936, 50.9019, 50.9341, 50.8969, 51.039, 50.9381, 50.9341, 51.018, 51.033, 51.0318, 50.9191, 50.9779, 50.9341, 50.884, 51.0302, 50.935, 50.9639, 50.9901, 50.94, 50.9629, 50.952, 50.9641, 50.9419, 50.9081, 50.8859, 50.909, 50.9031, 50.916, 50.8561, 50.76, 51.0118, 50.8292, 50.967, 51.0039, 50.971, 50.9889, 51.0161, 50.961, 50.9341, 50.8621, 51.163, 51.008, 50.957, 50.8931, 50.977, 50.992, 50.9441, 50.9548, 50.971, 50.91, 
Time to set up datastructures: 15801.9ms
46.2801, 46.289, 46.2499, 46.2711, 46.2751, 46.2301, 46.2508, 46.2751, 46.303, 46.1929, 46.284, 46.3002, 46.2909, 46.279, 46.3178, 46.2611, 46.243, 46.3221, 46.3321, 46.3848, 46.314, 46.2751, 46.299, 46.299, 46.3231, 49.7549, 46.303, 46.3071, 46.303, 46.2079, 46.298, 46.195, 46.339, 46.3591, 46.2749, 46.267, 46.3061, 46.2759, 46.314, 46.2902, 46.2809, 46.288, 46.243, 46.267, 46.2649, 46.3159, 46.2751, 46.2871, 46.2558, 46.2971, 46.2861, 46.279, 46.2561, 46.2489, 46.288, 46.268, 46.2551, 46.2868, 46.252, 46.279, 46.268, 46.268, 46.2871, 46.324, 46.2818, 46.283, 46.3059, 46.315, 46.257, 46.284, 46.2401, 46.2799, 46.2451, 46.3409, 46.2961, 46.314, 46.2911, 46.2759, 46.2751, 46.205, 46.2599, 46.314, 46.308, 46.2871, 46.279, 46.299, 46.2761, 46.2921, 46.289, 46.2599, 46.2461, 46.2971, 46.2909, 46.2959, 46.19, 46.303, 46.2639, 46.2241, 46.2959, 46.4101, 
Time to set up datastructures: 16761.1ms
42.5329, 42.5432, 42.5608, 42.5642, 42.5389, 42.531, 42.563, 42.5701, 42.6099, 42.5441, 42.568, 42.527, 42.541, 42.5539, 42.547, 42.5441, 42.5899, 42.562, 42.527, 42.5782, 42.5529, 42.6159, 43.9539, 42.5999, 42.5661, 42.6002, 42.6049, 42.573, 42.5742, 42.5429, 42.547, 42.618, 42.531, 42.5489, 42.5971, 42.5451, 42.5708, 42.6302, 42.5439, 42.5639, 42.558, 42.558, 42.562, 42.5839, 42.5589, 42.5951, 42.557, 42.573, 42.5692, 42.5179, 42.5811, 42.532, 42.532, 42.5611, 42.552, 42.531, 42.609, 42.5479, 42.4972, 42.6049, 42.5661, 42.5949, 42.5839, 42.5551, 42.7351, 42.5999, 42.5501, 42.63, 42.5899, 42.618, 42.6311, 42.5789, 42.588, 42.5251, 42.5651, 42.5379, 42.583, 42.557, 42.588, 42.5761, 42.5689, 42.5711, 42.5529, 42.5379, 42.6128, 42.5708, 42.556, 42.5851, 42.65, 42.537, 42.5379, 42.567, 42.6841, 42.5861, 42.556, 42.5639, 42.5761, 42.5699, 42.5501, 42.5761, 
Time to set up datastructures: 16928.6ms
42.1052, 42.0868, 42.064, 42.0828, 42.0508, 42.104, 42.0501, 42.0809, 42.0921, 42.0721, 42.0971, 42.079, 42.032, 42.1128, 42.094, 42.1062, 42.0389, 42.053, 42.1159, 42.3808, 42.1691, 42.1271, 42.0909, 42.052, 42.13, 42.0921, 42.0539, 42.0771, 42.1309, 42.135, 42.1309, 42.0761, 42.0971, 42.1579, 42.1121, 42.063, 42.0499, 42.032, 42.1331, 42.11, 42.161, 42.062, 42.099, 42.1009, 42.048, 42.1722, 42.1278, 42.0971, 42.1319, 42.1021, 42.084, 42.0499, 42.141, 42.083, 42.0289, 42.079, 42.0361, 42.083, 42.134, 42.0649, 42.0952, 42.026, 42.0129, 42.0401, 42.0239, 42.068, 42.0401, 42.0358, 42.0611, 42.0399, 42.119, 42.038, 42.11, 42.0411, 42.0499, 41.991, 42.064, 42.0659, 42.0551, 42.089, 42.0699, 42.1591, 42.073, 42.0289, 42.0899, 42.0399, 42.1019, 42.0949, 42.0518, 42.1052, 42.0499, 42.0492, 42.177, 42.146, 42.0589, 42.0361, 42.074, 42.0449, 42.099, 42.0289, 
Time to set up datastructures: 17045.4ms
41.7862, 41.8789, 41.8069, 41.8069, 41.769, 41.728, 41.7001, 41.7159, 41.7349, 41.779, 41.7659, 41.7359, 41.7981, 41.7449, 41.7221, 41.6911, 41.7399, 41.7681, 41.7571, 41.7278, 41.7321, 41.7001, 41.7719, 41.7199, 41.728, 41.7089, 41.738, 41.774, 41.728, 41.7311, 41.744, 41.7838, 41.7371, 41.739, 41.703, 41.749, 41.779, 41.744, 41.765, 41.6889, 41.7731, 41.718, 41.744, 41.769, 41.7049, 41.7681, 41.702, 41.7509, 41.7931, 41.7461, 41.785, 41.7559, 41.7709, 41.7252, 41.6989, 41.703, 41.7101, 41.7221, 41.739, 41.707, 41.749, 41.738, 41.7159, 41.7511, 41.748, 41.755, 41.79, 41.7349, 41.7531, 41.6961, 41.7399, 41.7049, 41.7461, 41.7171, 41.714, 41.743, 41.774, 41.7509, 41.708, 41.7731, 41.7399, 41.754, 41.7471, 41.765, 41.786, 41.734, 41.7621, 41.7259, 41.7371, 41.728, 41.765, 41.7709, 41.6949, 41.7922, 41.7271, 41.7609, 41.7631, 41.729, 41.714, 41.748, 
Time to set up datastructures: 17317.7ms
42.0201, 42.007, 42.062, 42.0349, 42.0692, 42.058, 42.0449, 42.0301, 42.0399, 41.9922, 42.0728, 42.0072, 42.0458, 42.098, 41.9791, 42.0499, 41.9672, 42.0189, 41.96, 42.0558, 42.0351, 42.033, 42.016, 42.0351, 42.0148, 41.9869, 42.0692, 42.0458, 41.9612, 41.9898, 41.975, 42.114, 42.0291, 42.079, 42.0551, 42.1269, 42.017, 42.002, 42.1102, 42.0089, 41.986, 42.0201, 42.0091, 41.9841, 41.9989, 42.0489, 42.1591, 42.0201, 42.0659, 42.0551, 42.1178, 42.119, 42.033, 42.145, 42.1009, 41.97, 41.9741, 41.98, 42.0589, 42.0511, 42.0971, 42.0589, 42.0301, 41.96, 42.0959, 41.954, 42.1009, 42.0442, 42.033, 42.0201, 41.9688, 42.0341, 42.0909, 42.0129, 42.0742, 41.9929, 42.0511, 41.991, 42.0668, 42.068, 41.954, 42.1321, 42.66, 42.089, 42.0699, 42.0671, 42.1109, 42.0141, 41.9769, 41.9519, 42.011, 42.0401, 41.986, 42.0399, 42.1212, 42.0499, 42.0961, 42.212, 42.124, 42.0659, 
Time to set up datastructures: 17361.9ms
41.811, 41.8041, 41.8301, 41.8539, 41.8241, 41.733, 41.7991, 41.8, 42.119, 42.043, 41.9099, 41.7621, 41.7299, 41.7471, 41.8148, 41.7242, 41.7578, 41.796, 41.7762, 41.779, 41.733, 41.724, 41.8279, 41.7299, 41.7569, 41.8072, 41.8029, 41.702, 41.7252, 41.734, 41.7459, 41.8952, 41.8038, 41.831, 41.7311, 41.785, 41.8072, 41.8148, 41.7738, 41.7302, 41.786, 41.759, 41.8289, 41.7831, 41.8689, 41.7781, 41.779, 41.796, 41.82, 41.815, 41.842, 41.764, 41.7449, 41.7211, 41.7411, 41.822, 41.7619, 41.7731, 41.7211, 41.8, 41.8379, 41.7368, 41.806, 41.801, 41.784, 41.743, 41.718, 41.7609, 41.7938, 41.816, 41.6982, 41.7359, 41.779, 41.852, 41.8022, 41.785, 41.7628, 41.791, 41.7991, 41.7261, 41.847, 41.8339, 41.8041, 41.78, 41.7609, 41.8611, 41.749, 41.8351, 41.7559, 41.8169, 41.82, 41.7991, 41.8589, 41.842, 41.7559, 41.749, 41.7531, 41.8091, 41.8289, 41.7709, 
Time to set up datastructures: 16961.9ms
41.178, 41.1499, 41.183, 41.1782, 41.2259, 41.24, 41.188, 41.178, 41.445, 41.2619, 41.2111, 41.209, 41.1699, 41.4271, 41.225, 41.1551, 41.194, 41.2271, 41.312, 41.225, 41.2059, 41.214, 41.1851, 41.1711, 41.1799, 41.1839, 41.193, 41.1942, 41.157, 41.177, 41.2009, 41.198, 41.188, 41.1911, 41.2159, 41.2221, 41.5571, 41.4989, 41.1901, 41.2579, 41.245, 41.307, 41.3342, 41.188, 41.2219, 41.198, 41.193, 41.2021, 41.224, 41.2021, 41.153, 41.1911, 41.147, 41.219, 41.208, 41.1711, 41.1708, 41.158, 41.187, 41.218, 41.275, 41.203, 41.4231, 41.1949, 41.1942, 41.209, 41.1699, 41.2681, 41.173, 41.2531, 41.1758, 41.203, 41.158, 41.1921, 41.2068, 41.187, 41.2111, 41.199, 41.1661, 41.167, 41.1668, 41.1801, 41.1861, 41.163, 41.2371, 41.559, 41.208, 41.189, 41.2209, 41.1942, 41.1499, 41.214, 41.1742, 41.2939, 41.157, 41.2071, 41.23, 41.142, 41.1861, 41.1351, 
Time to set up datastructures: 17218.2ms
40.838, 40.8101, 40.848, 40.8599, 40.839, 40.7941, 40.781, 40.844, 40.8309, 40.869, 40.8151, 40.791, 40.859, 40.8061, 40.8719, 40.7901, 40.797, 40.8301, 40.7979, 40.7901, 40.828, 40.5989, 40.864, 40.832, 40.8261, 40.8111, 40.853, 40.8349, 40.8251, 40.844, 40.813, 40.8151, 40.8568, 40.8092, 40.781, 40.8061, 40.7989, 40.803, 40.7951, 40.8161, 40.8409, 40.8111, 40.8411, 40.803, 41.2841, 40.894, 40.885, 40.827, 40.8149, 40.8251, 40.8218, 40.8421, 40.843, 40.8101, 40.7979, 40.8499, 40.8142, 40.822, 40.854, 40.832, 40.8468, 40.8201, 40.8189, 40.8211, 40.823, 40.8471, 40.8139, 40.8242, 40.859, 40.8139, 40.7281, 40.7879, 40.791, 40.812, 40.818, 40.87, 40.7979, 40.8001, 41.111, 40.9842, 40.822, 40.823, 40.803, 40.803, 40.834, 40.7951, 40.823, 40.8101, 40.808, 40.817, 40.868, 40.822, 40.838, 40.832, 40.88, 40.8051, 40.8061, 40.8099, 40.838, 40.8258, 
Time to set up datastructures: 17354.6ms
40.0288, 40.0629, 40.031, 39.9899, 40.0491, 40.005, 40.029, 40.0219, 40.0031, 40.0221, 40.0379, 40.0078, 40.0581, 40.0259, 40.004, 40.0059, 40.0221, 40.0279, 40.0021, 39.999, 40.004, 40.0331, 40.035, 40.0181, 40.0329, 40.019, 40.02, 40.1511, 40.0009, 40.031, 40.0231, 40.019, 40.0178, 39.984, 39.989, 40.0271, 40.0269, 40.0062, 40.0159, 40.0341, 40.015, 40.0162, 40.0109, 40.025, 40.0109, 40.0259, 40.014, 40.082, 40.0269, 40, 39.9868, 40.009, 40.046, 40.0052, 40.0538, 40.0999, 40.0312, 40.0119, 40.0259, 40.0209, 40.0372, 40.0159, 40.066, 40.056, 40.0581, 39.999, 40.0109, 40.0491, 40.0078, 40.0212, 39.995, 40.0031, 40.0259, 39.999, 40.0081, 40.0031, 40.019, 40.091, 40.031, 40.014, 40.0059, 40.024, 40.01, 40.0391, 40.0369, 39.999, 40.0021, 40.0159, 40.0279, 40.0212, 39.9978, 39.9868, 39.988, 39.999, 40.0131, 39.9859, 39.9821, 40.0479, 40.0681, 39.995, 
Time to set up datastructures: 17596.5ms
39.8581, 39.8469, 39.8271, 39.8941, 39.911, 39.8979, 39.8571, 39.9289, 39.9451, 39.881, 39.902, 39.8569, 39.9082, 39.8691, 39.84, 39.8898, 39.885, 39.8512, 39.871, 39.8769, 39.8769, 39.8462, 39.8669, 39.839, 39.87, 39.9239, 39.865, 39.8521, 39.8591, 39.906, 39.8388, 39.8631, 39.8519, 39.8529, 39.865, 39.844, 39.865, 39.845, 39.875, 39.87, 39.881, 39.86, 39.8631, 39.851, 39.8519, 39.921, 39.8581, 39.866, 39.849, 39.8488, 39.8998, 39.8521, 39.8419, 39.8831, 39.8629, 39.845, 39.8571, 39.8738, 39.8531, 39.8321, 39.922, 39.8359, 39.856, 39.854, 39.891, 39.8831, 39.8898, 39.8421, 39.8779, 39.9861, 39.886, 39.8619, 39.8769, 39.866, 39.8531, 39.8879, 39.855, 39.8512, 39.8769, 39.8719, 39.8791, 39.8319, 39.8331, 39.851, 39.861, 39.8822, 39.8588, 39.8612, 39.855, 39.8419, 39.8691, 39.8531, 39.8688, 39.9301, 39.8819, 39.9561, 39.8571, 39.8619, 39.8519, 39.8579, 
Running BlockCOH implementation
Time to set up datastructures: 19700.7ms
98.763, 98.8059, 98.9161, 98.645, 98.6929, 99.8812, 98.778, 98.6929, 98.794, 98.763, 98.6311, 98.7039, 98.696, 98.8479, 98.963, 98.9161, 98.7709, 98.928, 99.1158, 98.65, 98.7871, 98.6891, 98.829, 98.7089, 98.614, 98.6891, 100.291, 98.798, 98.743, 99.1111, 98.8948, 98.7661, 98.9571, 98.9799, 98.6991, 98.6359, 98.788, 98.6321, 98.7, 98.9368, 98.701, 98.665, 98.9659, 98.7551, 98.866, 98.7539, 99.849, 98.567, 98.7561, 98.8081, 98.7451, 98.6938, 98.6152, 98.861, 98.9249, 98.9881, 98.779, 98.789, 98.6221, 99.021, 98.7961, 98.7639, 98.82, 98.978, 99.0021, 98.851, 99.1619, 98.7592, 98.7358, 98.814, 98.9702, 98.8879, 98.7279, 98.7751, 99.0109, 99, 98.7, 98.835, 98.675, 98.819, 99.1061, 98.964, 98.9029, 98.8989, 98.712, 98.5448, 98.8538, 99.0932, 98.5689, 98.799, 98.665, 98.8231, 98.6381, 98.7859, 99.0112, 98.7048, 98.8102, 99.0398, 98.7532, 98.7308, 
Time to set up datastructures: 17440.3ms
72.0909, 72.1772, 72.0868, 72.0749, 72.1841, 72.0329, 72.073, 72.017, 72.1102, 72.051, 72.022, 72.3999, 72.1262, 72.1939, 72.155, 72.2492, 72.2749, 72.0761, 72.114, 72.058, 72.4461, 72.051, 72.1219, 72.1421, 72.51, 72.026, 72.0949, 72.042, 72.031, 72.2368, 72.1729, 72.068, 72.0751, 72.057, 72.0029, 72.0358, 72.1312, 72.0749, 72.8891, 72.7291, 72.283, 72.7959, 72.3329, 72.0141, 72.0899, 72.072, 72.181, 72.119, 72.284, 72.1672, 72.1219, 72.324, 72.0351, 72.1929, 72.0391, 72.046, 72.0189, 72.1898, 72.072, 72.1018, 72.0592, 72.614, 72.011, 72.0398, 72.15, 71.9659, 72.0291, 72.217, 72.1979, 72.0921, 72.0251, 72.1459, 72.1681, 71.9979, 72.078, 72.2091, 72.0561, 72.113, 72.12, 72.377, 72.0861, 72.084, 72.1431, 72.068, 72.0401, 72.0849, 72.114, 72.165, 72.0999, 72.2051, 72.015, 72.078, 72.473, 72.2568, 72.4859, 72.6089, 72.155, 71.9979, 72.0911, 72.1049, 
Time to set up datastructures: 17760.4ms
58.919, 58.9859, 58.934, 58.9781, 59.011, 58.841, 58.919, 58.965, 59.026, 58.871, 59.0072, 58.9769, 58.9509, 58.897, 58.754, 58.9519, 58.9211, 58.8789, 59.0241, 58.9621, 59.032, 58.9519, 58.99, 59.0529, 58.8799, 59.001, 58.8729, 58.9471, 59.032, 58.969, 58.9249, 59.0432, 58.965, 58.8889, 58.851, 58.9731, 58.948, 58.954, 58.8081, 59.0379, 58.9209, 58.8949, 59.047, 58.8958, 58.8858, 58.964, 58.9449, 58.943, 58.9609, 58.9211, 58.872, 58.959, 58.898, 58.892, 58.934, 58.9662, 58.8989, 59.0429, 58.9478, 58.9602, 58.9418, 58.9361, 58.8219, 58.881, 58.9819, 58.9819, 58.9311, 58.954, 58.954, 58.9769, 58.8961, 58.7809, 58.9318, 58.949, 58.8899, 59.0141, 59.0141, 58.9499, 58.9809, 58.8579, 58.9871, 58.8889, 59.0181, 59.021, 58.9039, 58.9871, 59.073, 59.4459, 59.3162, 59.082, 58.985, 58.96, 59.0851, 58.953, 58.8269, 59.0501, 58.9609, 58.888, 58.9681, 58.943, 
Time to set up datastructures: 18501.6ms
54.256, 54.4069, 54.405, 54.3649, 54.3511, 54.332, 54.3399, 54.2929, 54.2972, 54.3239, 54.234, 54.379, 54.3001, 54.456, 54.333, 54.3261, 54.3761, 54.3289, 54.2071, 54.4369, 54.2769, 54.3571, 54.3211, 54.322, 54.1689, 54.3051, 54.368, 54.359, 54.3292, 54.327, 54.3671, 54.425, 54.404, 54.302, 54.3129, 54.399, 54.384, 54.2901, 54.24, 54.3849, 54.342, 54.4579, 54.3611, 54.318, 54.374, 54.44, 54.245, 54.2388, 54.4331, 54.3151, 54.4159, 54.2369, 54.311, 54.256, 54.4212, 54.2209, 54.4209, 54.409, 54.2948, 54.3361, 54.316, 54.467, 54.2951, 54.3351, 54.5421, 54.3499, 54.301, 54.343, 54.285, 54.2469, 54.404, 54.4009, 54.317, 54.3571, 54.3368, 54.451, 54.456, 54.3592, 54.2169, 54.2581, 54.28, 54.2691, 54.4159, 54.3659, 54.373, 54.4279, 54.3621, 54.296, 54.4, 54.2939, 54.219, 54.4081, 54.2889, 54.4281, 54.316, 54.2901, 54.157, 54.3079, 54.316, 54.3129, 
Time to set up datastructures: 19974.2ms
51.8188, 51.6272, 51.7619, 51.6992, 51.8219, 51.842, 51.748, 51.753, 51.774, 51.877, 51.7569, 51.7612, 51.801, 51.8279, 51.8992, 51.724, 51.713, 51.8131, 51.6729, 51.7781, 51.8889, 51.6801, 51.785, 51.729, 51.8072, 51.79, 51.868, 51.8031, 51.7819, 51.8291, 51.692, 51.6791, 51.6839, 51.64, 51.8641, 51.7988, 51.7561, 51.8539, 51.7712, 51.724, 51.842, 51.7039, 51.8041, 51.8229, 51.8241, 51.7721, 51.8029, 51.8382, 51.8799, 51.811, 51.8391, 51.8191, 51.81, 51.8749, 51.738, 51.9798, 51.856, 51.8391, 51.8169, 51.795, 51.708, 51.774, 51.8372, 51.7659, 51.806, 51.856, 51.815, 51.7249, 51.872, 51.6932, 51.7778, 51.924, 51.836, 51.893, 51.8849, 51.8131, 51.893, 51.7309, 52.4051, 51.841, 51.7778, 51.7349, 51.8639, 51.7061, 51.8489, 51.6992, 51.852, 51.7731, 51.8949, 51.7931, 51.7139, 52.036, 51.7859, 51.7931, 51.8188, 51.7612, 51.7828, 51.8661, 51.8169, 51.672, 
Time to set up datastructures: 20061.3ms
49.794, 49.7992, 49.922, 49.8219, 49.906, 49.8261, 49.7839, 49.876, 49.758, 49.8838, 49.8331, 49.871, 49.911, 49.9771, 49.902, 49.999, 49.793, 49.938, 49.854, 49.906, 49.8612, 49.7968, 49.85, 49.7868, 49.916, 49.84, 49.7699, 49.7851, 49.8738, 49.793, 49.7591, 49.8331, 49.907, 49.8309, 49.839, 49.9132, 49.798, 49.7808, 49.8481, 49.7601, 49.916, 49.8509, 49.9279, 49.819, 49.8841, 49.859, 49.9718, 49.6988, 49.8841, 49.8841, 49.845, 49.835, 49.8481, 49.8519, 50.0128, 49.8681, 49.8819, 49.9091, 49.845, 49.7859, 49.999, 49.8619, 49.8829, 49.9029, 49.942, 49.933, 49.9158, 49.8939, 49.855, 49.7732, 49.8579, 49.8161, 49.9229, 49.7861, 49.8681, 50.1168, 49.9041, 49.865, 49.9671, 49.8979, 49.7661, 49.7921, 49.8319, 49.9651, 49.794, 49.8879, 49.8412, 49.896, 49.794, 49.8838, 49.8309, 49.962, 49.8991, 49.8748, 50.076, 49.9928, 49.8641, 49.938, 49.9401, 49.804, 
Time to set up datastructures: 19949.2ms
48.8641, 48.9161, 48.9788, 48.9671, 48.9721, 48.9531, 48.856, 49.005, 48.8338, 48.8071, 48.985, 49.0608, 48.9531, 48.8889, 48.9862, 48.9318, 48.8701, 48.852, 48.8982, 48.8908, 49.0041, 48.943, 48.9409, 48.9831, 49.0351, 48.991, 48.938, 48.9469, 48.9371, 48.8381, 48.9898, 48.861, 48.959, 48.9271, 48.96, 49.0861, 48.939, 49.016, 48.9368, 48.8782, 48.9738, 49.016, 49.0191, 48.9211, 48.893, 48.991, 48.943, 48.852, 48.867, 49.0181, 49.005, 48.979, 48.981, 49.0708, 48.9872, 49.0019, 48.8842, 49.0069, 48.876, 48.949, 48.841, 48.981, 48.964, 49.073, 48.8482, 49.0201, 49.0739, 48.9399, 49.088, 48.8882, 48.934, 49.1409, 48.9619, 49.0131, 48.914, 48.902, 49.0251, 48.8989, 48.9531, 48.943, 48.9371, 48.9738, 49.0761, 48.9771, 48.9278, 48.903, 49.113, 48.9681, 48.9089, 48.954, 48.948, 49.063, 49.1281, 48.9221, 48.9199, 48.9452, 48.9478, 48.943, 48.991, 49.016, 
Time to set up datastructures: 20053.7ms
49.4721, 49.4821, 49.4919, 49.5629, 49.391, 49.3979, 49.4862, 49.5279, 49.53, 49.377, 49.439, 49.4559, 49.4771, 49.5889, 49.751, 49.5601, 49.4759, 49.5532, 49.474, 49.6318, 49.4559, 49.6039, 49.479, 49.6669, 49.5281, 49.4499, 49.5179, 49.469, 49.3958, 49.5279, 49.4151, 49.2969, 49.4931, 49.489, 49.5009, 49.525, 49.4139, 49.5708, 49.4339, 49.4611, 49.5999, 49.531, 49.4549, 49.6721, 49.5169, 49.5112, 49.489, 49.489, 49.536, 49.402, 49.495, 49.509, 49.5059, 49.4781, 49.3479, 49.4971, 49.4809, 49.361, 49.535, 49.5141, 49.526, 49.5191, 49.5241, 49.4571, 49.5009, 49.4518, 49.551, 49.4161, 49.469, 49.567, 49.485, 49.4111, 49.439, 49.485, 49.5541, 49.4568, 49.407, 49.4862, 49.52, 49.3889, 49.598, 49.433, 49.4778, 49.5389, 49.505, 49.4399, 49.5291, 49.449, 49.5579, 49.4871, 49.418, 49.391, 49.5582, 49.6509, 49.5811, 49.4509, 49.4821, 49.4299, 49.5138, 49.4871, 
Time to set up datastructures: 19666.5ms
53.833, 53.5769, 53.6499, 53.6451, 53.489, 53.452, 54.25, 54.0071, 50.0791, 55.6989, 51.8541, 53.71, 53.7989, 53.8242, 53.6919, 53.812, 49.8569, 53.6559, 53.7992, 53.931, 51.7011, 52.1669, 53.6411, 52.0599, 51.4512, 53.7159, 52.5279, 50.945, 53.5941, 49.762, 53.6499, 53.509, 49.6631, 53.6129, 49.7692, 53.597, 49.763, 53.658, 49.66, 53.6561, 49.6891, 53.4859, 49.6869, 51.2149, 52.2132, 49.6209, 53.9091, 49.7599, 49.7122, 53.721, 49.701, 49.6149, 53.21, 50.143, 49.6092, 49.788, 53.551, 49.659, 49.602, 49.7119, 49.602, 52.9959, 50.0381, 49.7971, 49.603, 49.6469, 49.6271, 49.5269, 49.572, 49.6149, 49.6531, 49.5961, 49.6209, 49.6461, 54.7841, 51.049, 49.823, 49.3851, 49.3889, 49.4189, 49.2952, 49.433, 49.3989, 49.3622, 49.4769, 49.4111, 49.4051, 49.3889, 49.407, 49.402, 49.5801, 49.648, 49.34, 49.4149, 49.438, 49.391, 49.5639, 49.3932, 49.3979, 49.4559, 
Time to set up datastructures: 19528.7ms
51.4112, 51.1789, 51.1682, 51.2259, 51.2941, 51.2629, 51.1851, 51.1858, 51.2862, 51.162, 51.796, 51.6469, 51.2819, 51.132, 51.1971, 51.1229, 51.1479, 51.2362, 51.1329, 51.1849, 51.213, 51.1651, 51.1351, 51.2588, 51.332, 51.2102, 51.1069, 51.1971, 51.1229, 51.2199, 61.0929, 51.223, 51.2421, 51.301, 51.1708, 51.1062, 51.1279, 55.0671, 51.738, 51.4169, 51.5161, 51.199, 51.266, 51.1689, 51.2021, 51.182, 51.2278, 51.0931, 51.3539, 51.1742, 51.4748, 51.2261, 51.1858, 51.167, 51.1901, 51.152, 51.1599, 51.1711, 51.167, 51.0972, 51.2328, 51.1041, 51.321, 51.1851, 51.188, 51.1289, 51.1341, 51.1711, 51.132, 51.3659, 51.219, 51.194, 51.229, 51.158, 51.2321, 51.224, 51.1689, 51.1742, 51.3458, 51.1589, 51.194, 51.2671, 51.27, 51.1689, 51.208, 51.2309, 51.0862, 51.1608, 51.09, 51.2588, 51.1651, 51.281, 51.702, 51.6, 51.2111, 51.2369, 51.7089, 51.7001, 51.249, 51.291, 
Time to set up datastructures: 19046.3ms
52.5072, 52.47, 52.5498, 52.5591, 52.567, 52.5479, 52.671, 52.705, 52.5839, 52.691, 52.5849, 52.592, 52.5651, 52.5968, 52.5792, 52.6381, 52.6319, 52.675, 52.624, 52.7101, 52.532, 52.48, 52.542, 52.515, 52.5858, 52.587, 52.7229, 52.6502, 52.6159, 52.6299, 52.7251, 52.6831, 52.7549, 52.5961, 52.7549, 52.4981, 52.6152, 52.64, 52.568, 52.582, 52.6271, 52.7408, 52.633, 52.5661, 52.5811, 52.7799, 52.7771, 52.6371, 52.6021, 52.6168, 52.5482, 52.7029, 52.6102, 52.6199, 52.6471, 52.7599, 52.599, 52.624, 52.546, 52.654, 52.537, 52.5031, 52.6149, 52.6071, 52.521, 52.4421, 52.7251, 52.6209, 52.691, 52.5968, 52.6879, 52.696, 52.6352, 52.6528, 52.5382, 52.608, 52.557, 52.5789, 52.7041, 52.6941, 52.5489, 52.4991, 52.5451, 52.675, 52.705, 52.743, 52.572, 52.5351, 52.5129, 52.5041, 52.5961, 52.67, 52.609, 52.815, 52.6052, 52.582, 52.604, 52.639, 52.562, 52.5939, 
Time to set up datastructures: 19496.7ms
51.882, 51.9359, 51.903, 52.038, 51.8701, 51.9321, 51.9979, 51.9509, 52.0291, 51.9609, 51.939, 51.9252, 51.9269, 51.8811, 51.9421, 51.863, 52.022, 51.9581, 51.846, 51.847, 51.929, 51.883, 51.9211, 51.842, 51.8839, 51.8692, 52.0179, 51.955, 51.9202, 51.975, 51.944, 51.924, 51.9269, 51.8799, 51.883, 51.8839, 51.857, 51.9609, 51.9199, 51.94, 51.9791, 51.8229, 52.0532, 51.9629, 51.811, 51.847, 51.9259, 51.9431, 51.9381, 51.8842, 51.863, 51.944, 51.8968, 51.924, 51.815, 51.9328, 51.9311, 51.904, 51.964, 51.935, 51.8341, 51.9009, 51.856, 51.9462, 51.847, 51.8448, 51.985, 51.9168, 51.9471, 51.8811, 51.8179, 51.9111, 51.9869, 51.914, 51.9361, 51.9199, 51.8742, 51.9538, 52.0301, 51.8701, 51.872, 51.9249, 51.8301, 51.9321, 52.146, 51.991, 51.9161, 51.8849, 51.9352, 51.9998, 52.1212, 52.073, 51.887, 51.9619, 51.898, 51.846, 51.857, 51.9431, 51.8961, 51.96, 
Time to set up datastructures: 19457.4ms
50.406, 50.5431, 50.688, 50.6048, 50.4649, 50.5559, 50.5011, 50.432, 50.5271, 50.415, 50.5199, 50.4, 50.4231, 50.4789, 50.4389, 50.482, 50.4651, 50.463, 50.5271, 50.446, 50.4479, 50.5049, 50.529, 50.4432, 50.3919, 50.4241, 50.4649, 50.4272, 50.431, 50.4718, 50.375, 50.4899, 50.5011, 50.508, 50.452, 50.494, 50.4441, 50.458, 50.4849, 50.5152, 50.422, 50.5381, 50.4649, 50.4379, 50.498, 50.565, 50.4479, 50.4751, 50.427, 50.4961, 50.4229, 50.4191, 50.39, 50.488, 50.5269, 50.4901, 50.37, 50.447, 50.3759, 50.4551, 50.427, 50.447, 50.6029, 50.4761, 50.4601, 50.4658, 50.4951, 50.4179, 50.38, 50.4291, 50.4301, 50.447, 50.396, 50.3869, 50.451, 50.508, 50.4541, 50.4739, 50.3721, 50.405, 50.4749, 50.662, 50.4382, 50.5388, 50.4031, 50.5011, 50.4818, 50.3602, 50.5028, 50.6642, 50.5049, 50.4901, 50.355, 50.5629, 50.5481, 50.4911, 50.5219, 50.523, 50.447, 50.421, 

run on commit: 260dbfb5cc251e2ca5b57530ef04bc70282bc3e6