2 3 4 5 6 7 8 9 10 11 12 13 14
Running sequential algorithm
Time to set up datastructures: 10329.7ms
238.407, 238.324, 238.395, 238.766, 238.396, 238.368, 238.32, 238.293, 238.517, 238.523, 238.359, 238.313, 238.202, 238.484, 238.266, 238.273, 238.278, 238.348, 238.375, 238.277, 238.273, 238.359, 238.207, 238.238, 238.289, 238.783, 238.387, 238.387, 238.202, 238.282, 238.356, 238.274, 238.246, 238.248, 238.325, 238.375, 238.351, 238.626, 238.394, 238.207, 238.207, 238.345, 238.568, 238.304, 238.278, 238.39, 238.36, 238.222, 238.285, 238.41, 238.286, 238.285, 238.344, 238.324, 238.242, 238.391, 238.231, 238.345, 238.274, 238.617, 238.316, 238.27, 238.246, 238.43, 238.242, 238.364, 238.198, 238.251, 238.378, 238.39, 238.376, 238.214, 238.501, 238.282, 238.253, 238.34, 238.555, 238.43, 238.281, 238.192, 238.279, 238.237, 238.371, 238.276, 238.234, 238.36, 238.322, 238.465, 238.317, 238.152, 238.097, 238.262, 238.274, 238.508, 238.278, 238.238, 238.317, 238.351, 238.203, 238.231, 
Running OpenMP implementation
Time to set up datastructures: 15280.1ms
114.938, 114.704, 114.732, 114.987, 114.911, 114.748, 114.791, 114.862, 114.853, 114.879, 114.789, 114.877, 114.761, 114.897, 114.84, 114.721, 114.985, 114.715, 115.126, 114.912, 114.812, 114.814, 114.749, 114.723, 114.703, 114.995, 114.817, 114.707, 114.808, 114.876, 114.811, 114.743, 114.763, 114.885, 114.864, 115.048, 114.902, 114.876, 114.954, 115.06, 114.857, 114.736, 114.811, 114.716, 115.107, 114.664, 114.756, 114.821, 114.742, 114.818, 114.806, 114.861, 114.734, 115.447, 114.848, 115.031, 114.85, 114.887, 114.849, 115.099, 114.874, 114.947, 114.836, 114.778, 114.981, 114.892, 114.779, 114.827, 114.811, 114.703, 115.041, 114.949, 114.959, 114.974, 115.004, 114.857, 114.756, 114.792, 114.844, 115, 114.687, 114.829, 114.776, 114.868, 114.8, 115.955, 115.177, 114.994, 115.231, 115.041, 115.157, 115.215, 115.048, 114.988, 115.021, 115.052, 115.133, 115.05, 114.784, 115.039, 
Time to set up datastructures: 12199.4ms
79.632, 79.6309, 79.6049, 79.7191, 79.4709, 79.5491, 79.6402, 79.937, 79.5839, 79.7451, 79.612, 79.6859, 79.69, 79.706, 79.7329, 79.9692, 80.1389, 79.6399, 79.6192, 79.777, 79.612, 79.797, 79.8068, 79.7532, 79.592, 79.695, 79.5619, 79.5369, 79.6618, 79.6821, 79.8109, 79.5569, 79.5729, 79.69, 79.824, 79.6862, 79.5109, 79.71, 79.565, 79.7999, 79.628, 79.6862, 79.715, 79.6371, 79.7119, 79.7329, 79.6459, 80.0622, 79.5279, 79.787, 79.7591, 79.761, 79.644, 79.69, 79.7019, 79.7729, 79.632, 79.6821, 79.5851, 79.6628, 79.7009, 79.5989, 79.669, 79.885, 79.8662, 80.0228, 80.148, 79.638, 79.5579, 80.39, 79.9091, 79.586, 80.2128, 79.6938, 79.9911, 79.71, 79.597, 79.6471, 79.7958, 79.706, 79.6931, 79.623, 79.9298, 79.668, 79.74, 79.7451, 79.7451, 79.9959, 79.8349, 79.7062, 79.823, 79.71, 79.7489, 79.695, 79.69, 80.0021, 79.776, 79.8421, 79.7839, 79.6831, 
Time to set up datastructures: 17688.2ms
62.535, 62.485, 62.4511, 62.5398, 62.49, 62.546, 62.3989, 62.397, 62.7429, 62.609, 62.485, 62.6101, 62.5639, 62.557, 62.413, 62.5689, 62.546, 62.5951, 62.571, 62.5498, 62.453, 62.4971, 62.4049, 62.71, 62.6111, 62.362, 62.5291, 62.4969, 62.577, 62.5491, 62.4909, 62.5789, 62.485, 62.5288, 62.5231, 62.583, 62.506, 62.4762, 62.85, 62.573, 62.6888, 62.6552, 62.4969, 62.6171, 62.5839, 62.5951, 62.639, 62.65, 62.619, 62.609, 62.676, 62.639, 62.5849, 62.546, 62.5849, 62.6631, 62.5269, 62.5551, 62.5119, 62.5639, 62.501, 62.5191, 62.604, 62.5741, 62.535, 62.5598, 62.5291, 62.6121, 62.665, 62.5551, 62.5989, 62.537, 62.6111, 62.418, 62.638, 62.4731, 62.5899, 62.6111, 62.391, 62.525, 62.5589, 62.4321, 62.5169, 62.5741, 62.541, 62.5491, 62.5489, 62.511, 62.6571, 62.5658, 62.4042, 62.5379, 62.5482, 62.5608, 62.613, 62.5641, 62.562, 62.583, 62.5491, 62.448, 
Time to set up datastructures: 16699.7ms
51.713, 51.672, 51.825, 51.7371, 51.759, 51.811, 51.7499, 51.702, 51.64, 51.7671, 51.7309, 51.8231, 51.7299, 51.7631, 51.7349, 51.703, 51.8012, 51.7659, 51.769, 51.6369, 51.739, 51.708, 51.6908, 51.8422, 51.8138, 51.6829, 51.7621, 51.6939, 51.702, 51.8432, 51.8179, 51.8579, 51.7111, 51.877, 51.765, 51.867, 51.913, 51.8091, 51.7669, 51.7511, 51.7261, 51.7418, 51.672, 51.862, 51.8289, 51.7962, 51.7428, 51.723, 51.744, 51.8348, 51.7032, 51.8668, 51.7492, 51.8148, 51.8892, 51.7888, 51.7709, 51.7819, 51.7242, 51.6729, 51.8031, 51.713, 51.7619, 51.8911, 51.867, 51.826, 51.966, 51.8351, 51.8842, 51.8038, 51.7418, 51.805, 51.7941, 51.8401, 51.801, 51.837, 51.77, 51.7931, 51.791, 51.903, 51.7502, 51.8289, 51.7771, 51.8489, 51.7011, 51.7459, 51.8532, 51.9109, 51.9052, 51.7869, 51.791, 51.764, 51.8081, 51.846, 51.779, 51.7659, 51.7681, 51.7859, 51.6961, 51.7111, 
Time to set up datastructures: 18359.3ms
45.48, 45.4249, 45.428, 45.4481, 45.3899, 45.4762, 45.3749, 45.4228, 45.4102, 45.573, 45.5298, 45.3012, 45.403, 45.547, 45.4409, 45.5971, 45.5039, 45.5801, 45.4638, 45.4168, 45.6381, 45.541, 45.5189, 45.5101, 45.5129, 45.6262, 45.49, 45.604, 45.5229, 45.527, 45.723, 45.5558, 45.5451, 45.5909, 45.5239, 45.4061, 45.563, 45.5439, 45.5241, 45.4969, 45.516, 45.486, 45.537, 45.6159, 45.4991, 45.584, 45.6581, 45.6159, 45.553, 45.6371, 45.496, 45.5039, 45.5971, 45.639, 45.6479, 45.5511, 45.558, 45.4419, 45.568, 45.4471, 45.5449, 45.527, 45.552, 45.5272, 45.6128, 45.702, 45.5332, 45.6691, 45.5198, 45.6591, 45.522, 45.5799, 45.7022, 45.634, 45.583, 45.445, 45.6741, 45.4619, 45.5441, 45.6378, 45.5871, 45.635, 45.588, 45.6231, 45.5041, 45.6049, 45.5799, 45.5911, 45.5329, 45.6009, 45.531, 45.5358, 45.5191, 45.6159, 45.573, 45.543, 45.6131, 45.651, 45.5251, 45.47, 
Time to set up datastructures: 17711.5ms
41.805, 41.765, 41.851, 41.7311, 41.6708, 41.7452, 41.714, 41.8129, 41.728, 41.6939, 41.8651, 41.7321, 41.8189, 41.8391, 41.8501, 41.8248, 41.8491, 41.703, 41.883, 41.831, 41.7719, 41.796, 41.9581, 41.7891, 41.9471, 41.8739, 41.8551, 41.8899, 41.8439, 41.8398, 41.7922, 41.8448, 41.8022, 41.9538, 41.8892, 41.929, 41.878, 41.9149, 41.888, 41.9269, 41.8532, 41.7609, 41.8441, 41.899, 41.878, 41.903, 41.9819, 41.954, 41.9691, 41.909, 41.9121, 41.9619, 41.779, 41.832, 41.9981, 41.9219, 41.9221, 41.903, 41.837, 41.919, 41.8591, 41.867, 41.9168, 41.9531, 42.0051, 41.965, 41.8589, 41.935, 41.991, 41.868, 41.997, 41.976, 41.8911, 41.9569, 41.8839, 41.9741, 41.8811, 41.8708, 41.8601, 41.9381, 41.9729, 41.8692, 41.8758, 41.919, 41.8952, 41.8189, 41.8029, 41.8899, 41.8541, 41.9331, 41.9419, 41.96, 41.8661, 41.9271, 42.0339, 41.882, 41.7621, 41.955, 41.9619, 41.882, 
Time to set up datastructures: 17814ms
39.1111, 39.114, 39.108, 39.032, 39.0241, 39.0708, 39.1171, 39.1929, 39.0508, 39.2289, 39.2489, 39.283, 39.1269, 39.2232, 39.1638, 39.185, 39.1991, 39.1209, 39.0871, 39.151, 39.181, 39.2201, 39.1049, 39.3019, 39.18, 39.1841, 39.278, 39.294, 39.2039, 39.098, 39.2859, 39.1901, 39.2621, 39.187, 39.1209, 39.1271, 39.1541, 39.216, 39.228, 39.278, 39.2129, 39.2051, 39.1071, 39.2511, 39.2599, 39.269, 39.2871, 39.31, 39.187, 39.263, 39.273, 39.228, 39.115, 39.3078, 39.2251, 39.2749, 39.32, 39.279, 39.1822, 39.15, 39.216, 39.2678, 39.2752, 39.161, 39.252, 39.2439, 39.29, 39.2461, 39.1631, 39.2339, 39.2859, 39.2652, 39.2389, 39.2001, 39.222, 39.248, 39.361, 39.2699, 39.29, 39.2389, 39.2301, 39.35, 39.2759, 39.2511, 39.181, 39.2392, 39.202, 39.278, 39.2869, 39.1161, 39.192, 39.2079, 39.2261, 39.217, 39.295, 39.1879, 39.207, 39.263, 39.299, 39.3071, 
Time to set up datastructures: 18073.2ms
37.324, 37.2989, 37.3361, 37.251, 37.354, 37.324, 37.3149, 37.4072, 37.2961, 37.298, 37.3089, 37.3712, 37.3659, 37.3681, 37.394, 37.3199, 37.4119, 37.3302, 37.3578, 37.323, 37.292, 37.3359, 37.3552, 37.37, 37.3709, 37.379, 37.389, 37.3981, 37.405, 37.4448, 37.3039, 37.4129, 37.3602, 37.3738, 37.4281, 37.379, 37.3352, 37.437, 37.3979, 37.401, 37.4219, 37.354, 37.3781, 37.38, 37.3549, 37.3499, 37.308, 37.3509, 37.3461, 37.3929, 37.3881, 37.375, 37.3549, 37.3571, 37.466, 37.4589, 37.364, 37.3218, 37.4322, 37.3609, 37.374, 37.3929, 37.3802, 37.3149, 37.4119, 37.492, 37.405, 37.3271, 37.3249, 37.343, 37.3781, 37.43, 37.3349, 37.3361, 37.39, 37.379, 37.3979, 37.3931, 37.3399, 37.3201, 37.267, 37.3201, 37.3669, 37.3981, 37.3731, 37.328, 37.338, 37.365, 37.394, 37.3468, 37.307, 37.4, 37.37, 37.3299, 37.3321, 37.4238, 37.4901, 37.3669, 37.394, 37.3511, 
Time to set up datastructures: 18091.7ms
35.7411, 35.8341, 35.7928, 35.882, 35.9681, 35.85, 35.985, 35.9049, 35.8651, 35.852, 36.0301, 35.9011, 35.877, 35.9209, 35.9619, 35.9061, 35.969, 35.867, 35.902, 35.9819, 35.7981, 35.83, 35.8851, 35.9681, 35.8679, 35.8579, 35.8732, 35.9318, 35.8698, 35.8422, 35.8748, 35.856, 35.9221, 35.919, 35.8231, 35.8639, 35.898, 35.959, 36.3889, 36.4811, 35.954, 35.9869, 35.9151, 35.876, 35.8379, 35.7821, 35.778, 35.831, 35.9039, 36.0141, 36.011, 35.9099, 35.9151, 36.0041, 35.985, 36.0448, 36.0482, 35.991, 35.985, 35.9399, 35.886, 35.8691, 35.98, 35.907, 35.825, 35.7969, 35.979, 35.9371, 35.9359, 35.9511, 35.82, 35.8539, 35.9461, 35.8829, 35.8329, 35.8121, 35.8751, 35.919, 35.8999, 35.8582, 35.9011, 35.8438, 35.877, 35.877, 35.8851, 35.929, 35.8541, 35.8188, 35.9941, 35.861, 35.933, 35.8839, 35.9011, 35.9461, 35.857, 35.918, 35.9449, 35.8641, 35.888, 35.8629, 
Time to set up datastructures: 17821.7ms
34.9271, 35.2089, 35.0871, 35.0499, 34.987, 34.997, 35.2559, 34.929, 34.9309, 34.8749, 34.977, 35.0311, 35.0099, 34.9381, 34.987, 35.1782, 35.0599, 34.9579, 34.9681, 35.028, 34.9309, 35.048, 35.1012, 34.9679, 34.9, 34.9832, 34.9438, 35.0082, 35.053, 34.992, 34.9798, 34.9739, 35.053, 34.9991, 34.9529, 34.9522, 35.0668, 35.1391, 35.0511, 35.0099, 35.0151, 34.9848, 34.965, 34.9989, 35.001, 34.9231, 34.9629, 34.9472, 34.9369, 34.905, 34.9, 34.991, 34.8971, 34.982, 34.9879, 35.044, 34.945, 35.0192, 35.0368, 35.0602, 35.0211, 34.992, 35.018, 35.0709, 34.9422, 34.982, 34.951, 34.977, 34.9481, 34.9829, 34.982, 34.997, 34.9591, 34.9791, 34.9319, 35.0091, 34.879, 34.9481, 34.9689, 35.0142, 34.9569, 34.935, 34.9491, 34.9779, 35.0051, 34.909, 34.9228, 35.006, 35.0831, 34.9891, 34.9889, 35.023, 35.0192, 34.9751, 34.9538, 34.9391, 35.069, 34.976, 34.925, 35.0468, 
Time to set up datastructures: 17939.2ms
34.5831, 34.5349, 34.605, 34.575, 34.548, 34.5609, 34.6072, 34.61, 34.6329, 34.853, 34.6062, 34.6658, 34.641, 34.6191, 34.605, 34.56, 34.605, 34.5888, 34.621, 34.5421, 34.5871, 34.58, 34.595, 34.6119, 34.5831, 34.6558, 34.621, 34.5478, 34.6241, 34.5731, 34.5969, 34.6141, 34.5819, 34.6169, 34.615, 34.5759, 34.5659, 34.5612, 34.579, 34.6451, 34.6339, 34.5881, 34.58, 34.605, 34.6079, 34.626, 34.5612, 34.6439, 34.6332, 34.549, 34.6248, 34.6372, 34.6539, 34.4779, 34.559, 34.5869, 34.574, 34.6491, 34.6549, 34.533, 34.5972, 34.5838, 34.596, 34.58, 34.6141, 34.636, 34.6, 34.5709, 34.6069, 34.6339, 34.5681, 34.615, 34.6, 34.5621, 34.6038, 34.5788, 34.6062, 34.631, 34.6549, 34.6069, 34.6229, 34.6148, 34.6391, 34.622, 34.5352, 34.6239, 34.5662, 34.534, 34.585, 34.55, 34.586, 34.611, 34.6081, 34.548, 34.5869, 34.5991, 34.6119, 34.5788, 34.6272, 34.5459, 
Time to set up datastructures: 17952.8ms
34.0121, 34.0359, 34.0149, 33.9999, 34.0168, 34.0331, 33.9961, 34.035, 34.0252, 34.05, 34.05, 34.0929, 34.0869, 34.111, 34.0118, 34.0791, 34.039, 33.963, 34.0409, 34.0452, 34.086, 34.0328, 34.019, 34.086, 34.06, 34.023, 34.049, 34.0471, 34.1148, 34.1022, 34.0838, 34.0741, 34.0431, 34.091, 34.0829, 34.0321, 34.0309, 34.019, 34.0841, 34.0121, 34.04, 34.0209, 34.0869, 34.1401, 34.04, 34.04, 34.0991, 34.0719, 34.024, 34.0409, 34.0221, 34.0619, 34.0781, 34.0719, 34.08, 34.023, 34.096, 34.025, 34.0071, 34.0211, 34.071, 34.0381, 34.0209, 34.044, 34.0481, 34.0559, 34.065, 34.0579, 34.0681, 34.0841, 34.0228, 34.0872, 34.066, 34.0581, 34.054, 34.0979, 34.0061, 34.0168, 34.0071, 34.0419, 33.9899, 34.034, 34.0281, 34.0641, 34.091, 34.0521, 34.0779, 34.04, 34.0321, 34.0559, 34.0512, 33.988, 34.03, 34.049, 34.08, 34.07, 34.0519, 34.0922, 34.0688, 34.0171, 
Time to set up datastructures: 18250.2ms
33.9458, 33.957, 33.953, 33.953, 33.9811, 33.998, 33.987, 33.9999, 34.05, 33.978, 33.9801, 33.9899, 34.0071, 33.9949, 33.947, 34.0118, 33.957, 33.9742, 33.9749, 34.0149, 34.0021, 33.983, 34.0841, 33.9839, 33.952, 34.008, 34.0018, 34.013, 33.9789, 33.968, 33.9909, 34.0202, 33.932, 33.9439, 33.922, 33.9851, 34.023, 33.988, 34.004, 34.008, 33.9749, 33.972, 33.9661, 33.9899, 33.9711, 34.0359, 33.9761, 34.0121, 33.9808, 34.003, 33.9861, 34.0011, 33.988, 33.9639, 33.9849, 33.977, 33.9608, 33.9382, 33.9499, 34.0021, 33.9601, 33.9658, 33.9489, 33.952, 33.977, 33.9601, 34.0049, 33.9971, 33.9689, 33.982, 34.0271, 33.9689, 33.978, 33.9351, 33.9661, 33.9861, 34.009, 33.982, 33.9639, 34.014, 33.963, 33.9901, 33.9789, 33.9789, 33.9601, 33.988, 33.9839, 33.972, 33.972, 33.9301, 33.9651, 33.9639, 33.9849, 33.988, 33.9451, 33.9601, 34.0528, 33.916, 33.9191, 33.998, 
Running TBB implementation
Time to set up datastructures: 15352.4ms
114.585, 114.786, 114.646, 115.293, 115.051, 114.717, 114.7, 114.866, 114.813, 114.776, 114.766, 114.782, 114.765, 114.702, 114.779, 114.942, 114.954, 114.775, 114.674, 114.667, 114.876, 115.113, 114.804, 114.99, 114.757, 114.793, 114.666, 114.769, 114.71, 114.705, 114.737, 114.757, 114.664, 115.707, 115.113, 114.829, 114.805, 115.004, 115.261, 115.087, 114.852, 114.827, 115.096, 114.895, 114.823, 114.8, 114.895, 115.103, 114.723, 114.793, 115.144, 115.072, 114.738, 114.731, 114.929, 115.226, 115.05, 114.803, 114.864, 115.073, 114.782, 114.807, 114.783, 114.815, 114.773, 115.026, 115.002, 114.895, 114.788, 114.847, 114.823, 114.72, 115.027, 114.966, 115.264, 114.909, 114.81, 114.793, 114.936, 114.834, 114.806, 114.734, 114.898, 114.922, 114.801, 114.904, 114.906, 114.85, 115.253, 115.06, 115.261, 115.025, 114.881, 114.838, 115.249, 114.804, 115.008, 114.831, 114.807, 114.757, 
Time to set up datastructures: 12180ms
79.8271, 80.1039, 79.8199, 79.787, 80.0891, 80.018, 79.906, 79.86, 80.2341, 79.824, 79.922, 79.7391, 79.8719, 79.9069, 79.8409, 80.1201, 80.2979, 79.8881, 79.761, 79.8349, 79.916, 79.885, 79.8039, 80.009, 80.0111, 79.8318, 80.0822, 79.8059, 80.1601, 79.921, 79.9069, 79.8011, 79.8109, 79.8841, 80.044, 79.906, 79.9401, 79.8159, 80.106, 79.9701, 79.9239, 80.019, 80.1079, 79.9949, 79.8402, 79.808, 79.941, 79.8228, 79.9708, 80.0171, 79.8221, 80.1539, 80.2782, 79.854, 79.9448, 79.8781, 79.8759, 79.8249, 79.8979, 79.9801, 79.9699, 80.014, 79.9892, 79.8929, 80.044, 80.3452, 80.235, 79.8759, 79.813, 79.8349, 80.0812, 80.0328, 80.0591, 80.0481, 80.0769, 79.8981, 79.9789, 80.251, 79.7789, 80.0278, 79.9961, 80.0481, 79.8569, 79.9391, 79.9379, 80.0309, 79.9291, 79.8869, 79.8731, 79.9241, 80.0078, 79.8271, 80.0211, 80.0369, 80.049, 79.833, 79.963, 79.8941, 79.922, 80.0431, 
Time to set up datastructures: 18015.6ms
62.6202, 62.6829, 62.772, 62.5949, 62.6681, 62.6121, 62.5169, 62.7811, 62.578, 62.7131, 62.7658, 62.541, 62.7241, 62.742, 62.768, 62.6431, 62.6509, 62.706, 62.7341, 62.7818, 62.742, 62.7749, 62.7351, 62.803, 62.7708, 62.7871, 62.7301, 62.856, 62.8159, 62.758, 62.7511, 62.758, 62.742, 62.69, 62.927, 62.8719, 62.6841, 62.906, 62.748, 62.896, 62.7139, 62.788, 62.7232, 62.8519, 62.8731, 62.7639, 62.7129, 62.7592, 62.8219, 62.7561, 62.7639, 62.8061, 62.815, 62.87, 62.808, 62.7401, 62.9189, 62.644, 62.5651, 62.593, 62.8049, 62.798, 62.8321, 62.932, 62.845, 62.6769, 62.845, 62.6149, 62.834, 62.7, 62.6659, 62.748, 62.856, 62.901, 62.809, 62.6869, 62.7649, 62.8402, 62.8278, 62.7222, 62.6669, 62.866, 62.8111, 62.825, 62.7968, 62.876, 62.7642, 62.8591, 62.732, 62.7899, 62.6531, 62.6781, 62.722, 62.8221, 62.8719, 62.8829, 62.7601, 62.736, 62.8409, 62.86, 
Time to set up datastructures: 16683.7ms
51.96, 51.832, 51.928, 51.9261, 51.842, 51.9168, 51.9431, 51.825, 51.892, 52.1431, 51.9319, 51.9772, 51.9409, 51.841, 51.882, 51.6961, 51.9128, 51.954, 52.0151, 52.0091, 52.002, 51.883, 51.995, 51.976, 51.9369, 51.9202, 52.1069, 51.8992, 51.9528, 52.0029, 51.904, 52.1359, 52.1481, 51.815, 51.9319, 51.914, 51.8858, 52.042, 51.893, 52.0082, 51.9729, 51.9731, 51.9459, 52.068, 52.0041, 52.1171, 52.0039, 52.1641, 51.9869, 51.8692, 51.9378, 51.9331, 51.995, 51.965, 52.0749, 52.048, 52.0389, 51.9259, 52.0039, 52.084, 51.96, 52.0198, 51.9822, 52.0689, 51.9731, 51.8649, 51.9609, 51.9059, 51.954, 51.971, 52.0711, 52.0849, 51.9819, 51.893, 52.0232, 51.97, 51.9729, 51.954, 52.073, 52.0041, 52.058, 51.9409, 52.2101, 52.0458, 51.9722, 51.9409, 52.0401, 52.0449, 52.0601, 51.975, 51.959, 52.0809, 52.0871, 52.0501, 51.8439, 52.2029, 52.0051, 51.949, 52.0439, 51.959, 
Time to set up datastructures: 17841.5ms
45.702, 45.655, 45.7129, 45.8729, 45.681, 45.718, 45.758, 45.7129, 45.8059, 45.8021, 45.9609, 45.717, 45.788, 45.7721, 45.7771, 45.65, 45.758, 45.8908, 45.716, 45.85, 45.8081, 45.886, 45.7811, 45.8138, 45.8241, 45.83, 45.7871, 45.717, 45.841, 45.8009, 45.8341, 45.7981, 45.8579, 45.97, 45.9261, 45.855, 45.882, 45.9061, 45.8989, 45.913, 45.7959, 45.9411, 45.805, 45.882, 45.84, 45.8839, 45.969, 45.8739, 45.9461, 45.846, 45.8651, 45.949, 45.872, 45.9161, 45.8341, 45.918, 45.846, 45.9309, 45.891, 45.8519, 45.872, 45.9361, 45.783, 45.753, 45.8789, 45.8419, 45.846, 45.8319, 45.934, 45.737, 45.8548, 45.855, 45.948, 45.7611, 45.7978, 45.8391, 45.8791, 45.8879, 45.8572, 45.8498, 45.7571, 45.928, 45.8891, 45.8219, 45.8341, 45.8319, 45.9199, 45.8572, 45.954, 45.898, 46.021, 45.8851, 45.8419, 45.83, 45.9571, 45.7671, 45.8658, 45.938, 45.8112, 45.754, 
Time to set up datastructures: 17833.9ms
41.729, 41.7199, 41.646, 41.8251, 41.774, 41.78, 41.8391, 41.9579, 41.878, 41.8289, 41.8091, 41.8921, 41.8038, 41.872, 41.919, 41.8901, 41.929, 41.8429, 41.8761, 41.7631, 42.0458, 41.8141, 41.7991, 41.8, 41.8899, 41.8689, 41.8701, 41.8401, 41.8789, 41.9769, 42.0361, 41.8942, 41.9469, 42.0511, 41.8658, 41.8742, 41.8119, 41.9171, 42.032, 41.9378, 41.882, 41.8081, 41.9459, 41.872, 41.9071, 41.9259, 41.8999, 41.961, 41.9369, 41.8332, 41.837, 41.9729, 41.923, 41.918, 41.8899, 41.9922, 41.9099, 41.918, 41.9869, 41.904, 41.9281, 42.393, 42.0101, 42.007, 41.841, 41.8711, 41.95, 41.749, 41.9919, 41.9509, 42.006, 41.8761, 41.8949, 41.8921, 41.966, 41.9559, 41.9412, 41.889, 42.0051, 41.9409, 41.9099, 41.8341, 41.9478, 41.924, 41.8782, 41.8918, 41.8382, 41.811, 41.9989, 41.7471, 41.868, 41.8661, 41.8921, 41.991, 41.894, 43.0322, 42.043, 42.285, 42.0339, 42.0811, 
Time to set up datastructures: 17930.6ms
39.2821, 39.3438, 39.319, 39.403, 39.325, 39.4239, 39.2621, 39.3569, 39.259, 39.4008, 39.263, 39.4051, 39.402, 39.4161, 39.3379, 39.5081, 39.535, 39.49, 39.4831, 39.4609, 39.458, 39.474, 39.5069, 39.4111, 39.273, 39.4621, 39.5808, 39.5501, 39.5322, 39.418, 39.428, 39.3689, 39.4771, 39.5699, 39.505, 39.53, 39.4452, 39.3548, 39.4812, 39.547, 39.4509, 39.4711, 39.438, 39.4979, 39.397, 39.4542, 39.3689, 39.3741, 39.4909, 39.4471, 39.4878, 39.469, 39.5169, 39.494, 39.5629, 39.4521, 39.506, 39.4671, 39.5551, 39.4218, 39.4351, 39.4359, 39.5298, 39.5, 39.521, 39.443, 39.4719, 39.4289, 39.5951, 39.465, 39.459, 39.3689, 39.5272, 39.5498, 39.432, 39.577, 39.4189, 39.551, 39.5591, 39.567, 39.53, 39.387, 39.571, 39.5529, 39.5281, 39.3851, 39.5169, 39.417, 39.4511, 39.439, 39.397, 39.4509, 39.5122, 39.4199, 39.309, 39.53, 39.4499, 39.5641, 39.479, 39.5579, 
Time to set up datastructures: 18368ms
37.4641, 37.3628, 37.3521, 37.4529, 37.4091, 37.395, 37.4439, 37.4482, 37.488, 37.4339, 37.395, 37.4558, 37.487, 37.4458, 37.365, 37.466, 37.4198, 37.4591, 37.5519, 37.4348, 37.3631, 37.3821, 37.4088, 37.6122, 37.3609, 37.323, 37.3762, 37.4479, 37.3571, 37.2729, 37.286, 37.4119, 37.3421, 37.2589, 37.2682, 37.4129, 37.4861, 37.4451, 37.375, 37.415, 37.3878, 37.4591, 37.3979, 37.3671, 37.3981, 37.4818, 37.4782, 37.5059, 37.3921, 37.4899, 37.456, 37.385, 37.374, 37.3859, 37.3602, 37.318, 37.4169, 37.375, 37.3631, 37.3681, 37.2651, 37.416, 37.2839, 37.348, 37.287, 37.329, 37.452, 37.3769, 37.3871, 37.43, 37.3919, 37.3888, 37.4081, 37.3671, 37.3149, 37.4551, 37.334, 37.4329, 37.416, 37.3762, 37.4629, 37.4229, 37.43, 37.4181, 37.4, 37.3738, 37.3931, 37.3561, 37.4749, 37.425, 37.3931, 37.338, 37.394, 37.421, 37.4329, 37.4451, 37.421, 37.3359, 37.4272, 37.4908, 
Time to set up datastructures: 17772ms
35.816, 35.8582, 35.8689, 35.8381, 35.8539, 35.8081, 35.846, 35.8131, 35.8489, 35.84, 35.948, 35.8789, 35.8131, 35.8241, 35.8489, 35.8791, 35.8701, 35.857, 35.846, 35.893, 35.8441, 35.897, 35.872, 35.9049, 35.877, 35.804, 35.8691, 35.836, 35.877, 35.8651, 35.8999, 35.877, 35.846, 35.908, 35.8601, 35.8949, 35.9609, 35.8801, 35.933, 36.0301, 35.9149, 35.881, 35.85, 35.8541, 36.0379, 36.13, 36.164, 35.897, 35.8839, 35.9418, 35.8541, 35.877, 35.83, 35.846, 35.8641, 35.8479, 35.8839, 35.9201, 35.8679, 35.857, 35.809, 35.846, 35.9771, 35.97, 35.8651, 35.928, 35.939, 35.861, 35.912, 35.826, 35.774, 35.8179, 35.872, 35.8019, 35.887, 35.9161, 35.8589, 35.856, 35.938, 35.9478, 35.9201, 35.852, 35.903, 35.903, 35.846, 35.8791, 35.8629, 35.8829, 35.8741, 35.8498, 35.84, 35.852, 35.8722, 35.877, 35.8779, 35.8779, 35.9261, 35.871, 35.8839, 35.8889, 
Time to set up datastructures: 17820.5ms
35.1758, 35.233, 35.0199, 34.955, 34.935, 34.987, 35.002, 35.089, 35.0471, 34.8618, 34.9269, 35.0339, 34.94, 34.941, 34.9669, 35.0111, 34.9619, 34.9371, 34.982, 34.9638, 35.028, 35.152, 34.941, 34.9591, 35.0459, 34.8911, 34.971, 34.8909, 35.0022, 34.9269, 34.93, 35.0029, 34.9851, 35.0239, 34.965, 34.9002, 34.9848, 34.9221, 34.9469, 34.914, 35.0249, 34.9522, 34.9059, 34.9882, 35.0509, 34.9371, 34.9278, 35.053, 34.9441, 34.951, 35.042, 34.96, 34.9569, 35.001, 35.006, 34.941, 34.9772, 35.0268, 34.9712, 35.0418, 34.9252, 34.9689, 34.858, 34.9112, 35.295, 35.068, 34.9131, 34.9569, 34.9209, 34.955, 34.9729, 34.9061, 35.0449, 35.018, 34.9741, 34.9841, 34.982, 34.941, 34.94, 34.9271, 34.9479, 34.9801, 34.977, 34.9331, 35.3129, 35.1961, 34.9002, 34.936, 34.935, 34.9998, 34.9689, 34.946, 34.934, 34.9641, 35.059, 34.965, 35.1191, 35.013, 35.028, 35.085, 
Time to set up datastructures: 17641.6ms
34.5712, 34.5929, 34.5509, 34.615, 34.6072, 34.6179, 34.5602, 34.6339, 34.596, 34.6241, 34.4939, 34.498, 34.626, 34.6351, 34.6429, 34.651, 34.636, 34.6251, 34.606, 34.5979, 34.688, 34.6689, 34.652, 34.6301, 34.6279, 34.6191, 34.621, 34.663, 34.683, 34.656, 34.6272, 34.5469, 34.6379, 34.656, 34.637, 34.626, 34.59, 34.5562, 34.637, 34.694, 34.6332, 34.6088, 34.6189, 34.575, 34.5891, 34.6169, 34.6031, 34.6179, 34.5821, 34.584, 34.601, 34.62, 34.611, 34.6301, 34.6229, 34.6341, 34.6248, 34.601, 34.6332, 34.5809, 34.6351, 34.658, 34.646, 34.626, 34.605, 34.6899, 34.6138, 34.6651, 34.5731, 34.4839, 34.646, 34.6191, 34.616, 34.6129, 34.6789, 34.6301, 34.641, 34.621, 34.6022, 34.6439, 34.6229, 34.585, 34.6591, 34.6429, 34.6181, 34.632, 34.646, 34.6048, 34.62, 34.5781, 34.6289, 34.615, 34.6301, 34.6291, 34.591, 34.5509, 34.641, 34.687, 34.6489, 34.6282, 
Time to set up datastructures: 19276.5ms
34.08, 34.075, 34.05, 34.065, 34.0669, 34.0641, 34.142, 34.0381, 34.0829, 34.0772, 34.076, 34.1039, 34.0829, 34.0979, 34.0831, 34.076, 34.0919, 34.0712, 34.096, 34.1349, 34.096, 34.0919, 34.1132, 34.0889, 34.132, 34.08, 34.061, 34.1001, 34.0621, 34.1129, 34.1399, 34.1022, 34.0629, 34.101, 34.0731, 34.1599, 34.0869, 34.0641, 34.071, 34.08, 34.126, 34.075, 34.111, 34.204, 34.05, 34.095, 34.076, 34.143, 34.102, 34.071, 34.0488, 34.0929, 34.0559, 34.0421, 34.0929, 34.0619, 34.075, 34.0991, 34.0838, 34.095, 34.0931, 34.1029, 34.091, 34.085, 34.091, 34.0719, 34.096, 34.0941, 34.0788, 34.081, 34.0531, 34.0722, 34.0848, 34.0991, 34.111, 34.1041, 34.061, 34.0629, 34.0819, 34.066, 34.0919, 34.127, 34.055, 34.095, 34.091, 34.0631, 34.0528, 34.0679, 34.112, 34.1341, 34.0998, 34.1091, 34.1191, 34.09, 34.1129, 34.0819, 34.1032, 34.075, 34.054, 34.081, 
Time to set up datastructures: 18186.3ms
34.0519, 34.0199, 34.0271, 34.0729, 34.05, 34.0331, 34.075, 34.055, 34.116, 34.0531, 34.0378, 34.0202, 34.0278, 34.0052, 34.0528, 34.0939, 34.05, 34.018, 34.029, 34.0719, 34.0672, 34.0259, 34.0641, 34.044, 34.06, 34.0431, 34.014, 34.039, 34.0109, 34.0021, 34.095, 34.054, 34.0459, 34.0569, 34.044, 34.003, 34.0672, 34.0428, 34.04, 34.0662, 34.0259, 34.065, 34.0581, 34.0419, 34.075, 34.0798, 34.049, 34.0381, 34.0691, 34.009, 34.049, 34.0431, 34.0428, 34.086, 34.07, 34.0381, 34.0381, 34.034, 34.0359, 34.0512, 34.04, 34.054, 34.06, 34.0018, 34.0378, 34.0438, 34.0221, 34.0431, 34.008, 34.0259, 34.0559, 34.0641, 34.06, 34.07, 34.003, 34.0211, 34.003, 34.0419, 34.059, 34.066, 34.014, 34.0462, 34.0199, 34.076, 34.0281, 34.0428, 34.0772, 34.0209, 34.03, 34.0872, 34.0488, 34.1179, 34.0819, 34.111, 34.03, 34.0402, 34.0109, 34.05, 34.0221, 34.0741, 
Running TBB_graphs implementation with double the amount of partitions than threads
Time to set up datastructures: 10307ms
118.786, 117.757, 119.067, 118.601, 117.935, 118.117, 118.632, 118.648, 118.605, 118.426, 118.701, 118.394, 117.822, 118.499, 118.236, 117.975, 118.922, 117.727, 117.88, 118.645, 118.073, 118.418, 118.252, 118.668, 118.507, 118.493, 118.678, 118.173, 118.937, 118.051, 118.484, 118.08, 118.451, 118.448, 118.416, 118.099, 118.016, 118.027, 118.267, 118.539, 118.361, 118.228, 118.115, 118.052, 118.449, 118.149, 118.504, 118.32, 118.674, 118.422, 118.332, 118.497, 118.604, 118.419, 118.156, 118.224, 118.391, 118.263, 118.36, 118.049, 118.341, 118.177, 118.264, 118.428, 118.218, 118.307, 118.268, 118.269, 118.119, 118.17, 118.449, 118.367, 118.221, 118.137, 118.482, 118.21, 118.088, 118.33, 118.306, 118.245, 118.107, 118.192, 118.518, 118.066, 117.986, 118.292, 118.404, 117.992, 118.072, 118.453, 118.394, 118.415, 118.172, 118.307, 118.15, 118.401, 118.344, 118.318, 118.257, 118.931, 
Time to set up datastructures: 10297.6ms
81.203, 81.609, 81.305, 81.362, 81.284, 80.863, 81.337, 81.4941, 80.961, 81.481, 81.228, 80.8899, 85.618, 81.4278, 81.887, 82.113, 82.144, 81.4011, 81.141, 81.8579, 81.8341, 82.0029, 81.3611, 82.2051, 81.4891, 81.111, 81.953, 81.3789, 82.201, 81.3351, 81.265, 82.0329, 81.4021, 84.6741, 89.314, 83.7009, 81.126, 81.219, 81.62, 81.476, 81.2762, 81.9528, 89.1271, 81.5849, 81.567, 81.414, 81.3749, 81.795, 81.1441, 81.4159, 91.15, 86.561, 81.1882, 81.6898, 81.2471, 81.1691, 81.321, 81.4078, 81.2268, 81.985, 81.09, 81.409, 81.2881, 81.2368, 81.3611, 89.627, 83.492, 81.1579, 81.3971, 81.3141, 81.1429, 81.2578, 81.45, 81.2731, 81.373, 81.3272, 81.4948, 81.2819, 81.928, 81.3799, 81.2068, 81.4972, 81.682, 81.898, 81.1779, 81.0361, 89.4661, 88.1529, 82.3791, 81.301, 87.2819, 81.7821, 81.316, 82.7119, 81.0621, 81.2521, 82.037, 81.3549, 81.0611, 81.594, 
Time to set up datastructures: 10300.1ms
63.4921, 63.257, 63.442, 63.2021, 64.054, 63.267, 64.2519, 66.4001, 63.235, 63.323, 63.3011, 63.293, 63.5209, 63.2651, 63.334, 63.4089, 63.3461, 63.524, 63.3359, 63.4, 63.2222, 63.504, 63.2169, 63.4201, 68.1341, 63.663, 63.1759, 63.313, 63.472, 63.405, 63.2761, 63.338, 63.3328, 63.4031, 63.0879, 63.2451, 63.272, 63.5061, 63.1988, 63.519, 63.3662, 63.257, 63.3609, 63.3211, 63.0119, 63.3171, 63.3619, 63.37, 63.2539, 63.205, 63.36, 63.354, 63.2031, 63.235, 63.2689, 63.2281, 63.4069, 63.1449, 63.3459, 63.539, 63.3979, 65.717, 63.4851, 63.839, 63.8909, 63.9501, 68.743, 64.0562, 63.215, 63.462, 63.695, 63.4229, 63.3161, 63.1621, 63.3619, 63.1042, 69.02, 63.884, 64.193, 63.988, 64.4369, 63.7112, 63.344, 63.2508, 63.2281, 63.343, 63.339, 63.272, 63.549, 63.164, 63.4689, 63.1571, 63.375, 63.3509, 63.02, 63.2529, 63.2942, 63.396, 63.21, 63.2041, 
Time to set up datastructures: 10301.7ms
52.5951, 52.6419, 52.7029, 52.681, 52.5999, 52.5169, 52.5401, 52.5181, 52.5789, 52.706, 52.7179, 52.6941, 52.604, 52.738, 52.6631, 52.6299, 52.387, 52.604, 52.5198, 52.8009, 52.793, 52.6021, 52.8359, 52.501, 52.6378, 52.5842, 52.4468, 52.4671, 52.5529, 52.6261, 52.6779, 52.521, 52.4602, 52.5279, 52.655, 52.4991, 52.366, 52.3829, 52.6509, 52.6021, 52.4452, 52.5749, 52.604, 52.5091, 52.4421, 52.6469, 52.67, 52.5641, 52.825, 52.7251, 52.6888, 52.5842, 52.6559, 52.6919, 52.527, 52.6941, 52.583, 52.4302, 52.4459, 52.5041, 52.7, 52.505, 52.5699, 52.5072, 52.4418, 52.676, 52.4769, 52.6471, 52.665, 52.623, 52.5579, 52.676, 52.424, 52.7179, 52.551, 52.429, 52.4571, 52.444, 52.6941, 52.747, 52.4099, 52.774, 52.8159, 52.551, 52.402, 52.711, 52.418, 52.804, 52.6111, 52.664, 52.412, 52.5711, 52.655, 52.5291, 52.654, 52.496, 52.613, 52.4909, 52.572, 52.7599, 
Time to set up datastructures: 10291.7ms
51.28, 48.3291, 46.4718, 46.2642, 46.53, 46.3119, 46.3111, 46.6719, 46.3622, 46.4649, 46.366, 46.3631, 46.587, 46.4571, 46.5069, 46.3431, 46.3691, 46.571, 46.4239, 46.479, 46.6611, 46.3169, 48.8591, 51.054, 46.818, 47.23, 46.4389, 46.649, 46.6099, 46.7429, 46.602, 46.6082, 46.4449, 47.399, 46.4661, 46.3569, 46.489, 46.3841, 46.303, 46.3459, 46.3939, 46.2792, 46.3018, 46.2561, 46.387, 46.5181, 46.6111, 46.247, 46.495, 46.5009, 46.454, 46.3011, 46.4361, 46.608, 46.4489, 46.489, 46.4749, 46.2511, 46.432, 46.2589, 46.376, 46.4919, 46.3932, 46.618, 46.448, 46.4039, 46.5181, 46.4458, 46.4382, 46.3059, 46.427, 46.555, 46.5279, 46.3262, 46.3068, 46.4761, 46.4239, 46.4182, 46.2749, 46.447, 46.387, 46.4709, 46.324, 46.479, 46.355, 46.3638, 46.416, 46.3691, 46.4311, 46.221, 46.459, 46.3741, 46.3848, 46.4182, 46.4048, 46.3681, 46.3281, 46.3238, 46.401, 46.3212, 
Time to set up datastructures: 10298.1ms
42.4659, 42.5611, 42.464, 42.33, 42.618, 42.388, 42.6481, 42.45, 42.505, 42.6471, 42.526, 42.4819, 42.419, 42.3992, 42.3939, 42.542, 42.3059, 42.3751, 42.264, 42.5081, 42.372, 42.665, 42.4969, 42.5901, 42.2928, 42.408, 42.264, 42.5789, 42.531, 42.459, 42.2571, 42.6049, 42.2261, 42.3589, 42.449, 42.3882, 42.4349, 42.479, 42.5069, 42.3701, 42.5379, 42.603, 42.361, 42.407, 42.5091, 42.4778, 42.4392, 42.7468, 42.4821, 42.4361, 42.527, 42.4759, 42.455, 42.537, 42.4042, 42.6328, 42.228, 42.4061, 42.4349, 42.5541, 42.372, 42.3701, 42.3958, 42.598, 42.5658, 42.526, 42.4681, 42.4671, 42.4259, 42.4809, 42.4731, 42.4352, 42.557, 42.4218, 42.5351, 42.429, 42.388, 42.4531, 42.5341, 42.3059, 42.459, 42.3601, 42.3989, 42.3059, 42.4941, 42.4931, 42.7539, 42.429, 42.4359, 42.5551, 42.515, 42.361, 42.3698, 42.5191, 42.4271, 42.3379, 42.2962, 42.671, 42.429, 42.454, 
Time to set up datastructures: 10302.9ms
40.0372, 39.9208, 39.6161, 39.953, 39.855, 39.7301, 39.7921, 39.567, 39.959, 39.9609, 39.9001, 39.9511, 39.8779, 39.8462, 40.118, 39.7079, 39.9611, 39.7768, 39.886, 39.964, 39.876, 39.855, 40.015, 39.84, 39.8841, 39.8428, 39.871, 43.5362, 43.3118, 39.988, 39.8171, 39.803, 39.7809, 39.9501, 40.041, 39.8009, 39.8812, 39.9208, 39.8731, 39.7699, 40.0591, 39.8102, 39.9039, 39.6791, 39.8641, 39.8569, 39.885, 39.8879, 39.916, 39.9001, 39.8099, 39.921, 39.681, 39.947, 39.88, 39.772, 39.876, 39.984, 39.9389, 39.798, 39.706, 39.9492, 39.7589, 39.839, 39.7789, 39.773, 39.7592, 39.8149, 40.0279, 39.8741, 39.747, 39.8431, 39.767, 39.8149, 39.7739, 39.8569, 39.937, 39.933, 39.685, 39.8901, 39.8061, 39.7489, 39.855, 39.7651, 39.8469, 39.7041, 39.892, 39.9861, 39.6888, 39.8471, 39.8529, 39.7842, 39.8469, 39.9411, 40.0169, 39.9351, 39.8419, 39.8898, 39.8219, 39.6891, 
Time to set up datastructures: 10301.8ms
37.8618, 37.7731, 37.76, 40.5071, 40.7228, 37.8048, 37.7791, 37.725, 37.8881, 37.7049, 37.724, 37.8211, 37.8449, 37.7741, 37.792, 37.6151, 37.7359, 37.7882, 37.7719, 37.735, 37.6971, 37.6551, 37.751, 37.6899, 37.8871, 37.7769, 37.8401, 37.7679, 37.6492, 37.7009, 37.848, 37.689, 37.7061, 37.9169, 37.8191, 37.8089, 37.7719, 37.7531, 37.8621, 37.7579, 37.636, 37.8301, 37.6358, 37.7769, 37.852, 37.797, 37.751, 37.744, 37.7679, 37.8981, 37.7469, 37.6999, 37.6129, 37.8332, 37.9229, 37.8671, 37.7479, 37.7522, 37.75, 37.7929, 37.7841, 37.765, 37.729, 37.6709, 37.6191, 37.843, 37.7741, 37.6449, 37.7531, 37.868, 37.781, 37.807, 37.7879, 37.7111, 37.8399, 37.8439, 37.6351, 37.7071, 37.8499, 37.837, 37.8489, 37.7851, 37.5881, 37.7228, 37.8261, 37.6539, 37.833, 37.8468, 37.802, 37.7729, 37.869, 37.7982, 37.6148, 37.9219, 37.847, 37.7791, 37.7569, 37.7309, 37.8239, 37.7312, 
Time to set up datastructures: 10321.3ms
36.293, 36.293, 36.278, 36.361, 36.454, 36.4611, 36.4909, 36.401, 36.4621, 36.437, 36.4559, 36.227, 36.489, 36.3829, 36.525, 36.3479, 36.2768, 36.4192, 36.288, 36.448, 36.464, 36.4699, 36.4299, 38.4738, 36.4652, 36.2968, 36.3472, 36.4609, 36.237, 36.4032, 36.3429, 36.3531, 36.2611, 36.4058, 36.4401, 36.3569, 36.279, 36.3371, 36.3989, 45.825, 38.7871, 38.1649, 36.54, 36.3569, 36.32, 38.115, 36.597, 36.366, 36.2949, 36.4301, 36.345, 36.2699, 36.4871, 36.258, 36.2511, 36.3538, 36.3991, 36.263, 36.571, 36.211, 36.335, 36.4361, 36.3729, 36.4161, 36.2389, 36.5112, 36.371, 36.397, 36.377, 36.2279, 36.2902, 36.1879, 36.381, 36.7141, 36.4401, 36.2458, 36.34, 36.2408, 36.324, 36.248, 36.4752, 36.4308, 36.267, 36.417, 36.458, 36.2489, 36.3338, 36.2859, 36.4871, 36.319, 36.279, 36.561, 36.4451, 36.3641, 36.4149, 36.3102, 36.3519, 36.1681, 36.3669, 36.289, 
Time to set up datastructures: 10311.5ms
35.5561, 35.311, 37.8032, 35.4378, 35.0971, 35.2519, 35.202, 35.4512, 35.259, 35.3239, 35.3012, 37.648, 35.3019, 35.1419, 35.3482, 35.4099, 35.7442, 35.737, 35.4209, 35.26, 35.32, 35.352, 35.5401, 35.4059, 35.1989, 35.423, 35.3458, 35.223, 35.537, 35.4741, 35.4049, 35.4011, 35.264, 35.372, 35.4891, 35.2168, 35.3162, 35.4159, 35.1951, 35.2559, 35.2819, 35.435, 35.2869, 35.176, 35.2449, 35.4662, 35.3069, 35.203, 35.2771, 35.2619, 35.1269, 35.151, 35.306, 35.3279, 35.382, 35.1319, 35.3241, 35.289, 35.4199, 35.2991, 35.2089, 35.279, 35.3169, 35.3379, 35.269, 35.2972, 35.27, 35.4679, 35.331, 35.141, 35.269, 35.4331, 35.254, 35.341, 35.4271, 35.2569, 35.2619, 35.44, 35.2242, 35.2769, 35.357, 35.3119, 35.3041, 35.28, 35.188, 35.567, 35.321, 35.3951, 35.3019, 35.295, 35.115, 35.131, 35.1541, 35.4738, 35.3942, 35.234, 35.4099, 35.2571, 35.2221, 35.274, 
Time to set up datastructures: 10312.7ms
34.8501, 34.7641, 34.7741, 34.9798, 34.986, 34.9221, 35.042, 34.884, 34.78, 34.8649, 35.0199, 34.8511, 34.8399, 34.93, 35.0251, 34.8809, 37.1468, 34.9538, 36.9408, 36.371, 36.9182, 35.012, 35.049, 34.8499, 34.9178, 34.997, 34.8659, 43.0632, 36.8788, 35.12, 34.8852, 34.802, 34.8139, 34.8141, 34.8151, 35.008, 35.8582, 34.9898, 34.9102, 34.8489, 34.842, 34.817, 34.8179, 35.0301, 36.6509, 36.5498, 37.1401, 35.002, 34.9431, 35.0289, 34.9221, 34.8449, 34.812, 34.7991, 34.785, 34.801, 34.915, 34.935, 34.79, 34.8921, 34.884, 34.801, 34.8151, 34.883, 35.038, 34.9, 34.9569, 34.8899, 35.0142, 34.9069, 34.873, 36.5009, 37.215, 35.0752, 35.0509, 36.52, 34.9479, 34.8611, 34.96, 34.8458, 34.7521, 34.837, 34.785, 34.8129, 34.786, 34.878, 34.7161, 34.853, 34.9469, 34.9159, 35.0151, 34.9541, 34.7948, 34.7881, 34.7769, 34.8291, 34.869, 34.9159, 34.8198, 34.9112, 
Time to set up datastructures: 10313ms
34.241, 34.281, 35.8851, 34.5221, 34.4238, 36.2251, 35.9399, 34.344, 34.3771, 34.3461, 34.2479, 34.2321, 34.38, 34.265, 34.3609, 34.3821, 34.3709, 34.2131, 34.3311, 34.2238, 34.2991, 34.4748, 34.42, 34.3702, 35.6989, 34.5731, 34.3039, 34.194, 34.3001, 34.431, 34.296, 34.3709, 36.345, 36.18, 34.4491, 34.4119, 34.3471, 34.2171, 34.3029, 34.198, 34.3111, 34.2751, 34.2669, 34.2259, 34.292, 34.3411, 34.24, 34.271, 34.2441, 34.2739, 34.3339, 34.2939, 34.276, 34.3411, 34.204, 34.2519, 34.292, 34.3611, 34.348, 34.302, 34.374, 34.4009, 34.2259, 34.1749, 34.219, 34.343, 34.234, 34.3881, 34.323, 34.2829, 34.3301, 34.3699, 34.229, 34.236, 34.3299, 34.2751, 34.25, 34.332, 34.38, 34.2469, 34.307, 34.1911, 34.2469, 34.322, 34.3261, 34.2219, 34.497, 34.3621, 34.3161, 34.2739, 34.3101, 34.5111, 34.2338, 34.3261, 34.2109, 34.2309, 34.375, 34.2021, 34.292, 34.2948, 
Time to set up datastructures: 10309.2ms
34.3959, 34.2929, 34.2932, 34.3449, 34.353, 34.2381, 34.271, 34.183, 34.529, 34.1909, 34.2331, 34.169, 34.2441, 34.3349, 34.2121, 34.2269, 34.245, 34.1921, 34.2469, 34.2331, 34.2429, 34.215, 34.4551, 34.1752, 34.1609, 34.26, 34.1802, 34.3668, 34.2672, 34.2898, 36.1311, 36.0749, 34.5252, 34.224, 34.2388, 34.2078, 34.2691, 34.2009, 34.5111, 34.2021, 34.2329, 34.3971, 34.3139, 34.312, 39.5861, 35.9449, 34.291, 34.23, 34.8129, 34.3661, 34.1749, 34.3392, 34.3058, 34.487, 34.2801, 34.126, 34.318, 34.3449, 34.2121, 34.271, 37.447, 35.8121, 36.8569, 34.42, 34.286, 34.2729, 34.3142, 34.3099, 34.1752, 34.23, 34.308, 34.183, 34.2438, 34.199, 34.235, 34.2669, 34.462, 34.168, 34.256, 34.2822, 34.2319, 34.1949, 34.281, 34.276, 34.292, 34.2631, 34.287, 34.2669, 34.1749, 34.286, 34.168, 34.1711, 34.327, 34.1558, 34.1949, 34.4532, 34.1759, 34.148, 34.2789, 34.2431, 
Running Threadpool implementation with double the amount of partitions than threads
Time to set up datastructures: 10505.1ms
119.297, 128.542, 123.458, 118.21, 118.169, 118.404, 123.637, 118.095, 118.052, 120.506, 118.188, 118.115, 118.342, 118.362, 118.142, 118.37, 118.419, 125.34, 118.26, 123.653, 118.219, 118.457, 118.33, 118.593, 118.173, 118.32, 118.243, 118.236, 118.22, 118.201, 118.611, 118.346, 128.419, 118.535, 120.644, 119.352, 123.421, 119.249, 119.214, 119.427, 118.781, 118.939, 120.778, 120.216, 119.177, 119.527, 119.081, 119.09, 118.944, 119.533, 119.229, 119.062, 118.879, 119.766, 121.183, 119.913, 119.42, 119.459, 119.285, 119.33, 119.412, 119.084, 119.139, 119.067, 119.05, 119.156, 119.116, 119.072, 119.2, 118.933, 118.845, 119.013, 119.16, 119.108, 118.927, 118.949, 118.9, 119.008, 118.774, 118.795, 118.917, 118.806, 118.845, 118.896, 119.214, 119.021, 118.844, 118.857, 118.765, 118.854, 118.851, 118.796, 118.743, 119.914, 121.67, 133.699, 130.953, 122.925, 124.657, 121.858, 
Time to set up datastructures: 10531.9ms
81.208, 81.6879, 81.2721, 81.1739, 81.7389, 81.1949, 81.0931, 81.821, 81.414, 93.616, 84.5649, 81.4931, 81.1479, 88.2521, 81.516, 81.5079, 92.5951, 84.074, 81.5039, 81.4531, 81.2111, 89.129, 81.861, 81.5229, 88.608, 81.3961, 81.502, 88.9161, 81.3909, 81.2571, 89.314, 82.485, 89.0841, 81.5229, 81.2521, 85.006, 81.4099, 81.4841, 92.4079, 83.8389, 81.65, 81.6052, 81.3649, 89.4849, 81.5711, 81.7089, 81.6991, 81.3611, 87.328, 81.7289, 81.5551, 81.285, 86.066, 81.496, 82.3789, 81.2552, 81.758, 81.3549, 81.419, 97.96, 82.8779, 81.583, 81.527, 92.088, 84.887, 81.8081, 81.285, 89.6449, 81.692, 81.553, 87.8258, 81.851, 81.4769, 88.5551, 81.882, 81.425, 89.4449, 81.7451, 81.7029, 87.8019, 81.7001, 81.409, 81.4669, 81.3992, 81.455, 86.0291, 81.4378, 81.6269, 81.5489, 81.5191, 89.53, 81.696, 81.687, 81.598, 82.3081, 95.165, 91.82, 89.613, 87.7011, 83.5311, 
Time to set up datastructures: 10545.5ms
64.043, 73.844, 71.3539, 63.813, 63.7822, 65.1619, 63.8781, 63.55, 63.76, 63.818, 63.4298, 66.021, 68.583, 63.6411, 63.5781, 63.4708, 63.2598, 63.3588, 63.339, 63.3039, 63.206, 63.307, 63.242, 63.319, 63.549, 64.009, 63.9939, 64.177, 64.023, 65.886, 67.7249, 64.666, 63.3891, 63.2939, 63.2291, 70.0369, 68.8541, 68.4769, 64.0502, 63.3759, 63.3209, 63.3311, 63.3569, 63.2892, 63.251, 63.2799, 63.3271, 63.298, 63.4851, 63.731, 63.8549, 63.833, 63.976, 63.9939, 64.034, 63.993, 63.9729, 63.997, 64.0841, 63.875, 63.7319, 67.2119, 63.4592, 63.3159, 63.206, 63.6871, 69.108, 64.126, 63.364, 63.3759, 63.3581, 63.333, 63.2801, 63.3569, 63.3528, 63.5002, 63.3759, 64.2931, 64.2829, 63.4081, 63.359, 64.086, 68.7129, 63.5099, 64.0461, 68.3639, 65.1169, 68.861, 65.176, 63.4708, 63.4451, 63.518, 64.0869, 67.5581, 65.1062, 65.4728, 71.6081, 70.327, 64.2941, 63.8909, 
Time to set up datastructures: 10488.8ms
52.17, 56.3729, 53.545, 52.4819, 52.3951, 52.1629, 52.6021, 52.2449, 52.289, 57.8699, 53.7801, 52.319, 57.1978, 57.0271, 52.521, 52.3441, 52.2618, 52.2022, 52.2978, 52.4302, 52.3038, 58.5332, 57.267, 52.8691, 52.5768, 52.5868, 52.4611, 52.582, 52.5661, 58.4359, 59.797, 52.974, 52.496, 52.5851, 58.3429, 57.2419, 52.892, 52.5072, 52.5699, 52.4111, 52.6841, 52.6941, 52.454, 58.876, 57.7579, 53.1671, 52.7799, 52.6719, 52.834, 52.48, 52.5692, 52.3698, 52.433, 52.6102, 52.6469, 52.5901, 52.5229, 52.587, 58.2011, 53.04, 59.175, 55.3539, 52.654, 52.5839, 58.3329, 57.5449, 52.964, 52.8111, 52.711, 52.6488, 52.5131, 52.4549, 59.1331, 56.0911, 52.8469, 58.645, 57.3161, 52.922, 52.6981, 52.4709, 52.9399, 52.5191, 52.6381, 58.4629, 56.524, 52.557, 58.069, 58.182, 59.0658, 54.5201, 52.7921, 52.4209, 52.6121, 52.5391, 57.6289, 53.7691, 52.7399, 57.7312, 60.1571, 53.0338, 
Time to set up datastructures: 10471.5ms
46.5899, 46.0222, 47.334, 46.175, 46.4351, 46.2358, 45.9712, 52.707, 49.269, 46.504, 46.241, 46.0641, 52.731, 51.9168, 51.2521, 52.109, 47.9059, 46.3541, 46.3231, 46.4089, 47.4961, 48.521, 50.679, 50.3321, 48.2991, 49.7339, 49.773, 54.3358, 53.606, 52.3829, 49.0921, 48.8961, 50.1099, 50.0112, 52.9649, 49.284, 52.547, 47.4708, 47.0471, 51.1689, 46.8311, 46.6309, 46.7401, 46.706, 46.623, 46.777, 48.784, 51.2509, 48.6631, 46.9189, 46.5372, 46.5219, 46.819, 46.5531, 46.4089, 46.8261, 46.556, 46.809, 47.313, 46.3991, 46.4439, 46.952, 46.567, 46.6461, 46.7918, 46.381, 46.7632, 46.9429, 51.548, 48.528, 50.092, 49.1052, 50.921, 49.2089, 49.149, 47.6542, 52.3229, 51.8072, 48.183, 46.7331, 46.5949, 46.854, 47.0409, 46.2761, 46.5589, 47.0202, 46.3929, 46.4971, 51.368, 48.4748, 47.0181, 46.7021, 46.7238, 51.5392, 47.3568, 47.569, 46.6261, 46.7601, 50.6458, 48.2991, 
Time to set up datastructures: 10463.3ms
42.2752, 42.1159, 42.315, 42.4049, 42.325, 42.3901, 45.7199, 42.6722, 42.3069, 42.268, 42.1801, 42.1619, 42.2711, 43.494, 42.3639, 42.486, 42.233, 42.2881, 42.311, 42.2769, 42.3, 42.331, 42.299, 42.511, 42.4409, 42.217, 42.305, 42.4011, 42.407, 42.3169, 42.3088, 42.2051, 42.1782, 42.4809, 42.2618, 42.501, 42.4199, 42.274, 42.361, 42.4211, 42.284, 42.3939, 42.331, 42.449, 42.3589, 42.3069, 42.2802, 42.4829, 42.3992, 42.3889, 45.929, 47.0181, 46.216, 42.9261, 42.424, 43.0112, 42.4449, 42.6779, 42.9711, 42.304, 42.6009, 42.9811, 42.4409, 42.6421, 42.9029, 42.3741, 42.5839, 42.9611, 42.4519, 42.5022, 42.922, 42.4209, 42.9261, 47.7021, 49.4459, 47.1599, 42.7358, 42.3682, 42.3548, 42.3551, 42.49, 42.443, 42.346, 42.5861, 42.398, 42.5498, 42.439, 42.3141, 42.558, 42.5448, 42.4752, 42.3789, 42.4459, 42.4092, 42.2599, 42.3551, 42.397, 47.0309, 42.805, 42.449, 
Time to set up datastructures: 10473.4ms
42.788, 43.7069, 40.1239, 39.6581, 43.0231, 41.9619, 42.7771, 42.484, 40.379, 39.7878, 39.5319, 39.6891, 43.689, 44.5099, 43.8881, 42.5849, 40.5762, 39.7198, 39.783, 39.8531, 39.8309, 39.752, 39.845, 42.6781, 44.9591, 42.9931, 40.036, 39.8109, 39.7689, 39.6841, 39.784, 39.6349, 40.0112, 39.7389, 39.8262, 39.808, 39.8998, 39.7751, 41.676, 42.5758, 40.0841, 39.8099, 39.8099, 39.8331, 39.994, 39.8581, 43.7169, 45.727, 44.1701, 41.6498, 40.1931, 43.386, 41.008, 40.7331, 44.6119, 44.054, 41.5521, 40.2248, 39.8152, 39.839, 39.6819, 39.7851, 39.654, 39.773, 39.8691, 39.8538, 39.7768, 39.8481, 40.2911, 41.317, 40.4899, 40.014, 43.1631, 40.035, 41.997, 42.7608, 45.4621, 41.065, 39.9721, 39.9728, 39.8262, 39.886, 39.799, 40.905, 40.092, 39.809, 39.7561, 39.7739, 39.8221, 39.861, 39.866, 39.813, 40.0929, 39.758, 39.865, 41.074, 39.927, 39.8271, 39.876, 39.989, 
Time to set up datastructures: 10471.6ms
41.0099, 40.5359, 39.458, 38.4741, 38.0099, 37.6811, 37.854, 41.2951, 41.043, 40.2899, 40.483, 40.3421, 39.7401, 38.615, 38.348, 37.6542, 37.7388, 41.6329, 38.6319, 40.3342, 40.8869, 40.3681, 39.412, 38.42, 38.1539, 38.4352, 37.8518, 37.719, 37.982, 37.854, 37.9012, 37.7429, 37.92, 37.7152, 37.7028, 37.986, 37.6811, 38.718, 38.0881, 37.7309, 37.761, 37.9851, 37.755, 37.848, 37.8411, 37.8408, 37.6561, 37.7679, 37.7061, 37.7469, 38.029, 37.74, 37.889, 37.7891, 38.765, 38.27, 37.8351, 37.776, 37.709, 37.6899, 37.9181, 37.622, 37.734, 37.8129, 37.636, 37.9009, 37.879, 37.945, 37.725, 37.936, 37.8499, 41.183, 39.484, 40.2532, 40.6919, 41.532, 40.139, 38.656, 38.3379, 37.9069, 37.7221, 37.972, 37.7729, 38.132, 37.9281, 41.1749, 38.3582, 39.649, 40.4439, 40.338, 40.5219, 38.8861, 38.5201, 38.2688, 38.058, 37.8501, 40.71, 40.4961, 42.8078, 38.882, 
Time to set up datastructures: 10454.5ms
36.6139, 39.3119, 38.949, 38.45, 36.639, 36.499, 36.6161, 36.468, 36.4618, 36.474, 36.9382, 36.3429, 36.325, 36.5021, 36.3569, 39.161, 36.5951, 36.675, 37.189, 37.54, 37.9598, 38.4848, 38.888, 39.088, 40.0999, 39.9189, 38.7192, 37.3378, 37.1561, 36.936, 36.71, 36.4959, 37.1859, 36.9141, 36.7191, 36.8278, 36.6571, 36.572, 36.3801, 36.474, 36.3579, 36.2761, 36.5069, 36.679, 36.5832, 36.4659, 36.5381, 36.5589, 36.5012, 36.355, 36.4249, 40.0841, 37.5619, 37.5931, 38.075, 38.588, 39.18, 39.252, 38.9969, 38.759, 37.729, 38.1711, 37.492, 37.1468, 36.8822, 36.7789, 36.6321, 36.6149, 36.4521, 36.449, 36.546, 36.5241, 36.3281, 36.5469, 39.3131, 36.6628, 36.5231, 36.593, 36.546, 36.6361, 36.469, 36.4819, 36.6242, 36.588, 36.581, 36.3979, 36.6189, 36.6242, 36.4928, 36.639, 39.453, 36.732, 36.772, 36.5939, 36.4261, 36.4559, 36.5181, 36.4039, 36.612, 36.4611, 
Time to set up datastructures: 10469.3ms
35.624, 35.65, 35.7289, 35.5241, 35.583, 35.5179, 35.6431, 35.6219, 35.7661, 35.5279, 35.645, 35.495, 35.521, 37.2069, 35.6822, 35.6178, 35.6171, 35.5299, 38.094, 35.846, 35.532, 35.624, 35.5339, 35.5921, 37.5249, 38.275, 35.6891, 37.3909, 38.372, 35.506, 35.4159, 35.4822, 35.9478, 36.4571, 36.381, 36.078, 36.046, 35.861, 37.4091, 36.1791, 35.769, 35.5361, 35.907, 35.9399, 35.9581, 35.974, 35.944, 35.9001, 35.9509, 36.1242, 35.9969, 35.876, 36.006, 35.8479, 36.051, 36.1669, 35.8522, 35.9039, 36.0799, 35.9802, 36.3228, 36.0012, 36.104, 37.5988, 37.534, 36.6669, 35.5251, 35.6541, 35.497, 35.635, 35.718, 35.6431, 35.857, 35.795, 37.415, 35.898, 35.6688, 35.7881, 35.7311, 35.7308, 35.8791, 35.991, 35.8791, 37.6239, 38.667, 38.223, 35.6882, 35.6729, 35.732, 35.8729, 35.8531, 35.5539, 35.614, 35.583, 35.4822, 37.679, 38.66, 37.7181, 38.255, 37.766, 
Time to set up datastructures: 10461.6ms
35.5251, 35.7549, 35.5561, 35.0039, 34.9779, 35.0621, 34.9288, 34.77, 34.9028, 35.0182, 36.3448, 35.373, 35.332, 35.6071, 35.29, 35.67, 35.5549, 35.6569, 35.749, 35.7251, 35.7728, 35.8641, 35.814, 35.6939, 35.8391, 35.943, 35.975, 36.1271, 36.0742, 36.0408, 36.304, 36.123, 36.0429, 36.541, 36.608, 36.2799, 36.3569, 36.3729, 36.2859, 37.0951, 37.535, 38.177, 35.3951, 35.0881, 34.935, 34.9619, 34.9021, 34.8759, 35.0251, 35.0499, 35.177, 35.0058, 34.996, 35.0652, 35.0518, 34.9162, 34.857, 34.9939, 34.9782, 34.95, 35.1229, 35.0988, 35.0161, 34.951, 34.981, 34.9162, 34.8539, 34.8711, 35.105, 36.9899, 36.6211, 36.906, 35.2209, 35.0881, 35.0971, 34.9629, 34.909, 34.956, 35.0599, 35.1272, 35.0618, 34.9841, 34.915, 36.4871, 35.121, 35.0111, 34.9491, 34.9939, 35.068, 35.0411, 35.0358, 34.9271, 34.9939, 35.1272, 35.043, 34.93, 35.0308, 36.8011, 35.0399, 35.5272, 
Time to set up datastructures: 10565.8ms
34.4241, 34.472, 34.6689, 35.7621, 35.5029, 34.4748, 34.4841, 34.9531, 36.1888, 37.3499, 36.335, 37.1869, 37.1809, 36.727, 36.52, 36.134, 36.1431, 36.3569, 36.1242, 36.438, 35.5859, 35.6541, 35.6021, 35.9089, 35.2712, 35.651, 36.104, 35.8729, 35.908, 35.691, 36.721, 36.6342, 36.1209, 36.9611, 36.8629, 37.004, 36.8071, 36.351, 36.263, 36.0229, 35.8241, 36.0041, 35.675, 35.908, 35.923, 36.1719, 35.7471, 36.031, 35.764, 35.8419, 35.7962, 35.7778, 35.763, 35.8551, 35.846, 35.7211, 35.7001, 35.9888, 35.6722, 35.9759, 36.181, 36.3312, 36.52, 37.118, 36.9859, 36.2041, 35.995, 35.9099, 35.9809, 36.2179, 35.7921, 36.1741, 35.5129, 35.902, 35.9099, 35.96, 35.6252, 35.9118, 35.4991, 35.913, 35.62, 36.572, 36.046, 35.1951, 35.037, 35.1598, 35.531, 36.0501, 36.2439, 36.8471, 36.0899, 36.7692, 37.019, 36.6669, 37.394, 37.7321, 36.9101, 37.0989, 36.3331, 36.546, 
Time to set up datastructures: 10463.1ms
35.0988, 35.5251, 35.3301, 35.4259, 35.511, 36.0949, 36.5019, 35.9139, 36.1669, 35.706, 35.9502, 36.0079, 36.5191, 35.8291, 36.3879, 36.1471, 34.533, 34.3029, 34.364, 35.5322, 35.7058, 34.4532, 34.5409, 34.699, 34.6951, 35.0978, 34.956, 35.311, 35.593, 35.6359, 35.547, 35.6171, 36.0248, 36.4099, 36.0091, 35.944, 35.6259, 35.4102, 35.5709, 35.6541, 35.4931, 36.2539, 36.0379, 36.222, 35.588, 36.4742, 36.2458, 36.6392, 36.273, 36.7529, 36.886, 35.9869, 35.984, 35.378, 35.5892, 35.3668, 35.6119, 35.665, 35.6781, 35.655, 35.6629, 35.665, 35.7661, 36.6058, 36.787, 36.4542, 36.8829, 36.545, 36.8659, 36.3362, 35.964, 35.7778, 37.8771, 35.691, 34.7011, 34.513, 34.2619, 34.5941, 34.5399, 35.8739, 34.534, 34.3871, 35.2108, 35.135, 35.0502, 35.29, 35.485, 35.418, 35.7599, 35.9631, 36.1822, 36.639, 36.243, 35.531, 35.6898, 35.373, 35.7442, 35.49, 35.7809, 36.6859, 
Running CRSMerge implementation
Time to set up datastructures: 15710.4ms
116.908, 116.803, 116.81, 116.821, 117.015, 116.811, 116.967, 116.9, 116.796, 116.959, 116.905, 116.843, 117.084, 116.905, 116.889, 116.803, 116.874, 116.954, 116.762, 116.846, 117.003, 116.873, 116.951, 117.069, 116.866, 116.906, 116.813, 116.792, 116.963, 116.827, 117.046, 116.837, 116.972, 116.889, 117.076, 116.841, 116.869, 117.05, 117.03, 116.873, 117.085, 116.97, 116.862, 117.253, 116.893, 116.936, 117.179, 116.99, 116.992, 117.021, 116.936, 116.935, 116.897, 116.987, 117.088, 117.034, 116.842, 117.057, 116.928, 117.034, 117.018, 117.006, 116.838, 117.491, 117.135, 117.115, 117.334, 117.132, 117.21, 117.166, 117.21, 117.05, 117.162, 117.022, 117.104, 117.006, 118.571, 117.659, 117.524, 117.447, 117.768, 117.553, 117.445, 117.479, 117.405, 117.284, 117.297, 117.395, 117.413, 117.33, 117.362, 117.374, 117.418, 117.51, 117.424, 117.291, 117.214, 117.224, 117.401, 117.315, 
Time to set up datastructures: 12182.9ms
80.74, 80.6742, 80.529, 80.636, 80.703, 80.5478, 80.5562, 80.6799, 80.9641, 80.698, 80.574, 80.6029, 80.4009, 80.395, 80.616, 80.575, 80.709, 80.616, 80.4729, 80.5371, 80.6589, 80.5101, 80.6131, 80.5628, 80.5562, 80.673, 80.4911, 80.5199, 80.5361, 80.631, 80.4338, 80.5621, 80.5011, 80.4739, 80.631, 80.5039, 80.5101, 80.56, 80.5609, 80.5521, 80.6611, 80.7219, 80.4451, 80.4269, 80.4231, 80.8661, 80.5678, 80.5721, 80.559, 80.611, 80.7979, 80.471, 80.554, 80.4992, 80.497, 80.503, 80.7688, 80.8861, 80.528, 80.4839, 80.76, 80.6689, 80.4942, 80.6079, 80.7729, 80.492, 80.4081, 80.436, 80.482, 80.4911, 80.781, 80.5559, 80.5991, 80.406, 80.8051, 80.5581, 80.7469, 80.529, 80.5252, 80.502, 80.4389, 80.4331, 80.478, 80.478, 80.5449, 80.6191, 80.4801, 80.5709, 80.5581, 80.683, 80.6949, 80.5662, 80.5449, 80.5099, 80.548, 80.55, 80.8401, 80.5681, 80.6251, 80.683, 
Time to set up datastructures: 17634.6ms
62.932, 62.9909, 62.9091, 63.046, 63.0271, 62.9079, 63.0219, 62.933, 62.9761, 62.947, 63.1208, 63.0748, 62.979, 62.911, 63.091, 62.803, 63.005, 63.0882, 62.9148, 62.9041, 63.0791, 62.9759, 63.1921, 63.046, 63.1349, 62.897, 63.015, 62.9849, 63.082, 63.0059, 63, 62.9132, 62.835, 63.0689, 63.0102, 62.9599, 62.959, 63.0729, 63.0732, 63.0269, 63.0682, 63.1399, 62.9971, 63.0038, 63.0209, 62.9129, 63.174, 63.01, 63.0112, 63.041, 62.947, 62.952, 63.1778, 63.0732, 63.112, 62.9828, 62.9401, 63.045, 63.0331, 62.974, 63.1289, 63.108, 62.8932, 62.9909, 62.9461, 63.0541, 62.8929, 62.937, 62.9709, 63.03, 62.973, 63.06, 63.03, 63.0231, 63.0159, 62.9661, 63.051, 62.994, 62.916, 63.1199, 63.1671, 63.0059, 62.9599, 63.0021, 62.947, 63.019, 63.045, 63.1878, 63.098, 63.0651, 63.076, 62.9709, 63.0071, 63.112, 63.019, 63.1149, 62.9671, 62.959, 63.159, 63.004, 
Time to set up datastructures: 16832.9ms
52.3889, 52.4671, 52.5019, 52.3112, 52.4008, 52.5301, 52.5851, 52.4709, 52.469, 52.285, 52.2771, 52.4042, 52.4628, 52.423, 52.5031, 52.285, 52.505, 52.3591, 52.5939, 52.5689, 52.525, 52.397, 52.4201, 52.4399, 52.2861, 52.7139, 52.2802, 52.6099, 52.3272, 52.4669, 52.3851, 52.434, 52.5091, 52.5351, 52.377, 52.439, 52.3999, 52.4812, 52.1879, 52.5849, 52.4991, 52.4011, 52.4719, 52.4008, 52.5818, 52.4912, 52.4249, 52.6671, 53.319, 52.319, 52.5849, 52.4869, 52.5999, 52.449, 52.4971, 52.562, 52.3009, 52.511, 52.567, 52.3672, 52.439, 52.665, 52.47, 52.685, 52.398, 52.5301, 52.4271, 52.5651, 52.4368, 52.438, 52.639, 52.608, 52.346, 52.561, 52.366, 52.603, 52.5181, 52.2959, 52.485, 52.521, 52.315, 52.4361, 52.458, 52.5119, 52.4361, 52.4838, 52.6471, 52.5939, 52.4111, 52.4931, 52.2969, 52.4411, 52.4099, 52.5801, 52.532, 52.3, 52.5219, 52.562, 52.4862, 52.592, 
Time to set up datastructures: 17571.1ms
45.9671, 45.9759, 46.155, 46.0079, 46.191, 46.1271, 46.037, 46.0441, 45.9979, 46.14, 46.2921, 46.129, 46.14, 46.0198, 46.0541, 46.329, 46.1819, 46.0131, 46.2179, 46.3111, 46.139, 46.1149, 46.0391, 45.9039, 46.062, 46.2451, 46.051, 46.061, 46.0439, 46.128, 46.2129, 46.1731, 46.2561, 46.097, 46.1099, 46.2179, 46.0989, 46.174, 46.1111, 46.2339, 46.0892, 45.964, 46.0329, 46.1662, 46.0098, 46.1891, 46.1349, 46.0649, 46.016, 46.2089, 46.1891, 46.1199, 46.0961, 46.098, 46.078, 46.1609, 46.334, 46.1311, 46.1628, 46.3369, 46.1071, 46.1249, 45.989, 45.891, 46.2489, 46.279, 46.1311, 46.164, 46.1149, 46.0451, 46.066, 46.1869, 46.2539, 46.231, 46.15, 46.1712, 46.2029, 46.257, 46.0451, 46.1149, 46.191, 46.2401, 46.165, 46.2339, 46.2012, 46.0918, 46.2592, 46.1159, 46.289, 46.1159, 46.088, 46.1791, 46.174, 46.088, 46.1719, 46.273, 46.1321, 46.2239, 46.1621, 46.1121, 
Time to set up datastructures: 17538.7ms
41.8651, 41.9049, 41.853, 42.0392, 41.935, 42.037, 41.9679, 42.0861, 41.9719, 41.9121, 42.2699, 42.006, 41.996, 42.0642, 41.908, 42.053, 41.9848, 42.0811, 42.052, 42.052, 42.0849, 42.042, 41.9309, 41.8978, 41.9629, 42.094, 42.057, 42.1071, 41.966, 41.889, 42.0971, 42.026, 42.1, 42.0799, 42.001, 42.032, 42.1419, 42.1579, 41.944, 41.944, 42.0711, 42.084, 42.1379, 41.9531, 42.156, 42.1381, 42.2809, 42.1071, 42.043, 42.14, 41.9769, 42.1731, 42.105, 41.9888, 42.12, 42.0918, 42.1371, 42.3009, 42.0511, 42.129, 42.088, 42.088, 42.2142, 42.0051, 42.0158, 42.1278, 42.12, 42.089, 42.1071, 42.1569, 42.1162, 42.2449, 42.1281, 42.1379, 42.099, 42.1321, 42.2359, 42.0711, 42.1031, 42.124, 42.315, 42.0752, 42.1629, 42.0949, 42.2421, 42.2101, 42.2249, 42.2261, 42.048, 42.12, 42.022, 42.29, 42.011, 42.0952, 42.1579, 42.176, 42.2502, 41.996, 42.0728, 42.2611, 
Time to set up datastructures: 17651ms
39.299, 39.3729, 39.294, 39.3801, 39.3291, 39.4411, 39.3291, 39.4268, 39.4139, 39.4969, 39.4821, 39.4461, 39.4409, 39.4571, 39.5441, 39.4731, 39.3879, 39.65, 39.5789, 39.4168, 39.6161, 39.6769, 39.3772, 39.5279, 39.645, 39.5131, 39.403, 39.283, 39.4731, 39.465, 39.5341, 39.5699, 39.4092, 39.5579, 39.5839, 39.4661, 39.6409, 39.521, 39.4342, 39.3958, 39.5539, 39.506, 39.5348, 39.721, 39.4921, 39.547, 39.5241, 39.541, 39.6149, 39.5911, 39.5579, 39.5892, 39.52, 39.5708, 39.6771, 39.618, 39.4061, 39.5591, 39.4299, 39.6891, 39.454, 39.506, 39.4681, 39.65, 39.583, 39.4461, 39.6299, 39.571, 39.494, 39.5589, 39.5129, 39.5122, 39.3879, 39.4881, 39.5439, 39.592, 39.485, 39.6142, 39.5789, 39.3641, 39.654, 39.5319, 39.577, 39.5331, 39.65, 39.8629, 39.6721, 39.607, 39.567, 39.5479, 39.705, 39.4659, 39.521, 39.5451, 39.69, 39.629, 39.572, 39.5291, 39.454, 39.5751, 
Time to set up datastructures: 17827.7ms
37.5741, 37.5681, 37.528, 37.5569, 37.5631, 37.4219, 37.5221, 37.452, 37.535, 37.6022, 37.674, 37.6539, 37.533, 37.6952, 37.6449, 37.6701, 37.6129, 37.6329, 37.6949, 37.7281, 37.581, 37.6332, 37.7069, 37.734, 37.6761, 37.5319, 37.4742, 37.6499, 37.6441, 37.535, 37.6589, 37.6821, 37.704, 37.5891, 37.555, 37.6539, 37.689, 37.5311, 37.5299, 37.6492, 37.643, 37.673, 37.7369, 37.6251, 37.596, 37.7202, 37.6658, 37.58, 37.617, 37.456, 37.586, 37.5822, 37.7028, 37.4491, 37.734, 37.7851, 37.5898, 37.6642, 37.617, 37.586, 37.6511, 37.523, 37.5531, 37.4689, 37.6902, 37.6298, 37.636, 37.473, 37.636, 37.6461, 37.796, 37.559, 37.7638, 37.6172, 37.5619, 37.7021, 37.6251, 37.7059, 37.621, 37.4959, 37.621, 37.672, 37.632, 37.672, 37.5271, 37.714, 37.6599, 37.5259, 37.7221, 37.688, 37.648, 37.6089, 37.6801, 37.5669, 37.6401, 37.569, 37.6458, 37.5841, 37.6401, 37.6689, 
Time to set up datastructures: 17842.9ms
36.3581, 36.2759, 36.262, 36.1149, 36.1569, 36.1331, 36.17, 36.2439, 36.1252, 36.1629, 36.2, 36.1781, 36.2968, 36.294, 36.3069, 36.1631, 36.3441, 36.1578, 36.195, 36.315, 36.226, 36.0801, 36.186, 36.1271, 36.1168, 36.2511, 36.4079, 36.2101, 36.2811, 36.2399, 36.3891, 36.103, 36.206, 36.402, 36.263, 36.2852, 36.201, 36.2408, 36.1521, 36.3369, 36.211, 36.2821, 36.196, 36.459, 36.222, 36.2921, 36.061, 36.2051, 36.483, 36.2511, 36.253, 36.165, 36.0391, 36.025, 36.346, 36.2091, 36.3069, 36.4439, 36.289, 36.2022, 36.319, 36.2129, 36.2451, 36.2139, 36.154, 36.1991, 36.1819, 36.2411, 36.181, 36.1071, 36.0811, 36.2768, 36.2411, 36.2551, 36.202, 36.2489, 36.2332, 36.2139, 36.273, 36.1621, 36.2408, 36.267, 36.124, 36.2141, 36.19, 36.1049, 36.1121, 36.1979, 36.3111, 36.1741, 36.1729, 36.2751, 36.222, 36.236, 36.1631, 36.236, 36.2809, 36.2129, 36.144, 36.2442, 
Time to set up datastructures: 18073ms
35.111, 35.0411, 35.1329, 35.208, 35.1789, 35.1591, 35.3169, 35.208, 35.2211, 35.3179, 35.1, 35.1741, 35.213, 35.315, 35.0969, 35.1009, 35.0971, 35.0549, 35.2092, 35.1, 35.099, 35.1348, 35.3181, 35.4409, 35.2781, 35.1479, 35.1171, 35.1748, 35.0561, 35.295, 35.264, 35.1501, 35.09, 35.023, 35.1651, 35.378, 35.202, 35.09, 35.2011, 35.2149, 35.141, 35.1601, 35.0561, 35.08, 35.064, 35.181, 35.1429, 35.2819, 35.157, 35.2681, 35.1381, 35.475, 35.2418, 35.2352, 35.141, 35.1081, 35.1, 35.2869, 35.126, 35.135, 35.1, 35.3019, 35.1551, 35.264, 35.198, 35.248, 35.2411, 35.269, 35.3019, 35.0611, 35.2049, 35.0909, 35.2561, 35.1231, 35.1698, 35.419, 35.4161, 35.1341, 35.2168, 35.08, 35.0449, 35.126, 35.1419, 35.1739, 35.042, 35.1961, 35.0289, 35.1419, 35.1472, 35.1698, 35.2581, 35.2361, 35.2521, 35.084, 35.0678, 35.2969, 35.145, 35.111, 35.0981, 35.198, 
Time to set up datastructures: 17511.1ms
34.7691, 34.9319, 34.744, 34.6811, 34.7559, 34.873, 34.6911, 34.8749, 34.7471, 34.6398, 34.7719, 34.8301, 34.673, 34.754, 34.6889, 34.729, 34.7281, 34.795, 34.6849, 34.7431, 34.7519, 34.6692, 34.7838, 34.9061, 34.734, 34.8768, 34.951, 34.7691, 34.914, 34.713, 34.7891, 34.879, 34.6949, 34.801, 34.796, 34.8759, 34.9419, 34.7629, 34.6971, 34.8122, 34.8139, 34.7631, 34.7769, 34.687, 34.668, 34.7629, 34.801, 34.667, 34.8251, 34.77, 34.6689, 34.719, 34.663, 34.76, 34.749, 34.7068, 34.7102, 34.694, 34.8699, 34.6692, 34.7328, 35.0571, 34.8361, 34.915, 34.7271, 34.6229, 34.6951, 34.761, 34.7471, 34.791, 34.781, 34.7118, 34.692, 34.662, 34.7061, 34.6949, 34.796, 34.7731, 34.9009, 34.8568, 34.749, 34.698, 34.8032, 34.662, 34.714, 34.796, 34.8229, 34.698, 34.6739, 34.616, 34.6279, 34.898, 34.6761, 34.6189, 34.806, 34.7061, 34.7469, 34.775, 34.8301, 34.8561, 
Time to set up datastructures: 17887.5ms
34.21, 34.163, 34.1761, 34.2109, 34.143, 34.0931, 34.183, 34.2751, 34.1489, 34.1051, 34.1129, 34.06, 34.3111, 34.2691, 34.1799, 34.163, 34.189, 34.1129, 34.1392, 34.1849, 34.1811, 34.1129, 34.1289, 34.1458, 34.2391, 34.1802, 34.2159, 34.225, 36.7072, 37.9329, 35.8691, 34.992, 34.704, 35.918, 34.8918, 34.4012, 34.322, 34.3421, 34.349, 34.184, 34.24, 34.277, 34.107, 34.2331, 34.1129, 34.4529, 34.198, 34.0769, 34.2321, 34.2829, 34.1799, 34.4, 34.204, 34.142, 34.1358, 34.1072, 34.1749, 34.205, 34.2162, 34.1768, 34.1122, 34.1868, 34.332, 34.153, 34.2891, 34.1609, 34.106, 34.106, 34.1752, 34.1718, 34.0571, 34.1289, 34.091, 34.1072, 34.1599, 34.1511, 34.138, 34.199, 34.204, 34.2121, 34.137, 34.2529, 34.0331, 34.0719, 34.1771, 34.2171, 34.2119, 34.373, 34.3001, 34.1361, 34.2748, 34.2031, 34.1961, 34.1718, 34.2169, 34.107, 34.2262, 34.219, 34.2021, 34.1289, 
Time to set up datastructures: 18006.7ms
34.1601, 34.0409, 34.1182, 34.3008, 34.008, 34.1022, 34.1079, 34.0312, 34.143, 34.106, 34.0388, 34.198, 34.1961, 34.014, 34.0021, 34.0838, 34.106, 34.081, 34.1709, 34.2472, 34.1649, 34.1101, 34.049, 34.0159, 34.0571, 34.065, 34.029, 34.1389, 34.2221, 34.235, 34.0481, 34.204, 34.1289, 34.075, 34.3189, 34.1301, 34.112, 34.09, 34.0679, 34.1451, 34.1339, 34.095, 34.0722, 34.0788, 34.096, 34.1229, 34.07, 34.21, 34.188, 34.054, 34.2209, 34.193, 34.1852, 34.168, 34.1029, 34.1151, 34.1239, 34.0261, 34.076, 34.152, 34.0788, 34.0459, 34.0879, 34.0109, 34.05, 34.194, 34.1241, 34.0829, 34.0312, 34.1258, 34.1811, 34.0879, 34.024, 34.2271, 34.0919, 34.0931, 34.173, 34.0588, 34.2131, 34.214, 34.2221, 34.1771, 34.157, 34.1208, 34.0528, 34.0321, 34.09, 34.075, 34.169, 34.054, 34.1239, 34.148, 34.229, 34.184, 34.0359, 34.143, 34.117, 34.102, 34.066, 34.2989, 
Running CSB implementation
Time to set up datastructures: 17471.8ms
39.783, 39.7141, 39.6571, 39.638, 39.896, 39.798, 39.5918, 39.6912, 39.5648, 39.6531, 39.609, 39.6841, 39.6061, 39.6659, 39.6621, 39.6299, 39.593, 39.768, 39.6709, 39.6259, 39.5999, 39.66, 39.6941, 39.7079, 39.6969, 39.6261, 39.7639, 39.6771, 39.6018, 39.5491, 39.5989, 39.5601, 39.6681, 39.634, 39.6459, 39.7739, 39.5858, 39.6972, 39.6159, 39.7301, 39.7279, 39.598, 39.6531, 39.6409, 39.649, 39.587, 39.727, 39.6931, 39.685, 39.592, 39.5949, 39.927, 39.8128, 39.6121, 39.654, 39.573, 39.6171, 39.597, 39.5191, 39.6688, 39.6569, 39.607, 39.5749, 39.8462, 39.705, 39.597, 39.608, 39.6328, 39.618, 39.8879, 39.6211, 39.5679, 39.619, 39.7069, 39.628, 39.809, 39.6421, 39.824, 39.5432, 39.664, 39.587, 39.5319, 39.578, 39.737, 39.614, 39.994, 39.5939, 39.633, 39.6631, 39.675, 39.5648, 39.6118, 39.665, 39.5999, 39.577, 39.5749, 39.5989, 39.6161, 39.7279, 39.6051, 
Time to set up datastructures: 17263ms
34.301, 34.3659, 34.3659, 34.297, 34.2779, 34.318, 34.2791, 34.353, 34.2939, 34.1821, 34.2519, 34.6241, 34.2112, 34.3609, 34.272, 34.245, 34.3502, 34.3878, 34.2281, 34.3499, 34.2162, 34.3609, 34.2431, 34.2519, 34.296, 34.3339, 34.323, 34.204, 34.26, 34.2491, 34.4238, 34.2312, 34.225, 34.306, 34.23, 34.1959, 34.235, 34.292, 34.3091, 34.2619, 34.1761, 34.3781, 34.348, 34.2159, 34.24, 34.2629, 34.2782, 34.2169, 34.163, 34.272, 34.2889, 34.337, 34.323, 34.317, 34.2991, 34.2259, 34.2648, 34.2951, 34.2939, 34.178, 34.276, 34.184, 34.2879, 34.2259, 34.2491, 34.3001, 34.652, 34.3649, 34.204, 34.322, 34.1861, 34.2429, 34.2181, 34.282, 34.2321, 34.451, 34.5569, 34.215, 34.256, 34.2269, 34.2431, 34.2209, 34.2231, 34.215, 34.302, 34.2021, 34.2748, 34.353, 34.1442, 34.323, 34.4541, 34.3058, 34.241, 34.2271, 34.157, 34.277, 34.2591, 34.2059, 34.2619, 34.2901, 
Time to set up datastructures: 18587.9ms
33.8261, 33.8318, 33.7901, 33.8409, 33.8461, 33.819, 33.834, 33.8271, 33.7701, 33.663, 33.7429, 33.8101, 33.7989, 33.8171, 33.8759, 33.8099, 33.777, 33.72, 33.9019, 33.885, 33.859, 33.7901, 33.7908, 33.797, 33.8001, 33.8759, 33.747, 33.814, 33.793, 33.8101, 33.8089, 33.746, 33.7851, 33.766, 33.7999, 33.807, 33.8709, 33.895, 33.884, 33.813, 33.792, 33.7491, 33.792, 33.778, 33.792, 33.844, 33.818, 33.7899, 33.8051, 33.823, 33.7801, 33.762, 33.8099, 33.8421, 33.7989, 33.8349, 33.8061, 33.747, 33.7751, 33.752, 33.8778, 33.8318, 33.8502, 33.793, 33.828, 33.7858, 33.7741, 33.814, 33.787, 33.6881, 33.807, 33.8089, 33.772, 33.766, 33.7889, 33.8411, 33.855, 33.843, 33.838, 33.8678, 33.802, 33.7689, 33.7961, 33.85, 33.7501, 33.87, 33.8509, 33.8311, 33.752, 33.839, 33.778, 33.814, 33.7491, 33.813, 33.8221, 33.782, 33.7949, 33.7842, 33.8309, 33.848, 
Time to set up datastructures: 19763.9ms
33.7589, 33.73, 33.725, 33.71, 33.74, 33.7551, 33.721, 33.7689, 33.7291, 33.7369, 33.7081, 33.6931, 33.72, 33.771, 33.72, 33.7019, 33.7241, 33.6771, 33.7219, 33.7491, 33.7119, 33.73, 33.7501, 33.7589, 33.6981, 33.6978, 33.7129, 33.761, 33.7291, 33.7019, 33.709, 33.7431, 33.684, 33.8159, 33.7398, 33.7682, 33.7238, 33.7451, 33.7629, 33.6981, 33.771, 33.6919, 33.7121, 33.6339, 33.7961, 33.7391, 33.6239, 33.7882, 33.6978, 33.7031, 33.6959, 33.6318, 33.7782, 33.7379, 33.699, 33.782, 33.6599, 33.6921, 33.6571, 33.6349, 33.673, 33.679, 33.648, 33.633, 33.6781, 33.7079, 33.7651, 33.663, 33.7379, 33.6912, 33.7279, 33.6609, 33.725, 33.6549, 33.6332, 33.716, 33.7219, 33.7121, 33.695, 33.7031, 33.7639, 33.7231, 33.6759, 33.679, 33.6621, 33.7191, 33.716, 33.679, 33.7079, 33.6652, 33.6709, 33.7141, 33.705, 33.684, 33.716, 33.71, 33.736, 33.7481, 33.669, 33.6769, 
Time to set up datastructures: 21152.5ms
34.142, 34.112, 34.091, 34.065, 34.1151, 34.1768, 34.1182, 34.1799, 34.0579, 34.0941, 34.0741, 34.0769, 34.106, 34.091, 34.0791, 34.065, 34.132, 34.0829, 34.0521, 34.0989, 34.0991, 34.0772, 34.0769, 34.0729, 34.08, 34.0791, 34.044, 34.0579, 34.0312, 34.0889, 34.0781, 34.0679, 34.0319, 34.081, 34.0452, 34.0438, 34.1382, 34.0638, 34.044, 34.0672, 34.071, 34.0621, 34.0688, 34.0621, 34.0569, 34.0991, 34.0309, 34.0459, 34.0772, 34.025, 34.0641, 34.0581, 33.998, 34.22, 34.0469, 34.0161, 34.0631, 34.035, 34.0521, 34.0438, 34.0052, 34.0729, 34.0302, 34.0269, 34.0672, 34.061, 34.0459, 34.025, 34.0679, 34.0409, 34.0531, 34.0731, 34.075, 34.0641, 34.0269, 34.0941, 34.1029, 34.0281, 34.0402, 34.0889, 34.0881, 34.0171, 34.039, 34.066, 34.0419, 34.0371, 34.085, 34.0369, 34.0281, 34.0359, 34.049, 34.013, 34.0731, 34.0419, 34.0271, 34.019, 34.065, 34.0219, 34.0872, 34.019, 
Time to set up datastructures: 21511.2ms
34.178, 34.2081, 34.1771, 34.1759, 34.1301, 34.22, 34.158, 34.178, 34.1849, 34.205, 34.1921, 34.1711, 34.1699, 34.193, 34.2162, 34.179, 34.1969, 34.163, 34.1651, 34.2219, 34.1749, 34.2002, 34.184, 34.189, 34.163, 34.1909, 34.1492, 34.1918, 34.2062, 34.1659, 34.163, 34.214, 34.183, 34.1711, 34.183, 34.164, 34.1711, 34.2119, 34.183, 34.205, 34.1821, 34.1439, 34.1959, 34.1499, 34.1852, 34.198, 34.164, 34.1849, 34.235, 34.2081, 34.173, 34.1361, 34.1549, 34.1492, 34.1649, 34.1401, 34.1599, 34.1921, 34.209, 34.1959, 34.1461, 34.148, 34.2159, 34.184, 34.1761, 34.1959, 34.21, 34.1942, 34.1809, 34.1771, 34.169, 34.1811, 34.1959, 34.1229, 34.1811, 34.1299, 34.193, 34.1511, 34.179, 34.1301, 34.2159, 34.2, 34.2121, 34.1969, 34.1501, 34.2391, 34.1849, 34.178, 34.215, 34.184, 34.194, 34.1501, 34.1959, 34.2021, 34.168, 34.169, 34.162, 34.173, 34.1399, 34.1589, 
Time to set up datastructures: 21398.3ms
34.0738, 34.106, 34.126, 34.0941, 34.0481, 34.0998, 34.0581, 34.0531, 34.086, 34.1039, 34.09, 34.075, 34.0281, 34.049, 34.0772, 34.0838, 34.05, 34.0838, 34.0662, 34.009, 34.0948, 34.0731, 34.034, 34.111, 34.024, 34.0931, 34.0929, 34.085, 34.1051, 34.116, 34.0869, 34.0381, 34.0481, 34.0469, 34.0371, 34.05, 34.0469, 34.0459, 34.024, 34.076, 34.045, 34.0712, 34.0559, 34.049, 34.06, 34.075, 34.044, 34.0741, 34.04, 34.05, 34.0071, 34.0788, 34.106, 34.0371, 34.025, 34.0109, 34.0621, 34.0209, 34.112, 34.0269, 34.1461, 34.0381, 34.0669, 34.0221, 34.0579, 34.0712, 34.059, 34.0798, 34.086, 34.024, 34.0478, 34.059, 34.0672, 34.035, 34.081, 34.0791, 34.0159, 34.0731, 34.0481, 34.0269, 34.0199, 34.0478, 34.101, 34.0371, 33.999, 34.0171, 34.003, 34.0319, 33.993, 34.059, 34.039, 33.9911, 34.0328, 34.0369, 34.0281, 34.0719, 34.0321, 34.07, 34.0259, 34.0202, 
Time to set up datastructures: 21649.9ms
34.435, 34.4841, 34.4861, 34.4858, 34.466, 34.4532, 34.4939, 34.431, 34.4989, 34.471, 34.4889, 34.4419, 34.452, 34.43, 34.4489, 34.4801, 34.4429, 34.4572, 34.5058, 34.4632, 34.446, 34.3919, 34.514, 34.5032, 34.4479, 34.446, 34.421, 34.4501, 34.4419, 34.4419, 34.4362, 34.4429, 34.4381, 34.4079, 34.445, 34.395, 34.4419, 34.461, 34.4172, 34.4138, 34.4548, 34.456, 34.4081, 34.4579, 34.4331, 34.431, 34.456, 34.4009, 34.4701, 34.4269, 34.4191, 34.4231, 34.452, 34.4071, 34.3878, 34.445, 34.4291, 34.4059, 34.4241, 34.4141, 34.431, 34.445, 34.3978, 34.4422, 34.431, 34.4329, 34.374, 34.416, 34.497, 34.373, 34.4071, 34.4028, 34.404, 34.4532, 34.4779, 34.43, 34.462, 34.4539, 34.431, 34.4121, 34.4529, 34.4272, 34.4129, 34.395, 34.4222, 34.4341, 34.4169, 34.416, 34.4059, 34.3962, 34.39, 34.4031, 34.3859, 34.394, 34.435, 34.461, 34.3778, 34.3981, 34.3931, 34.4579, 
Time to set up datastructures: 21510.6ms
34.7431, 34.682, 34.683, 34.6899, 34.708, 34.714, 34.704, 34.692, 34.5941, 34.5969, 34.615, 34.7011, 34.667, 34.6808, 34.6689, 34.6129, 34.6851, 34.6229, 34.709, 34.7118, 34.6582, 34.672, 34.663, 34.667, 34.6439, 34.6591, 34.667, 34.699, 34.6601, 34.6429, 34.672, 34.6649, 34.6482, 34.6949, 34.677, 34.6861, 34.7021, 34.6601, 34.667, 34.6351, 34.6799, 34.662, 34.667, 34.687, 34.651, 34.636, 34.7278, 34.8701, 34.6889, 34.672, 34.6429, 34.6682, 34.6248, 34.6141, 34.6611, 34.5888, 34.7302, 34.6799, 34.6701, 34.704, 34.6711, 34.714, 34.6739, 34.641, 34.6801, 34.6398, 34.6642, 34.6279, 34.6701, 34.6308, 34.687, 34.682, 34.642, 34.6801, 34.6661, 34.6818, 34.6682, 34.657, 34.662, 34.651, 34.6599, 34.652, 34.6091, 34.678, 34.6839, 34.667, 34.6661, 34.6889, 34.6611, 34.7049, 34.663, 34.6439, 34.6689, 34.6749, 34.657, 34.704, 34.688, 34.6911, 34.6351, 34.668, 
Time to set up datastructures: 21630.5ms
34.8098, 34.734, 34.822, 34.8661, 34.7641, 34.781, 34.8339, 34.8141, 34.9438, 34.8532, 34.7559, 34.7478, 34.837, 34.7621, 34.797, 34.8971, 34.8508, 34.7421, 34.7109, 34.7371, 34.7681, 34.8909, 34.8511, 34.719, 34.8639, 34.688, 34.7199, 34.7021, 34.8301, 34.7159, 34.6961, 34.9419, 34.745, 34.724, 34.693, 34.7068, 34.6761, 34.8201, 34.8179, 34.8899, 34.759, 35.0411, 34.7049, 34.7881, 34.826, 34.729, 34.821, 34.6811, 34.6658, 34.754, 34.7431, 34.838, 34.8642, 34.77, 34.925, 34.9009, 34.7092, 34.8718, 34.8291, 34.831, 34.8458, 34.8799, 34.8029, 34.6832, 34.709, 34.7788, 34.8148, 34.718, 34.8699, 34.734, 34.7202, 34.7929, 34.8451, 34.9219, 34.8289, 34.8301, 34.7941, 34.883, 34.7729, 34.9412, 34.7948, 34.6892, 34.729, 34.7018, 34.6851, 34.682, 34.6589, 34.7619, 34.7641, 34.7581, 34.6708, 34.6892, 34.7459, 34.7099, 34.847, 34.7102, 34.7869, 34.6911, 34.7629, 34.826, 
Time to set up datastructures: 21569.2ms
35.202, 35.131, 35.1729, 35.1322, 35.126, 35.13, 35.2271, 35.2039, 35.203, 35.0931, 35.1551, 35.131, 35.074, 35.2321, 35.114, 35.1648, 35.197, 35.0821, 35.099, 35.136, 35.146, 35.115, 35.182, 35.068, 35.166, 35.0912, 35.1498, 35.1472, 35.136, 35.1031, 34.9748, 35.135, 35.0971, 35.1799, 35.1908, 35.0652, 35.1551, 35.059, 35.1751, 35.1639, 35.0981, 35.0471, 35.1329, 35.1171, 35.131, 35.0759, 35.058, 35.0721, 35.0869, 35.0971, 35.1801, 35.0699, 35.1441, 35.126, 35.1279, 35.037, 35.1331, 35.162, 35.0559, 35.0962, 35.1799, 35.12, 35.1312, 35.1908, 35.095, 35.1262, 35.1639, 35.1429, 35.1222, 35.1419, 35.1, 35.1121, 35.09, 35.1491, 35.0769, 35.1751, 35.059, 35.094, 35.0671, 35.1789, 35.0649, 35.0292, 35.063, 35.131, 35.1479, 35.078, 35.032, 34.936, 35.0471, 35.1639, 35.022, 35.1062, 35.094, 35.0709, 35.063, 35.0881, 35.0881, 35.0449, 35.059, 35.078, 
Time to set up datastructures: 22016.6ms
34.9431, 34.976, 34.9329, 34.9181, 34.878, 35.0189, 34.8871, 34.8909, 34.9991, 34.862, 34.8608, 34.9162, 34.9159, 34.8921, 34.9748, 35.0161, 34.904, 34.867, 34.9219, 34.873, 34.9562, 34.898, 34.9228, 34.8752, 34.914, 34.8499, 34.8661, 34.8809, 34.862, 34.8599, 34.8611, 34.8589, 35.0769, 34.9691, 34.884, 34.862, 34.8649, 34.8771, 34.9009, 34.862, 34.889, 34.883, 34.8651, 34.9488, 34.9991, 34.9081, 34.8818, 34.894, 34.8701, 34.8439, 34.8511, 34.8821, 34.8389, 35.0139, 34.8811, 34.9429, 34.8189, 34.853, 34.833, 34.8401, 34.8859, 34.889, 34.8551, 34.9839, 34.8592, 34.838, 34.842, 34.8349, 34.889, 34.8771, 34.905, 34.8721, 34.884, 34.9422, 34.8489, 34.8649, 34.822, 34.874, 34.9391, 34.8561, 34.8511, 34.857, 34.867, 34.9789, 34.862, 34.971, 34.9071, 34.837, 34.8508, 34.9312, 34.879, 34.8489, 34.8849, 34.8361, 34.867, 34.8649, 34.842, 34.9021, 34.8198, 34.904, 
Time to set up datastructures: 22119.4ms
35.111, 35.0609, 34.9722, 35.023, 35.018, 35.0609, 35.0411, 35.043, 35.0602, 35.0168, 35.0299, 35.0261, 35.0151, 35.0389, 35.028, 35.0251, 34.9729, 35.0621, 34.9879, 34.8911, 34.9619, 35.0561, 35.0289, 35.114, 35.0471, 35.013, 34.929, 34.946, 34.9779, 35.006, 34.986, 35.0041, 35.094, 35.0199, 35.0702, 34.997, 34.9238, 34.97, 34.909, 34.9832, 34.9569, 35.058, 35.0499, 35.0459, 34.9309, 34.945, 35.0962, 34.9638, 35.018, 34.9772, 35.0189, 34.9181, 34.9391, 35.0668, 35.0142, 35.1369, 34.9691, 34.982, 35.121, 34.9791, 34.9479, 35.1031, 35.017, 35.0621, 34.9319, 34.96, 35.08, 35.001, 34.9381, 34.9209, 34.934, 34.9321, 34.9798, 34.97, 34.9941, 34.982, 34.883, 35.023, 35.0521, 35.0339, 35.0001, 35.0718, 34.9531, 35.063, 34.8809, 34.9121, 34.9929, 34.972, 35.044, 35.007, 35.023, 35.0609, 34.996, 35.0821, 35.012, 34.9469, 34.955, 34.924, 35.037, 35.0101, 
Running BlockCOH implementation
Time to set up datastructures: 24466.6ms
98.5031, 98.6109, 98.6001, 98.5019, 98.8541, 98.5889, 99.8299, 98.767, 98.629, 98.6421, 98.6609, 98.83, 98.7701, 98.7289, 99.0691, 98.6619, 98.546, 98.6781, 98.8569, 98.7399, 98.7291, 99.627, 98.635, 98.4991, 98.68, 98.6869, 98.4881, 99.978, 98.845, 98.6011, 98.506, 98.8381, 98.7079, 98.52, 99.184, 98.855, 98.573, 98.655, 98.8021, 98.6362, 98.623, 98.6969, 98.83, 98.5489, 98.866, 98.567, 98.6948, 100.006, 98.629, 98.561, 98.6152, 98.8379, 98.7928, 98.5539, 98.7761, 98.7499, 98.5868, 98.772, 98.618, 98.5129, 98.6772, 99.139, 98.5181, 98.6271, 98.624, 98.8009, 98.706, 98.922, 100.08, 98.6891, 98.8259, 98.6202, 99.0219, 98.5401, 98.882, 99.1659, 98.5241, 98.7339, 98.937, 98.6099, 98.6731, 98.619, 98.4681, 98.7349, 98.5789, 98.886, 98.639, 98.645, 99.9742, 98.496, 98.6431, 98.691, 98.666, 98.85, 98.567, 98.9039, 99.4382, 98.747, 98.6619, 98.6841, 
Time to set up datastructures: 20236.8ms
69.5491, 69.3669, 69.1371, 69.1671, 69.1628, 69.19, 69.726, 69.828, 69.2241, 69.139, 69.134, 69.1528, 69.092, 69.1171, 69.241, 69.087, 69.9301, 69.3169, 69.098, 69.1879, 69.1769, 69.119, 69.154, 69.1988, 69.4098, 69.1872, 69.103, 69.212, 69.123, 69.613, 69.206, 69.1829, 69.164, 69.1791, 69.171, 69.139, 69.453, 69.2072, 69.0989, 69.401, 69.176, 69.1099, 69.1731, 69.253, 69.1161, 69.2539, 69.1271, 69.6709, 69.2291, 69.1481, 69.191, 69.0968, 69.0739, 69.164, 69.365, 69.113, 69.2182, 69.088, 69.618, 69.1109, 69.0811, 69.1509, 69.155, 69.283, 69.6831, 70.0538, 69.144, 69.1109, 69.243, 69.1671, 69.139, 69.1149, 69.2351, 69.124, 69.4489, 69.181, 69.159, 69.1321, 69.124, 69.0961, 69.093, 69.1671, 69.181, 69.0942, 69.1469, 69.3901, 69.1071, 69.6559, 69.32, 69.1228, 69.3901, 69.1931, 69.119, 69.2289, 69.6092, 69.1519, 69.1819, 69.2401, 69.1299, 69.2031, 
Time to set up datastructures: 22274.8ms
53.093, 53.1411, 53.072, 53.0031, 53.0379, 53.0441, 53.0272, 53.0179, 53.4289, 53.0369, 53.0632, 53.0648, 53.1008, 53.015, 53.046, 53.128, 53.0541, 53.0341, 53.035, 53.1249, 53.0481, 53.0789, 52.9909, 53.0491, 53.071, 53.045, 53.093, 53.0779, 53.0531, 53.1111, 53.0548, 53.072, 53.02, 53.03, 53.072, 53.0479, 53.009, 53.015, 53.179, 53.0581, 53.0319, 53.025, 53.0591, 53.158, 53.0338, 53.0639, 53.1561, 52.999, 53.1828, 53.0632, 53.0498, 53.061, 53.1712, 53.0689, 53.0329, 53.071, 53.0181, 53.0629, 53.01, 53.1039, 53.0639, 53.118, 52.99, 52.9692, 53.1158, 53.091, 53.1111, 53.0169, 53.061, 53.1399, 52.9749, 53.066, 53.1161, 52.968, 53.026, 53.051, 52.9962, 53.0119, 53.0951, 53.0269, 53.0291, 53.0159, 53.133, 53.02, 53.3822, 52.9959, 53.019, 53.1209, 53.04, 53.067, 53.1271, 53.061, 53.0579, 53.0579, 53.0632, 53.0899, 52.9771, 53.0739, 53.1051, 53.077, 
Time to set up datastructures: 23390.5ms
43.407, 43.4051, 43.4899, 43.457, 43.4051, 43.366, 43.4141, 43.4229, 43.452, 43.36, 43.3781, 43.462, 43.422, 43.3969, 43.3981, 43.448, 43.3888, 43.3691, 43.3969, 43.452, 43.457, 43.3969, 43.396, 43.443, 43.3769, 43.4542, 43.422, 43.3869, 43.3609, 43.3979, 43.4542, 43.4179, 43.3919, 43.39, 43.484, 43.4551, 43.426, 43.3841, 43.3819, 43.432, 43.401, 43.4201, 43.437, 43.4048, 43.4461, 43.3819, 43.4282, 43.4408, 43.4141, 43.4239, 43.437, 43.452, 43.3929, 43.4511, 43.4511, 43.407, 43.3531, 43.4129, 43.4, 43.3819, 43.3872, 43.395, 43.4048, 43.4172, 43.3779, 43.443, 43.4301, 43.452, 43.4129, 43.4051, 43.386, 43.4451, 43.3919, 43.4079, 43.3738, 43.4341, 43.416, 43.3969, 43.396, 43.4201, 43.4108, 43.4461, 43.4191, 43.4039, 43.395, 43.381, 43.4072, 43.3569, 43.4091, 43.4649, 43.386, 43.3939, 43.3981, 43.3989, 43.469, 43.4361, 43.3991, 43.4589, 43.375, 43.427, 
Time to set up datastructures: 24047.3ms
37.3061, 37.287, 37.3142, 37.2858, 37.3111, 37.2889, 37.3201, 37.2729, 37.267, 37.266, 37.281, 37.2829, 37.3089, 37.3209, 37.261, 37.3259, 37.2951, 37.2369, 37.2839, 37.3161, 37.302, 37.3151, 37.2798, 37.286, 37.281, 37.287, 37.2419, 37.2751, 37.3061, 37.3149, 37.3061, 37.2791, 37.266, 37.3418, 37.2798, 37.2622, 37.297, 37.2899, 37.3242, 37.2729, 37.277, 37.2782, 37.2558, 37.3211, 37.344, 37.246, 37.271, 37.3192, 37.2319, 37.2801, 37.277, 37.3149, 37.2591, 37.245, 37.2808, 37.2639, 37.297, 37.255, 37.2419, 37.277, 37.3199, 37.2572, 37.2589, 37.2951, 37.266, 37.257, 37.303, 37.288, 37.2941, 37.2739, 37.276, 37.2961, 37.277, 37.25, 37.3371, 37.3089, 37.251, 37.2519, 37.298, 37.287, 37.2529, 37.241, 37.288, 37.2729, 37.2469, 37.3161, 37.241, 37.25, 37.3201, 37.2329, 37.322, 37.3259, 37.3092, 37.2729, 37.251, 37.2381, 37.2741, 37.3089, 37.2541, 37.245, 
Time to set up datastructures: 24993.5ms
34.024, 34.0619, 34.0171, 34.0161, 34.0049, 34.0531, 34.0149, 34.004, 33.982, 33.9901, 34.0128, 33.9921, 34.0171, 34.0319, 34.0021, 34.0011, 33.9968, 34.142, 34.0588, 33.9758, 34.06, 34.023, 34.03, 33.989, 33.9539, 34.0121, 33.9839, 34.0238, 34.0402, 34.009, 33.998, 34.019, 34.0021, 33.9758, 34.029, 33.9959, 33.957, 33.9849, 33.9789, 34.019, 33.9952, 34.0381, 34.004, 34.04, 33.9921, 33.9899, 34.0321, 33.9899, 33.978, 34.039, 34.0202, 34.024, 34.0009, 34.035, 34.0219, 33.9971, 34.0049, 34.0478, 34.0071, 33.9789, 34.014, 34.075, 33.9818, 34.014, 33.957, 34.189, 34.0559, 33.9849, 34.0481, 34.0321, 33.978, 34.0209, 34.0559, 33.9811, 33.9961, 33.9808, 34.039, 34.025, 34.0049, 34.008, 33.9582, 34.0588, 33.9689, 33.999, 34.009, 34.0471, 34.0979, 34.018, 33.978, 34.0202, 33.9699, 34.0002, 34.04, 33.989, 34.0161, 34.0109, 33.9561, 34.029, 34.003, 34.023, 
Time to set up datastructures: 25379.5ms
32.4552, 32.4879, 32.5089, 32.5341, 32.4841, 32.5029, 32.536, 32.5801, 32.4628, 32.4788, 32.5642, 32.5968, 32.4931, 32.4922, 32.465, 32.4459, 32.5069, 32.6312, 32.5279, 32.5019, 32.4931, 32.5229, 32.5332, 32.532, 32.5179, 32.4862, 32.584, 32.5999, 32.4919, 32.557, 32.6121, 32.4521, 32.5279, 32.5241, 32.5809, 32.4981, 32.4969, 32.413, 32.5761, 32.485, 32.5141, 32.4969, 32.516, 32.403, 32.454, 32.552, 32.4631, 32.4891, 32.4888, 32.443, 32.5291, 32.4891, 32.4738, 32.5329, 32.4471, 32.486, 32.583, 32.465, 32.4709, 32.4562, 32.5398, 32.495, 32.49, 32.4562, 32.485, 32.5408, 32.5601, 32.4941, 32.5301, 32.4988, 32.4728, 32.4731, 32.547, 32.6221, 32.4979, 32.5391, 32.495, 32.486, 32.5129, 32.4872, 32.47, 32.4929, 32.531, 32.496, 32.4891, 32.5181, 32.4709, 32.4509, 32.547, 32.5358, 32.5241, 32.51, 32.5348, 32.5041, 32.4349, 32.5048, 32.4678, 32.4972, 32.4819, 32.517, 
Time to set up datastructures: 24595.7ms
32.83, 32.8729, 32.7342, 32.764, 32.9421, 32.7859, 32.738, 32.8372, 32.769, 32.9111, 32.8391, 32.7549, 32.783, 32.9111, 32.815, 32.732, 32.742, 32.84, 32.8269, 32.84, 32.732, 32.7239, 32.8882, 32.7618, 32.892, 32.824, 32.8898, 32.7621, 32.7621, 32.8109, 32.7749, 32.779, 32.7461, 32.934, 32.778, 32.711, 32.784, 32.7981, 32.737, 32.7358, 32.8782, 32.9719, 32.8269, 32.9189, 32.7439, 32.717, 32.7871, 32.753, 32.793, 32.8791, 32.7909, 32.824, 32.7871, 32.7711, 32.7649, 32.7702, 32.8031, 32.7818, 32.758, 32.7358, 32.784, 32.7971, 32.789, 32.7971, 32.758, 32.9289, 32.8491, 32.7699, 32.7661, 32.8159, 32.8631, 32.923, 32.768, 32.768, 32.809, 32.7609, 32.8448, 32.799, 32.773, 32.7699, 32.7771, 32.8121, 32.7959, 32.773, 32.866, 32.8181, 32.799, 32.9201, 32.8398, 32.737, 32.7761, 32.764, 32.8882, 32.7618, 32.727, 32.7752, 32.7609, 32.779, 32.901, 32.7818, 
Time to set up datastructures: 24617.2ms
33.185, 33.0122, 33.078, 33.1299, 33.0532, 33.087, 33.134, 33.0389, 33.0031, 33.041, 33.1609, 32.9611, 33.056, 33.047, 32.9659, 32.9909, 32.9831, 33.077, 33.128, 32.9549, 32.968, 33.047, 33.0391, 33.047, 33.0701, 32.9759, 32.959, 32.9142, 33.0169, 33.1609, 33.01, 32.968, 32.9161, 33.087, 33.026, 33.0679, 32.9499, 33.133, 33.061, 33.041, 32.9981, 33.0789, 32.933, 32.9759, 33.1092, 33.0038, 32.9492, 33.047, 33.1011, 32.8948, 32.9781, 33.2232, 32.9731, 33.0529, 33.85, 33.6859, 33.0231, 33.006, 32.9452, 33.0069, 32.984, 33.078, 32.9552, 32.9859, 33.1101, 32.944, 32.928, 32.934, 32.9289, 33.0551, 33.124, 33.021, 32.9311, 32.9969, 33.072, 33.1411, 32.969, 32.9452, 33.0269, 33.0091, 32.9649, 33.0191, 33.0169, 32.968, 32.9981, 32.9859, 33.03, 33.0279, 32.9552, 32.9418, 32.999, 33.0081, 33.0019, 33.114, 32.9139, 33.0861, 32.9919, 32.9492, 33.2088, 33.1521, 
Time to set up datastructures: 24464.1ms
33.2379, 33.149, 33.3569, 33.159, 33.2689, 33.1819, 33.119, 33.1712, 33.1519, 33.185, 33.253, 33.18, 33.1941, 33.113, 33.185, 33.1841, 33.314, 33.165, 33.3421, 33.18, 33.3118, 33.2541, 33.1399, 33.2351, 33.222, 33.1769, 33.061, 33.185, 33.4241, 33.159, 33.2401, 33.36, 33.1249, 33.2589, 33.1972, 33.227, 33.1368, 33.303, 33.289, 33.201, 33.1349, 33.2639, 33.0932, 33.2048, 33.1781, 33.1149, 33.2348, 33.2701, 33.2019, 33.2701, 33.0839, 33.211, 33.1912, 33.0508, 33.103, 33.2029, 33.2961, 33.2389, 33.1302, 33.1879, 33.1862, 33.2768, 33.1821, 33.2401, 33.1819, 33.2761, 33.186, 33.1819, 33.278, 33.313, 33.4182, 33.3059, 33.231, 33.1821, 33.155, 33.215, 33.3269, 33.185, 33.2808, 33.1891, 33.2031, 33.113, 33.164, 33.1128, 33.0682, 33.2479, 33.2301, 33.304, 33.36, 33.453, 33.1011, 33.226, 33.0851, 33.2229, 33.0789, 33.1309, 33.145, 33.216, 33.1891, 33.1771, 
Time to set up datastructures: 23876.4ms
33.8571, 33.515, 33.7451, 33.6959, 33.5751, 33.5538, 33.5491, 33.56, 33.582, 33.576, 33.567, 33.566, 33.6151, 33.4501, 33.5259, 33.6409, 33.685, 33.597, 33.4511, 33.5948, 33.6001, 33.689, 33.4709, 33.602, 33.607, 33.7071, 33.7398, 33.509, 33.5181, 33.72, 33.7272, 33.663, 33.7548, 33.622, 33.6728, 33.6041, 33.4599, 33.6261, 33.4799, 33.53, 33.5581, 33.5648, 33.5312, 33.644, 33.596, 33.5488, 33.3891, 33.4702, 33.54, 33.4771, 33.5419, 33.5691, 33.5369, 33.675, 33.5071, 33.505, 33.488, 33.567, 33.7691, 33.499, 33.7369, 33.4799, 33.6471, 33.659, 33.5891, 33.561, 33.4949, 33.6611, 33.638, 33.648, 33.9139, 33.535, 33.5462, 33.443, 33.5739, 33.6111, 33.5, 33.5181, 33.5441, 33.488, 33.607, 33.612, 33.8149, 33.534, 33.5259, 33.5791, 33.546, 33.855, 33.6449, 33.4361, 33.7381, 33.4749, 33.6311, 33.5829, 33.577, 33.6549, 33.5381, 33.653, 33.5519, 33.4921, 
Time to set up datastructures: 24340ms
33.4609, 33.4909, 33.483, 33.6409, 33.6039, 33.6139, 33.458, 33.6139, 33.7081, 33.4389, 33.479, 33.5412, 33.587, 33.7131, 33.4389, 33.5829, 33.401, 33.5431, 33.4859, 33.52, 33.5848, 33.3672, 33.4859, 33.5281, 33.4749, 33.56, 33.565, 33.535, 33.601, 33.5889, 33.457, 33.416, 33.5879, 33.385, 33.5159, 33.6759, 33.5112, 33.525, 33.6599, 33.5951, 33.442, 33.4721, 33.5078, 33.3819, 33.36, 33.5939, 33.4811, 33.673, 33.52, 33.5269, 33.5701, 33.4859, 33.69, 33.5569, 33.5031, 33.5529, 33.699, 33.4649, 33.3669, 33.432, 33.55, 33.6189, 33.5131, 33.5329, 33.5262, 33.53, 33.5259, 33.488, 33.5441, 33.5281, 33.7441, 33.4878, 33.4611, 33.514, 33.4051, 33.38, 33.603, 33.402, 33.5732, 33.4349, 33.679, 33.52, 33.3841, 33.5689, 33.612, 33.6101, 33.469, 33.4949, 33.5112, 33.4859, 33.3011, 33.5391, 33.4799, 33.3869, 33.3982, 33.3519, 33.4771, 33.4599, 33.5901, 33.5429, 
Time to set up datastructures: 24132.9ms
33.7598, 33.5641, 33.6411, 33.6978, 33.4318, 33.694, 33.674, 33.643, 33.6652, 33.586, 33.6819, 33.6471, 33.5929, 33.5541, 33.6449, 33.637, 33.6411, 33.659, 33.5541, 33.5979, 33.6919, 33.7689, 33.5829, 33.5782, 33.55, 33.565, 33.5889, 33.685, 33.5889, 33.6242, 33.6869, 33.673, 33.504, 33.5839, 33.6761, 33.5929, 33.6561, 33.6859, 33.669, 33.628, 33.591, 33.4871, 33.5789, 33.5689, 33.6211, 33.808, 33.6199, 33.6368, 33.5321, 33.633, 33.591, 33.6261, 33.6249, 33.572, 33.6361, 33.6239, 33.6101, 33.644, 33.659, 33.9072, 33.7219, 33.4821, 33.7391, 33.592, 33.5469, 33.649, 33.6881, 33.669, 33.6759, 33.6001, 33.5391, 33.6869, 33.5531, 33.74, 33.674, 33.658, 33.7031, 33.7169, 33.637, 33.659, 33.603, 33.643, 33.437, 33.6261, 33.5929, 33.699, 33.6161, 33.586, 33.5979, 33.7081, 33.622, 33.6368, 33.5281, 33.7651, 33.6499, 33.5729, 33.639, 33.5152, 33.489, 33.7238, 

run on commit: 13f96d2691d15f1db9e6fbb123ed75819301c34d