2 3 4 5 6 7 8 9 10 11 12 13 14
Running sequential algorithm
Time to set up datastructures: 7212.96ms
633.558, 634.024, 633.619, 633.486, 633.508, 633.633, 634.347, 633.452, 633.914, 634.093, 633.713, 633.558, 633.894, 633.54, 633.959, 633.808, 633.465, 633.565, 633.745, 633.615, 633.848, 633.506, 633.92, 634.296, 634.263, 633.691, 633.511, 633.984, 633.985, 633.724, 633.582, 633.782, 633.411, 634.583, 634.533, 633.412, 633.519, 634.085, 633.736, 634.807, 634.05, 634.023, 633.52, 633.699, 633.694, 633.782, 633.55, 633.659, 633.516, 633.503, 633.857, 633.493, 633.768, 633.88, 633.463, 633.408, 634.135, 634.044, 633.853, 633.699, 633.935, 633.517, 633.608, 633.627, 633.844, 633.538, 633.936, 633.551, 633.522, 634.133, 633.399, 633.898, 634.022, 633.757, 633.409, 634.049, 634.01, 634.347, 633.534, 633.788, 633.489, 633.572, 633.801, 633.791, 633.624, 633.924, 633.849, 633.578, 633.808, 633.771, 633.872, 634.335, 633.486, 633.602, 633.69, 633.695, 633.944, 633.528, 633.637, 633.518, 
Running OpenMP implementation
Time to set up datastructures: 10589.1ms
356.845, 356.967, 356.701, 357.139, 356.972, 356.934, 357.199, 356.682, 356.681, 357.211, 357.237, 356.674, 357.301, 356.788, 356.919, 356.884, 356.941, 357.084, 357.044, 356.92, 358.07, 356.703, 357.028, 357.054, 356.666, 356.774, 356.682, 357.282, 356.813, 356.901, 356.862, 357.335, 356.667, 356.877, 357.056, 356.697, 356.799, 356.656, 356.793, 357.295, 356.866, 356.72, 356.855, 356.803, 356.825, 357.359, 356.708, 356.818, 356.656, 356.674, 356.977, 357.015, 356.964, 356.711, 357.001, 356.792, 356.91, 356.886, 356.802, 356.896, 356.71, 356.855, 356.83, 356.855, 356.639, 356.901, 356.874, 356.753, 356.903, 356.769, 356.779, 356.644, 356.885, 356.835, 357.006, 356.749, 357.014, 356.706, 357.011, 356.944, 356.859, 356.934, 356.633, 356.842, 357.195, 356.887, 356.797, 357.393, 356.767, 356.775, 356.923, 356.696, 356.687, 356.66, 357.043, 356.823, 356.964, 356.731, 356.976, 356.878, 
Time to set up datastructures: 8368.9ms
286.101, 284.29, 284.837, 284.513, 284.712, 285.08, 284.585, 284.801, 284.335, 284.534, 284.459, 284.757, 284.435, 284.65, 285.199, 284.355, 284.424, 284.362, 285.429, 284.4, 284.685, 284.584, 284.316, 284.43, 284.318, 284.694, 284.461, 284.448, 285.387, 284.322, 284.507, 284.582, 284.727, 284.35, 284.478, 285.704, 284.396, 284.532, 284.691, 285.033, 284.429, 284.577, 285.318, 284.509, 284.429, 284.306, 284.942, 284.39, 284.388, 284.905, 284.349, 284.5, 284.466, 284.86, 284.422, 284.384, 285.573, 284.31, 284.944, 284.601, 285.31, 284.401, 284.344, 284.666, 284.285, 284.496, 284.829, 285.137, 284.4, 284.586, 286.749, 284.676, 284.404, 284.631, 284.665, 284.55, 284.949, 284.825, 284.399, 284.434, 284.464, 284.741, 284.431, 284.441, 285.339, 284.561, 284.389, 284.381, 284.69, 284.621, 284.559, 284.641, 284.343, 284.597, 284.439, 285.059, 284.602, 284.371, 284.848, 284.675, 
Time to set up datastructures: 12602.8ms
265.87, 265.515, 265.529, 265.626, 265.746, 265.856, 265.579, 265.622, 265.442, 265.714, 265.642, 265.541, 265.755, 265.718, 265.614, 265.798, 265.377, 265.656, 265.653, 265.781, 265.878, 265.566, 265.615, 265.37, 265.502, 265.792, 265.575, 265.631, 265.689, 265.601, 265.768, 265.465, 265.619, 265.574, 265.634, 265.833, 265.61, 265.661, 265.484, 265.512, 265.667, 265.608, 265.563, 266.312, 265.606, 265.774, 265.445, 265.66, 265.634, 265.602, 265.756, 265.711, 265.611, 265.663, 265.337, 265.695, 266.668, 265.631, 265.879, 265.568, 265.719, 265.461, 265.707, 265.686, 265.636, 265.747, 265.727, 265.681, 265.61, 265.383, 265.634, 265.587, 265.586, 265.72, 265.624, 265.767, 265.528, 265.629, 265.64, 265.687, 265.702, 265.728, 265.55, 265.668, 265.355, 265.704, 265.605, 265.574, 265.633, 265.765, 265.593, 265.657, 265.376, 265.677, 265.818, 265.778, 265.684, 265.597, 266.123, 265.616, 
Time to set up datastructures: 12631.8ms
254.189, 254.122, 254.281, 254.138, 254.163, 254.261, 254.202, 254.145, 254.355, 254.248, 254.257, 254.21, 254.212, 254.28, 254.235, 254.197, 254.161, 254.174, 254.201, 254.336, 254.32, 254.465, 254.289, 254.199, 254.328, 254.185, 254.295, 254.132, 254.256, 254.351, 254.228, 254.238, 254.229, 254.182, 254.26, 254.164, 254.237, 254.309, 254.164, 254.274, 254.258, 254.168, 254.34, 254.158, 254.207, 254.301, 254.207, 254.2, 254.161, 254.146, 254.194, 254.25, 254.267, 254.26, 254.301, 254.235, 254.163, 254.163, 254.274, 254.233, 254.21, 254.255, 254.283, 254.207, 254.135, 254.212, 254.208, 254.276, 254.255, 254.213, 254.295, 254.421, 254.16, 254.231, 254.173, 254.173, 254.25, 254.187, 254.184, 254.15, 254.256, 254.261, 254.16, 254.127, 254.302, 254.189, 254.209, 254.41, 254.21, 254.27, 254.299, 254.162, 254.263, 254.188, 254.261, 254.218, 254.169, 254.353, 254.2, 254.164, 
Time to set up datastructures: 13170.4ms
246.447, 246.423, 246.472, 246.6, 246.375, 246.418, 246.478, 246.512, 246.44, 246.404, 246.556, 246.96, 246.418, 246.394, 246.624, 246.441, 246.472, 246.599, 246.42, 246.579, 246.434, 246.387, 246.441, 246.461, 246.373, 246.51, 246.44, 246.5, 246.472, 246.403, 246.485, 246.415, 246.383, 246.481, 246.471, 246.451, 246.586, 246.714, 246.459, 246.424, 246.545, 246.534, 246.476, 246.335, 246.502, 246.495, 246.415, 246.53, 246.391, 246.51, 246.534, 246.47, 248.062, 246.385, 246.49, 246.487, 246.375, 246.444, 246.477, 246.377, 246.513, 246.435, 246.668, 246.66, 246.446, 246.446, 246.455, 246.47, 246.62, 246.412, 246.487, 246.439, 246.436, 246.438, 246.418, 246.798, 246.369, 246.396, 246.454, 246.476, 246.431, 246.414, 246.436, 246.428, 246.514, 246.444, 246.427, 246.614, 246.614, 246.377, 246.518, 246.491, 246.397, 246.443, 246.43, 246.537, 246.398, 246.516, 246.638, 246.429, 
Time to set up datastructures: 13244.2ms
242.324, 242.476, 242.304, 242.292, 242.36, 242.325, 242.337, 242.299, 242.264, 242.276, 242.267, 242.411, 242.386, 242.285, 242.263, 242.407, 242.407, 242.377, 242.355, 242.402, 242.331, 242.331, 242.323, 242.346, 242.301, 242.253, 242.321, 242.313, 242.296, 242.238, 242.326, 242.402, 242.303, 242.253, 242.497, 242.298, 242.275, 242.225, 242.235, 242.362, 242.372, 242.254, 242.216, 242.287, 242.79, 242.428, 242.322, 242.279, 242.421, 242.182, 242.374, 242.508, 242.411, 242.364, 242.273, 242.301, 242.423, 242.329, 242.184, 242.329, 242.264, 242.299, 242.247, 242.272, 242.33, 242.29, 242.308, 242.459, 242.351, 242.331, 242.275, 242.225, 242.599, 242.304, 242.274, 242.234, 242.266, 242.32, 242.282, 242.277, 242.276, 242.39, 242.279, 242.339, 242.358, 242.266, 242.326, 242.334, 242.287, 242.337, 242.335, 242.219, 242.851, 242.242, 242.478, 242.275, 242.265, 242.331, 242.351, 242.257, 
Time to set up datastructures: 13616ms
240.85, 240.923, 240.967, 240.938, 240.926, 240.95, 240.866, 240.815, 240.877, 240.857, 241.033, 241.149, 240.777, 241.257, 240.866, 241.012, 240.889, 240.9, 240.921, 240.906, 240.923, 240.933, 240.899, 240.895, 240.972, 240.856, 240.97, 240.867, 240.861, 240.852, 240.981, 240.879, 241.021, 240.895, 240.927, 240.895, 241.147, 240.898, 241.024, 240.893, 240.828, 240.887, 240.844, 240.88, 241.055, 240.861, 241.003, 240.857, 240.947, 240.931, 240.895, 240.999, 240.872, 240.879, 240.922, 241.001, 240.973, 240.799, 240.907, 240.895, 240.892, 241.016, 240.872, 240.991, 241.149, 241.072, 240.892, 240.86, 240.938, 240.848, 240.929, 241.026, 240.864, 240.863, 240.875, 241.09, 240.936, 240.843, 240.843, 240.951, 240.954, 240.984, 241.022, 240.939, 240.878, 240.941, 240.902, 240.85, 240.991, 240.879, 240.877, 240.856, 240.854, 241.042, 240.859, 240.818, 240.946, 240.974, 240.943, 240.947, 
Time to set up datastructures: 13568.6ms
240.213, 240.308, 240.24, 240.18, 240.262, 240.187, 240.732, 240.176, 240.208, 240.149, 240.245, 240.112, 240.235, 240.148, 240.262, 240.312, 240.154, 240.231, 240.192, 240.04, 240.18, 240.275, 240.703, 240.304, 240.205, 240.217, 240.183, 240.096, 240.265, 240.222, 240.183, 240.241, 240.564, 240.148, 240.195, 240.398, 240.142, 240.165, 240.214, 240.143, 240.142, 240.241, 240.36, 240.209, 240.284, 240.304, 240.329, 241.369, 240.981, 240.18, 240.285, 240.236, 240.291, 240.176, 240.331, 240.215, 240.175, 240.199, 240.143, 240.178, 240.118, 240.228, 240.248, 240.3, 240.182, 240.213, 240.215, 240.112, 240.14, 240.219, 240.25, 240.207, 240.215, 240.262, 240.349, 240.325, 240.301, 240.269, 240.298, 240.348, 240.443, 240.281, 240.222, 240.258, 240.296, 240.305, 240.263, 240.289, 240.31, 240.129, 240.167, 240.151, 240.208, 240.31, 240.076, 240.671, 240.243, 240.347, 240.214, 240.089, 
Time to set up datastructures: 13365.3ms
239.403, 239.543, 239.461, 239.449, 239.419, 239.543, 239.506, 239.421, 239.642, 239.86, 239.75, 240.535, 239.924, 239.514, 240.146, 239.887, 239.811, 239.563, 239.901, 239.574, 239.626, 239.65, 239.492, 239.502, 239.463, 239.53, 239.361, 239.396, 239.394, 239.427, 239.398, 239.554, 239.858, 239.585, 239.428, 239.418, 239.455, 239.467, 239.363, 239.468, 239.425, 239.473, 239.808, 239.712, 239.541, 239.496, 239.721, 239.705, 239.589, 239.528, 239.741, 239.541, 239.443, 239.585, 239.597, 239.854, 239.71, 239.521, 239.555, 239.495, 239.489, 239.523, 239.651, 239.592, 239.734, 239.754, 239.808, 239.627, 239.687, 239.662, 239.587, 239.764, 239.798, 239.74, 239.71, 239.897, 239.554, 239.612, 239.707, 239.739, 239.536, 239.76, 239.514, 239.495, 239.549, 239.467, 239.364, 239.462, 239.594, 240.057, 239.488, 239.449, 239.76, 239.438, 239.449, 239.546, 239.512, 239.557, 239.588, 239.415, 
Time to set up datastructures: 13299.1ms
238.604, 238.393, 238.414, 238.203, 238.772, 238.719, 238.256, 238.685, 238.603, 238.997, 238.744, 239.07, 239.799, 238.742, 238.442, 239.176, 238.942, 238.44, 238.594, 239.442, 239.345, 238.805, 238.667, 238.535, 238.547, 238.638, 239.086, 238.707, 238.657, 238.295, 238.686, 239.116, 238.274, 238.502, 238.326, 239.054, 238.535, 238.289, 238.463, 238.604, 238.182, 238.343, 238.646, 238.206, 238.304, 238.234, 238.524, 238.514, 239.443, 238.424, 238.722, 238.733, 238.634, 239.049, 239.083, 239.108, 239.057, 239, 238.713, 238.735, 238.759, 239.365, 238.447, 239.494, 239.22, 239.284, 238.51, 238.305, 238.397, 238.322, 238.547, 238.259, 238.382, 238.321, 238.66, 238.833, 238.452, 238.247, 238.574, 238.658, 238.696, 238.737, 238.925, 238.69, 238.99, 239.068, 238.984, 238.464, 238.406, 238.819, 238.385, 238.596, 238.949, 238.909, 238.378, 238.518, 238.268, 238.306, 239.052, 238.624, 
Time to set up datastructures: 13514ms
239.005, 238.935, 238.976, 238.904, 238.937, 238.989, 239.371, 238.846, 238.992, 239.104, 238.894, 239.078, 238.921, 239.034, 239.118, 239.075, 238.891, 238.97, 238.914, 238.961, 238.88, 239.201, 239.036, 238.917, 238.913, 238.995, 238.896, 238.911, 238.919, 238.959, 238.882, 239.121, 238.951, 239.474, 238.965, 239.351, 239.063, 239.055, 239.07, 238.961, 238.958, 239.034, 239.043, 239.227, 239.006, 239.029, 239.049, 238.959, 241.091, 239.227, 239.034, 239.022, 238.987, 238.852, 238.956, 238.96, 239.045, 238.974, 239.057, 238.92, 238.942, 239.045, 238.831, 238.961, 239.005, 239.089, 238.908, 238.972, 238.915, 238.923, 238.887, 239.124, 238.969, 239.15, 238.953, 239.009, 239.154, 238.923, 238.938, 239.02, 239.14, 239.163, 238.889, 239.002, 239.047, 239.015, 239.081, 238.958, 238.919, 239.026, 238.955, 239.059, 239.027, 238.834, 239.06, 239.091, 238.942, 239.018, 239.103, 238.968, 
Time to set up datastructures: 13422.1ms
236.513, 236.519, 236.493, 236.421, 236.404, 236.438, 236.412, 236.43, 236.439, 236.495, 236.409, 236.573, 236.381, 236.49, 236.451, 236.506, 236.468, 236.392, 236.389, 236.468, 236.36, 236.547, 236.5, 236.485, 236.482, 236.457, 236.398, 236.439, 236.438, 236.415, 236.437, 236.484, 236.573, 236.451, 236.454, 236.413, 236.472, 236.409, 236.479, 236.498, 236.495, 236.581, 236.579, 236.59, 236.545, 236.476, 236.482, 236.454, 236.67, 236.516, 236.49, 236.592, 236.47, 236.535, 236.511, 236.483, 236.43, 236.554, 236.467, 236.466, 236.456, 236.458, 236.575, 236.481, 236.504, 236.652, 236.481, 236.479, 236.571, 236.421, 236.6, 236.495, 236.503, 236.478, 236.52, 236.433, 236.463, 236.394, 236.439, 236.541, 236.477, 236.487, 236.595, 236.47, 236.468, 236.514, 236.527, 236.603, 236.487, 236.519, 236.534, 237.07, 236.603, 236.586, 236.711, 236.506, 236.568, 236.499, 236.472, 236.716, 
Time to set up datastructures: 13304.4ms
235.387, 235.265, 235.525, 235.317, 235.382, 235.308, 235.342, 235.282, 235.283, 235.268, 235.342, 235.577, 235.275, 235.48, 235.6, 235.343, 235.342, 235.336, 235.33, 235.402, 235.225, 235.442, 235.309, 235.302, 235.341, 235.4, 235.297, 235.345, 235.294, 235.244, 235.257, 235.286, 235.315, 235.322, 235.292, 235.291, 235.387, 235.24, 235.257, 235.323, 235.273, 235.274, 235.252, 235.209, 235.312, 235.354, 235.28, 235.292, 235.276, 235.378, 235.421, 235.393, 235.438, 235.581, 235.341, 235.372, 235.459, 235.289, 235.727, 235.372, 235.456, 235.348, 235.516, 235.311, 235.421, 235.306, 235.403, 235.574, 235.453, 235.352, 235.456, 235.339, 235.342, 235.401, 235.277, 235.248, 235.341, 235.402, 235.557, 235.33, 235.401, 235.293, 235.324, 235.371, 235.366, 235.362, 235.336, 235.304, 235.472, 235.321, 235.352, 235.407, 235.455, 235.459, 235.362, 235.422, 235.42, 235.29, 235.348, 235.363, 
Running TBB implementation
Time to set up datastructures: 10339.6ms
372.543, 372.767, 372.724, 372.656, 372.792, 373.001, 372.484, 372.726, 372.506, 372.521, 372.616, 373.004, 372.722, 372.487, 372.438, 372.659, 372.791, 372.638, 372.611, 372.491, 372.587, 372.65, 372.527, 372.526, 372.429, 372.551, 372.521, 372.844, 372.935, 372.863, 372.499, 372.701, 372.664, 372.72, 372.801, 372.57, 372.647, 372.599, 373.894, 372.71, 372.522, 372.477, 372.65, 372.525, 373.081, 372.781, 372.621, 372.635, 372.957, 372.666, 372.735, 372.62, 372.556, 372.755, 372.78, 372.577, 372.425, 372.447, 372.613, 372.878, 372.559, 372.667, 372.735, 372.55, 372.406, 372.489, 372.75, 372.735, 372.861, 372.812, 373.276, 372.644, 373.199, 372.555, 372.619, 372.585, 372.751, 372.59, 372.722, 372.518, 372.753, 372.74, 372.504, 372.655, 372.683, 372.682, 372.781, 373.113, 372.772, 372.949, 372.62, 372.79, 372.559, 372.748, 372.717, 372.6, 372.805, 372.595, 372.699, 372.494, 
Time to set up datastructures: 8327.44ms
293.546, 293.544, 293.423, 293.6, 294.346, 293.445, 293.578, 293.751, 293.474, 293.506, 293.768, 293.626, 293.461, 293.454, 293.781, 293.532, 293.47, 293.619, 294.272, 293.528, 294.289, 293.376, 293.685, 293.367, 293.838, 293.734, 294.251, 293.889, 293.639, 294.036, 293.587, 294.257, 294.153, 293.653, 294.211, 293.59, 293.438, 293.978, 293.856, 294.146, 294.123, 294.674, 293.512, 293.853, 294.22, 295.217, 294.205, 293.554, 293.882, 293.945, 293.445, 293.798, 294.507, 293.431, 294.146, 293.504, 293.876, 293.518, 294.138, 294.439, 293.415, 293.805, 293.796, 293.944, 293.898, 294.639, 294.284, 293.788, 294.036, 293.975, 293.819, 293.712, 294.661, 294.2, 294.516, 293.9, 294.033, 293.695, 293.561, 293.561, 293.911, 293.69, 293.677, 293.54, 293.917, 293.81, 295.69, 294.369, 294.086, 294.402, 294.145, 294.344, 293.651, 294.327, 293.597, 294.361, 293.673, 293.801, 293.876, 294.012, 
Time to set up datastructures: 12999.1ms
272.16, 271.978, 272.233, 272.106, 272.062, 272.134, 272.247, 272.11, 272.077, 272.069, 272.112, 272.006, 272.228, 272.092, 272.485, 272.18, 272.04, 272.254, 272.278, 272.156, 272.316, 272.211, 272.136, 272.209, 272.361, 272.271, 272.171, 272.042, 272.206, 272.256, 272.098, 272.183, 272.237, 272.227, 272.21, 272.267, 272.453, 272.104, 271.951, 272.328, 272.093, 272.158, 272.188, 272.163, 272.192, 271.951, 272.089, 272.093, 272.214, 272.159, 272.406, 272.12, 272.273, 272.081, 272.165, 272.055, 272.085, 272.211, 272.297, 272.115, 272.032, 272.162, 272.177, 272.213, 272.351, 272.197, 272.287, 272.139, 272.221, 272.337, 272.093, 272.208, 272.238, 272.478, 272.257, 272.067, 272.432, 272.275, 272.419, 272.373, 272.484, 272.09, 271.988, 272.262, 272.078, 272.045, 272.234, 272.369, 272.31, 272.258, 272.077, 272.119, 272.29, 272.178, 272.087, 272.079, 272.406, 271.944, 272.201, 272.079, 
Time to set up datastructures: 12695.5ms
260.165, 260.185, 260.198, 260.149, 260.344, 260.305, 260.211, 260.206, 260.227, 260.282, 260.194, 260.227, 260.301, 260.482, 260.35, 260.22, 260.199, 260.152, 260.319, 260.264, 260.358, 260.282, 260.285, 260.35, 260.455, 260.207, 260.219, 260.374, 260.166, 260.274, 260.428, 260.272, 260.389, 260.374, 260.135, 260.472, 260.199, 260.308, 260.264, 260.253, 260.211, 260.182, 260.225, 260.285, 260.22, 260.207, 260.246, 260.22, 260.21, 260.194, 260.298, 260.424, 260.337, 260.323, 260.318, 260.294, 260.165, 260.152, 260.282, 260.384, 260.245, 260.369, 260.258, 260.325, 260.239, 260.211, 260.406, 260.216, 260.187, 260.354, 260.218, 260.199, 260.228, 260.515, 260.341, 260.361, 260.329, 260.243, 260.336, 260.417, 260.35, 260.464, 260.309, 260.354, 260.206, 260.336, 260.258, 260.206, 260.268, 260.197, 260.192, 260.308, 260.272, 260.172, 260.158, 260.204, 260.317, 260.248, 260.341, 260.276, 
Time to set up datastructures: 13274.8ms
252.24, 252.253, 252.114, 252.137, 252.254, 252.168, 252.328, 252.299, 252.314, 252.383, 252.391, 252.287, 252.468, 252.273, 252.267, 252.288, 252.25, 252.31, 252.318, 252.162, 252.862, 252.315, 252.233, 252.317, 252.274, 252.244, 252.189, 252.264, 254.056, 252.404, 252.339, 252.348, 252.277, 252.273, 252.389, 252.293, 252.355, 252.374, 252.258, 252.206, 252.338, 252.309, 252.228, 252.269, 252.453, 252.219, 252.587, 252.235, 252.43, 252.167, 252.219, 252.191, 252.183, 252.281, 252.246, 252.34, 252.245, 252.188, 252.298, 252.203, 253.848, 252.286, 252.226, 252.278, 252.257, 252.166, 252.478, 252.262, 252.257, 252.353, 252.638, 252.259, 252.293, 252.299, 252.363, 252.329, 252.394, 252.41, 252.331, 252.3, 252.284, 252.269, 252.243, 252.213, 252.209, 252.264, 252.228, 252.273, 252.385, 252.209, 252.22, 252.35, 252.332, 252.348, 252.415, 252.532, 252.364, 252.176, 252.375, 252.301, 
Time to set up datastructures: 13668ms
246.159, 245.869, 245.807, 245.881, 245.784, 245.776, 245.993, 245.799, 245.867, 245.978, 245.624, 245.937, 245.756, 245.752, 245.845, 245.636, 245.746, 246.038, 245.846, 245.658, 245.837, 245.917, 245.991, 245.93, 246.002, 246.02, 245.878, 245.851, 245.916, 245.847, 246.016, 245.853, 245.919, 245.988, 245.869, 245.949, 245.874, 245.964, 245.936, 246.002, 245.844, 245.81, 245.793, 245.84, 245.846, 245.966, 245.808, 245.859, 245.782, 245.995, 245.952, 245.958, 245.828, 245.877, 245.844, 245.99, 245.87, 245.886, 246.11, 245.85, 245.928, 246.073, 245.868, 246.01, 245.908, 245.85, 245.98, 245.96, 245.94, 245.876, 245.875, 246.102, 245.997, 245.858, 245.968, 245.942, 245.891, 245.92, 245.853, 245.932, 245.829, 245.911, 245.961, 245.841, 245.926, 245.785, 245.974, 245.794, 246.01, 245.999, 246.048, 245.947, 246.144, 245.971, 246.037, 245.82, 246.479, 245.968, 246.024, 245.959, 
Time to set up datastructures: 13597.9ms
242.362, 242.311, 242.354, 242.519, 242.269, 242.551, 242.586, 242.496, 242.318, 242.328, 242.614, 242.411, 242.31, 242.367, 242.479, 242.353, 242.472, 242.479, 242.628, 242.402, 242.335, 242.327, 242.489, 242.423, 242.506, 242.382, 242.448, 242.4, 242.394, 242.42, 242.498, 242.309, 242.414, 242.401, 242.478, 242.392, 242.552, 242.324, 242.538, 242.512, 242.425, 242.366, 242.428, 242.47, 242.523, 242.441, 242.449, 242.44, 242.436, 242.391, 242.428, 242.353, 242.41, 242.367, 242.362, 242.509, 242.265, 242.293, 242.307, 242.437, 242.621, 242.302, 242.402, 242.503, 242.345, 242.519, 242.329, 242.578, 242.535, 242.71, 242.408, 242.368, 242.41, 242.584, 242.485, 242.387, 242.385, 242.54, 242.318, 242.484, 242.473, 242.394, 242.447, 242.332, 242.395, 242.438, 242.376, 242.4, 242.512, 242.364, 242.448, 242.312, 242.412, 242.406, 242.399, 242.432, 242.73, 242.388, 242.577, 242.538, 
Time to set up datastructures: 13335ms
240.693, 240.799, 241.001, 240.686, 240.845, 240.834, 240.94, 240.78, 240.843, 240.858, 241.411, 240.933, 240.831, 241.07, 240.764, 240.805, 240.825, 240.835, 240.811, 241.013, 240.775, 240.956, 240.808, 240.838, 240.894, 240.857, 240.985, 240.94, 240.794, 241.082, 241.041, 240.979, 240.894, 240.939, 241.069, 241.08, 240.859, 241.072, 240.947, 241.033, 241.005, 240.928, 240.881, 240.93, 240.861, 240.77, 241.035, 240.927, 240.883, 240.856, 241.041, 241.095, 242.846, 240.841, 241.022, 241.096, 240.875, 240.885, 240.783, 240.889, 240.928, 240.868, 240.899, 241.158, 240.782, 240.963, 240.84, 240.967, 240.924, 241.046, 240.76, 240.957, 240.909, 240.807, 240.848, 240.915, 240.71, 240.971, 240.845, 241.106, 240.75, 240.845, 240.925, 240.969, 240.88, 241.079, 240.973, 240.998, 241.001, 240.891, 240.945, 240.928, 240.792, 240.93, 240.863, 240.824, 241.222, 240.934, 241.098, 241.53, 
Time to set up datastructures: 13324.9ms
239.811, 239.859, 240.046, 239.807, 239.897, 239.975, 239.778, 239.701, 239.914, 239.841, 239.898, 240.137, 239.818, 240.066, 239.697, 239.834, 239.917, 239.95, 239.821, 239.989, 239.758, 239.826, 239.825, 239.804, 239.729, 239.8, 239.868, 239.872, 239.797, 239.868, 239.843, 239.683, 239.811, 239.879, 239.844, 240.119, 239.873, 239.899, 240.209, 240.293, 240.064, 240.055, 240.185, 239.853, 239.893, 239.935, 240.27, 240.309, 240.195, 240.071, 240.249, 240.021, 240.187, 240.053, 239.861, 240.121, 239.82, 239.978, 240.112, 240.075, 239.822, 239.772, 239.949, 239.964, 239.796, 239.803, 239.803, 239.822, 239.916, 240.082, 239.771, 239.929, 239.861, 239.952, 239.811, 240.114, 239.896, 239.894, 239.928, 240.039, 240.204, 239.869, 239.92, 240.369, 240.047, 240.158, 240.026, 239.837, 239.994, 239.906, 239.949, 240.006, 239.876, 239.828, 240.56, 239.887, 240.275, 239.832, 239.841, 239.883, 
Time to set up datastructures: 13488.2ms
238.945, 239.415, 239.256, 238.905, 238.976, 239.159, 239.106, 238.843, 238.948, 238.985, 239.154, 239.186, 239.078, 239.501, 239.451, 239.09, 239.321, 238.999, 239.319, 239.008, 239.281, 239.048, 239.374, 238.961, 239.049, 238.994, 239.133, 239.085, 238.96, 239.213, 238.997, 238.911, 239.003, 239.063, 239.033, 239.513, 239.268, 239.73, 239.406, 239.896, 239.44, 239.389, 239.859, 239.483, 239.112, 239.15, 239.675, 239.092, 239.053, 239.734, 239.27, 239.435, 240.446, 238.928, 239.535, 239.386, 238.772, 239.424, 239.62, 240.146, 239.434, 239.219, 239.232, 239.509, 239.467, 239.045, 239.118, 240.229, 239.689, 239.293, 238.914, 239.515, 239.316, 238.964, 238.922, 239.206, 239.554, 239.239, 239.213, 239.334, 239.185, 239.176, 238.98, 239.232, 239.644, 239.724, 239.721, 239.032, 240.011, 239.868, 239.495, 239.423, 239.395, 239.669, 239.384, 239.41, 239.551, 240.015, 239.214, 238.905, 
Time to set up datastructures: 13494.3ms
239.614, 239.735, 239.772, 239.538, 239.708, 239.74, 239.668, 239.569, 239.777, 239.67, 240.174, 239.643, 239.585, 239.711, 239.503, 239.547, 239.679, 239.592, 239.744, 239.577, 239.536, 239.601, 239.726, 239.564, 239.529, 239.71, 239.698, 240.03, 239.564, 239.768, 239.655, 239.497, 239.593, 239.541, 239.664, 239.679, 239.847, 239.592, 239.625, 239.942, 239.549, 239.576, 239.586, 239.65, 239.687, 239.672, 239.978, 239.735, 239.677, 239.678, 239.739, 241.272, 240.049, 239.664, 239.706, 239.772, 239.743, 239.663, 239.957, 239.648, 239.85, 239.663, 239.609, 239.59, 239.526, 239.449, 239.594, 239.625, 239.715, 239.66, 239.569, 239.569, 239.634, 239.615, 239.529, 239.612, 239.611, 239.619, 239.688, 239.753, 239.621, 239.551, 239.871, 239.705, 239.531, 239.625, 239.611, 239.702, 239.838, 239.695, 239.663, 239.786, 239.549, 239.57, 239.711, 239.704, 239.739, 239.682, 239.761, 239.751, 
Time to set up datastructures: 13077.8ms
236.903, 236.813, 236.89, 236.974, 236.87, 236.913, 236.87, 236.711, 236.887, 236.826, 236.848, 236.994, 236.54, 236.811, 237.004, 236.876, 236.772, 236.859, 236.825, 236.952, 236.947, 236.878, 236.777, 236.7, 236.87, 236.875, 236.771, 236.843, 236.868, 236.69, 236.77, 236.852, 236.933, 236.791, 236.949, 236.837, 237.119, 236.95, 236.879, 236.928, 236.696, 236.7, 236.91, 236.887, 236.803, 236.969, 236.813, 236.918, 237.057, 236.945, 236.827, 236.892, 236.88, 236.966, 236.927, 236.948, 237.019, 236.935, 236.646, 237.113, 236.94, 236.773, 236.859, 236.874, 236.853, 236.819, 236.709, 236.816, 236.869, 236.892, 236.909, 236.879, 236.876, 236.87, 236.975, 236.667, 236.863, 236.836, 236.857, 236.835, 236.695, 236.921, 236.901, 236.857, 236.746, 236.937, 236.772, 236.865, 236.931, 236.779, 236.735, 237.026, 236.803, 236.877, 236.784, 236.776, 237.428, 236.658, 237.013, 237.032, 
Time to set up datastructures: 13429.4ms
235.714, 235.792, 235.882, 235.739, 235.9, 235.82, 235.721, 235.838, 235.87, 236.197, 235.71, 236.016, 235.711, 235.857, 235.812, 235.808, 235.836, 235.984, 235.92, 235.874, 235.752, 235.657, 235.804, 235.822, 235.75, 235.87, 235.771, 235.777, 235.819, 235.673, 235.839, 235.786, 235.743, 235.869, 235.795, 235.758, 235.741, 235.769, 235.738, 235.788, 235.794, 235.949, 235.789, 235.814, 235.721, 235.766, 235.651, 235.805, 235.765, 235.756, 235.799, 235.759, 235.777, 235.888, 235.763, 235.952, 235.785, 235.747, 235.586, 235.8, 235.777, 235.749, 235.915, 235.706, 235.804, 235.756, 235.778, 235.573, 235.696, 235.675, 235.765, 236.12, 235.962, 235.758, 235.657, 235.75, 235.832, 235.791, 235.775, 235.737, 235.834, 235.814, 235.832, 235.815, 235.707, 235.7, 235.697, 235.67, 235.678, 235.814, 235.741, 235.743, 235.982, 235.885, 235.725, 235.803, 235.879, 235.8, 235.836, 235.65, 
Running TBB_graphs implementation with double the amount of partitions than threads
Time to set up datastructures: 7203.46ms
371.393, 371.741, 370.954, 371.649, 370.848, 370.941, 371.26, 371.147, 371.425, 371.185, 371.018, 371.004, 371.142, 371.009, 370.932, 370.942, 371.039, 371.366, 370.925, 371.021, 371.068, 371.236, 372.228, 371.32, 371.253, 371.265, 371.069, 371.344, 371.191, 371.36, 371.357, 370.891, 371.288, 371.571, 371.312, 370.919, 371.079, 370.959, 371.347, 371.449, 371.009, 371.448, 370.998, 371.232, 371.254, 371.127, 371.308, 371.102, 371.483, 372.555, 371.054, 371.049, 371.194, 371.096, 371.026, 371.183, 382.067, 371.432, 371.409, 370.949, 371.307, 370.975, 370.935, 371.132, 371.035, 371.297, 370.916, 370.976, 371.052, 370.959, 371.285, 371.319, 371.244, 371.027, 371.443, 370.938, 371.298, 370.899, 371.039, 371.212, 371.099, 371.399, 370.874, 371.201, 371.283, 371.096, 371.076, 371.075, 371.206, 371.077, 371.13, 375.75, 371.652, 371.209, 371.054, 374.458, 372.922, 371.2, 371.131, 379.574, 
Time to set up datastructures: 7306.72ms
292.107, 292.367, 292.475, 294.165, 292.352, 292.828, 292.536, 292.481, 292.721, 293.204, 311.364, 317.69, 313.2, 309.69, 313.16, 312.455, 302.114, 292.471, 292.357, 292.237, 292.169, 292.136, 293.001, 292.577, 292.326, 292.261, 292.702, 292.328, 292.129, 292.305, 299.058, 294.897, 292.614, 292.802, 292.273, 292.278, 296.565, 292.696, 292.618, 292.162, 292.339, 292.808, 292.373, 292.263, 292.596, 292.417, 292.351, 292.591, 292.469, 293.458, 296.217, 296.834, 292.344, 292.665, 292.353, 292.414, 292.207, 292.642, 292.545, 292.675, 292.27, 292.312, 292.746, 292.984, 293.046, 292.587, 292.254, 298.871, 293.654, 293.053, 293.203, 293.396, 292.501, 292.527, 292.561, 292.243, 292.659, 293.104, 293.751, 292.6, 292.265, 292.026, 292.251, 292.363, 292.413, 292.913, 292.211, 292.144, 292.28, 292.115, 292.302, 292.878, 296.796, 298.866, 292.608, 292.271, 292.143, 292.601, 292.743, 292.543, 
Time to set up datastructures: 7233.73ms
270.695, 270.902, 270.719, 270.787, 270.682, 271.025, 270.496, 274.46, 271.04, 271.093, 270.827, 270.635, 270.828, 270.994, 271.34, 271.105, 271.002, 270.794, 270.837, 270.844, 270.899, 270.694, 270.833, 270.955, 270.719, 270.914, 270.943, 270.897, 270.981, 270.698, 270.867, 270.798, 270.789, 270.808, 270.743, 270.983, 270.906, 270.976, 271.017, 270.767, 270.844, 271.007, 270.931, 270.852, 270.672, 271.058, 270.78, 270.91, 271.045, 270.891, 270.98, 270.687, 270.776, 270.788, 270.946, 271.037, 271.185, 271.068, 270.649, 272.897, 271.163, 270.846, 270.897, 271.024, 270.961, 270.951, 270.719, 270.858, 270.84, 270.745, 270.9, 270.992, 270.883, 290.665, 299.948, 296.252, 273.108, 270.89, 270.878, 271.017, 270.695, 270.723, 270.985, 270.806, 270.931, 270.869, 270.985, 271.011, 270.711, 284.401, 275.17, 270.772, 270.883, 270.869, 270.913, 270.629, 270.834, 270.941, 270.762, 270.965, 
Time to set up datastructures: 7186.52ms
258.66, 258.603, 258.761, 258.816, 258.638, 258.56, 258.602, 258.6, 258.69, 258.769, 258.587, 258.756, 258.721, 258.593, 258.725, 262.639, 259.156, 258.696, 258.8, 258.679, 258.728, 258.676, 258.692, 258.663, 258.69, 258.648, 258.622, 258.764, 258.712, 258.579, 258.786, 258.64, 258.73, 258.744, 258.715, 258.629, 258.702, 258.706, 258.658, 258.868, 259.066, 258.773, 258.709, 258.903, 258.733, 258.694, 258.645, 258.748, 258.739, 258.747, 258.785, 258.851, 258.704, 258.726, 260.26, 258.626, 258.755, 258.806, 258.74, 258.813, 258.755, 258.665, 258.701, 258.688, 258.674, 258.787, 258.578, 258.672, 258.642, 258.611, 258.777, 258.686, 258.676, 258.579, 258.632, 258.6, 258.674, 258.568, 258.646, 258.629, 261.321, 258.635, 258.722, 258.626, 258.654, 258.798, 258.612, 258.642, 258.759, 258.694, 258.6, 258.556, 258.557, 258.624, 265.028, 258.749, 258.723, 258.769, 258.933, 258.745, 
Time to set up datastructures: 7200.67ms
250.705, 250.641, 250.754, 250.782, 251.863, 250.742, 250.757, 250.707, 250.912, 250.915, 250.819, 250.664, 250.679, 250.735, 250.754, 250.742, 250.728, 250.714, 250.889, 250.872, 250.748, 250.773, 250.754, 250.672, 250.669, 250.805, 250.715, 250.78, 250.704, 250.903, 250.81, 250.725, 250.876, 250.756, 250.857, 250.755, 250.826, 250.783, 250.766, 250.856, 250.789, 250.811, 250.718, 250.888, 251.796, 250.891, 250.839, 250.745, 250.808, 250.726, 250.9, 250.711, 250.801, 250.87, 250.735, 250.682, 250.743, 250.764, 250.775, 250.911, 250.717, 250.809, 250.745, 250.8, 250.681, 250.635, 250.812, 250.841, 250.835, 250.729, 250.733, 250.744, 250.699, 250.861, 250.749, 250.777, 250.775, 250.712, 250.943, 250.707, 250.821, 250.757, 250.701, 250.831, 250.634, 250.743, 250.753, 250.659, 250.732, 250.744, 250.732, 250.697, 250.652, 250.721, 250.802, 250.781, 250.684, 250.742, 250.775, 250.799, 
Time to set up datastructures: 7186.9ms
244.431, 244.38, 244.613, 244.385, 244.388, 244.718, 244.265, 244.487, 244.499, 244.502, 244.466, 244.434, 244.486, 248.968, 246.023, 244.337, 244.53, 244.445, 244.358, 251.425, 257.42, 244.662, 244.679, 247.436, 244.685, 248.116, 244.508, 245.253, 247.236, 244.442, 252.73, 255.028, 255.645, 265.267, 254.411, 244.449, 244.453, 244.449, 244.321, 244.346, 244.56, 244.452, 244.338, 245.39, 244.444, 244.427, 244.62, 244.406, 244.71, 244.976, 244.318, 244.546, 244.343, 244.981, 247.895, 245.293, 244.441, 244.543, 244.353, 244.573, 245.314, 244.507, 244.412, 244.463, 244.343, 244.372, 244.399, 244.483, 258.275, 263.149, 256.996, 257.425, 266.604, 250.149, 260.503, 268.31, 257.788, 255.652, 266.48, 250.4, 259.91, 268.655, 259.06, 254.429, 266.471, 252.607, 259.791, 261.805, 264.567, 263.823, 261.939, 251.41, 248.802, 244.544, 244.494, 244.377, 244.456, 244.411, 244.408, 247.413, 
Time to set up datastructures: 7193.1ms
241.46, 241.519, 241.427, 241.578, 242.765, 241.986, 241.407, 241.267, 241.471, 241.383, 241.467, 242.044, 241.336, 241.443, 241.446, 241.368, 241.351, 241.812, 241.375, 241.437, 241.349, 241.384, 241.468, 241.346, 241.313, 241.399, 241.429, 246.613, 250.511, 249.024, 248.465, 249.086, 241.354, 241.288, 241.681, 241.417, 241.459, 241.344, 241.486, 241.481, 241.31, 241.452, 241.51, 241.462, 241.422, 241.396, 241.435, 241.392, 241.372, 241.475, 241.361, 241.506, 241.583, 241.493, 241.474, 255.203, 241.943, 241.328, 241.45, 243.029, 241.55, 241.389, 241.325, 241.587, 241.382, 241.294, 241.476, 241.34, 241.449, 241.485, 241.327, 241.372, 241.401, 241.313, 241.399, 241.733, 241.435, 241.911, 241.35, 241.454, 241.552, 241.431, 243.798, 241.479, 241.462, 241.445, 241.426, 241.449, 241.443, 241.395, 241.326, 241.396, 241.539, 241.493, 241.346, 242.085, 241.568, 241.425, 241.451, 241.369, 
Time to set up datastructures: 7200.67ms
240.115, 240.086, 240.067, 240.139, 240.091, 240.097, 240.165, 240.083, 240.095, 240.111, 240.137, 240.355, 240.119, 240.07, 240.229, 240.141, 240.121, 240.11, 240.085, 240.139, 240.082, 240.095, 240.155, 240.475, 240.307, 240.195, 240.314, 240.166, 240.351, 240.076, 240.211, 240.057, 240.242, 240.131, 240.117, 240.165, 240.148, 240.129, 240.106, 240.182, 240.072, 240.057, 240.172, 240.1, 240.563, 240.206, 240.024, 240.268, 240.199, 240.001, 240.126, 240.12, 240.11, 240.172, 240.119, 240.102, 240.312, 240.07, 240.105, 240.211, 240.029, 240.267, 240.319, 240.071, 240.306, 240.144, 240.06, 240.103, 240.145, 240.252, 240.197, 240.105, 240.224, 240.137, 240.041, 240.118, 240.192, 240.352, 240.537, 240.157, 240.197, 240.223, 240.067, 240.238, 240.146, 240.157, 240.138, 240.203, 240.216, 240.274, 240.308, 240.058, 240.099, 240.215, 240.125, 240.153, 240.057, 240.227, 240.172, 240.019, 
Time to set up datastructures: 7196.05ms
239.432, 239.185, 239.204, 239.308, 239.39, 239.267, 239.176, 239.707, 239.133, 239.139, 239.828, 239.45, 239.229, 239.151, 239.213, 239.39, 239.159, 239.124, 239.153, 239.18, 239.289, 239.381, 239.228, 239.397, 239.295, 239.151, 239.144, 239.181, 239.219, 239.226, 239.309, 239.178, 239.395, 239.207, 239.212, 239.159, 239.198, 239.251, 239.335, 240.043, 239.325, 239.269, 239.182, 239.245, 239.157, 239.139, 239.877, 239.289, 239.21, 239.482, 239.111, 239.177, 239.243, 239.245, 239.255, 239.275, 239.273, 239.287, 239.192, 239.189, 239.184, 239.217, 239.293, 239.327, 239.294, 239.388, 239.306, 239.105, 239.3, 239.259, 239.261, 239.365, 239.305, 240.391, 239.287, 239.455, 239.19, 239.328, 239.28, 239.282, 239.276, 239.325, 239.459, 239.35, 239.145, 239.278, 239.374, 239.183, 241.249, 239.263, 239.354, 239.326, 239.518, 239.256, 239.285, 239.303, 239.165, 239.186, 239.315, 239.346, 
Time to set up datastructures: 7190.31ms
239.204, 238.362, 238.744, 238.417, 238.467, 238.474, 238.367, 238.475, 238.912, 238.344, 238.355, 238.75, 238.4, 238.516, 238.809, 238.506, 238.744, 238.879, 238.52, 238.325, 238.399, 238.458, 238.41, 238.575, 238.516, 239.038, 238.47, 238.306, 238.371, 238.599, 238.375, 238.808, 238.718, 238.748, 238.819, 238.331, 238.328, 238.372, 239.384, 238.541, 238.472, 238.418, 238.915, 238.329, 238.267, 238.408, 238.469, 238.896, 239.256, 238.489, 238.835, 238.805, 238.418, 238.425, 238.435, 238.437, 238.431, 238.442, 238.785, 238.876, 238.247, 239.389, 238.449, 238.753, 238.688, 238.552, 238.478, 238.807, 238.538, 238.584, 238.617, 238.534, 238.949, 238.822, 238.595, 238.872, 238.905, 238.353, 238.574, 238.998, 238.797, 238.814, 238.544, 238.807, 238.773, 238.687, 238.406, 238.867, 238.675, 238.707, 238.646, 238.78, 238.866, 238.747, 238.746, 238.5, 238.701, 238.378, 238.799, 238.383, 
Time to set up datastructures: 7193.09ms
238.979, 239.151, 239.233, 238.958, 238.992, 239.17, 239.092, 239.126, 239.029, 239.05, 239.291, 239.12, 239.023, 239.141, 239.089, 239.056, 239.849, 238.99, 239.376, 238.909, 238.98, 239.101, 239.04, 239.091, 239.196, 239.009, 239.149, 239.313, 239.098, 239.033, 239.181, 239.097, 239.167, 239.046, 239.04, 239.247, 239.216, 239.016, 239.082, 239.106, 239.052, 239.141, 239.655, 239.091, 239.247, 239.402, 239.642, 239.229, 239.175, 239.08, 239.109, 239.046, 239.377, 239.14, 239.017, 239.132, 239.099, 239.119, 245.088, 239.469, 239.336, 239.075, 239.032, 239.179, 239.136, 239.061, 239.097, 238.956, 239.323, 239.349, 239.18, 238.998, 239.042, 239.142, 239.198, 239.079, 238.999, 239.853, 239.148, 239.007, 239.096, 239.227, 239.038, 239.423, 239.16, 239.221, 239.013, 239.047, 239.072, 239.192, 239.112, 239.238, 239.091, 239.063, 239.441, 239.075, 239.032, 239.094, 239.2, 239.007, 
Time to set up datastructures: 7205.46ms
236.413, 236.517, 236.423, 236.656, 236.508, 236.469, 236.373, 236.429, 236.415, 236.398, 236.414, 236.555, 236.617, 236.501, 236.36, 236.446, 236.59, 236.706, 236.662, 236.395, 236.502, 236.462, 236.436, 236.395, 236.475, 236.497, 236.385, 236.6, 236.566, 236.594, 236.451, 236.524, 236.426, 236.409, 236.447, 236.466, 236.423, 236.611, 236.528, 236.865, 236.787, 236.444, 236.478, 236.405, 236.541, 236.399, 236.776, 236.376, 236.439, 236.454, 236.431, 236.53, 236.42, 236.432, 236.568, 236.43, 236.365, 236.431, 236.46, 236.477, 236.4, 236.401, 236.503, 236.607, 236.409, 236.396, 236.44, 236.466, 236.478, 236.48, 236.394, 236.554, 236.609, 236.477, 236.395, 236.487, 236.449, 236.419, 236.383, 236.493, 236.765, 236.49, 236.4, 236.445, 236.601, 236.618, 236.366, 236.445, 236.775, 236.52, 236.429, 236.641, 236.941, 236.54, 236.45, 236.521, 236.489, 236.508, 236.489, 236.51, 
Time to set up datastructures: 7213.2ms
235.6, 235.43, 235.5, 235.328, 235.41, 235.31, 235.527, 235.401, 235.329, 235.366, 235.382, 235.451, 235.402, 236.317, 235.408, 235.5, 235.889, 235.344, 235.385, 235.417, 235.326, 235.433, 235.389, 235.494, 235.535, 235.419, 235.385, 235.438, 235.398, 237.327, 235.353, 235.526, 235.566, 235.386, 235.371, 235.487, 235.4, 235.363, 235.338, 235.321, 235.486, 235.37, 235.367, 235.389, 235.42, 235.418, 235.467, 235.346, 235.403, 235.498, 235.353, 235.344, 235.415, 235.391, 235.394, 235.411, 235.351, 235.518, 235.4, 235.365, 235.365, 235.433, 235.445, 235.438, 235.413, 235.34, 235.688, 235.356, 235.382, 235.473, 235.375, 235.34, 235.385, 235.376, 235.72, 235.386, 235.839, 235.829, 235.449, 235.407, 235.473, 235.319, 235.444, 235.448, 235.535, 235.34, 235.439, 235.433, 235.307, 235.317, 235.433, 235.464, 235.399, 235.317, 235.355, 235.449, 235.403, 235.511, 235.447, 235.525, 
Running Threadpool implementation with double the amount of partitions than threads
Time to set up datastructures: 7354.53ms
371.491, 371.465, 371.507, 371.32, 371.241, 371.287, 371.214, 371.435, 375.115, 371.343, 375.977, 371.45, 371.305, 371.104, 371.185, 371.363, 375.839, 371.592, 371.111, 371.16, 371.219, 371.466, 371.172, 375.604, 371.334, 371.095, 371.399, 370.969, 371.457, 371.474, 371.161, 371.212, 371.458, 371.146, 371.431, 371.086, 375.026, 371.508, 371.271, 371.272, 371.058, 371.321, 371.367, 371.754, 371.343, 371.398, 371.12, 371.26, 371.142, 375.705, 371.817, 371.138, 371.137, 371.458, 371.102, 371.602, 377.357, 371.586, 371.243, 371.958, 371.468, 376.999, 376.859, 371.436, 371.37, 371.256, 371.377, 371.28, 371.341, 371.397, 371.256, 371.692, 371.546, 373.455, 371.208, 376.981, 382.253, 371.947, 371.65, 371.197, 375.271, 371.28, 371.916, 371.471, 371.266, 376.53, 383.647, 372.679, 371.377, 371.353, 371.587, 373.057, 371.312, 371.861, 371.136, 371.226, 371.612, 371.184, 375.102, 371.283, 
Time to set up datastructures: 7356.4ms
296.607, 292.688, 292.832, 292.666, 292.806, 292.386, 292.547, 294.596, 292.658, 292.443, 292.562, 292.495, 292.301, 292.427, 293.593, 295.467, 292.976, 295.623, 292.436, 295.047, 292.696, 298.651, 292.586, 292.71, 292.774, 292.332, 292.396, 293.291, 293.199, 292.473, 292.672, 292.348, 292.353, 292.803, 296.285, 292.841, 292.629, 293.052, 292.55, 292.194, 292.522, 293.105, 292.736, 298.57, 296.981, 294.379, 292.422, 292.754, 295.527, 292.503, 292.977, 295.526, 292.304, 292.709, 292.567, 293.165, 294.948, 292.534, 292.788, 292.228, 294.724, 292.474, 297.445, 292.457, 292.745, 292.461, 292.257, 292.572, 293.228, 298.548, 292.649, 292.63, 292.679, 295.732, 292.554, 292.461, 292.531, 292.451, 292.996, 292.4, 295.921, 292.606, 296.219, 294.873, 293.228, 292.721, 292.543, 293.008, 292.594, 292.821, 295.996, 292.716, 294.052, 292.66, 292.623, 292.806, 293.277, 292.507, 292.616, 292.53, 
Time to set up datastructures: 7320.66ms
270.784, 271.071, 270.991, 270.985, 271.038, 271.091, 270.915, 271.016, 270.902, 270.934, 270.802, 270.922, 272.785, 271.027, 270.865, 270.892, 270.989, 272.512, 270.596, 271.137, 270.992, 270.936, 270.825, 270.859, 270.938, 270.604, 272.321, 271.234, 270.928, 270.856, 270.98, 271.089, 272.195, 270.757, 270.885, 270.871, 271.995, 270.967, 270.765, 270.953, 270.758, 272.579, 270.885, 273.928, 271.797, 270.692, 272.461, 270.852, 270.801, 271.089, 270.865, 272.279, 271.109, 270.877, 270.962, 270.584, 272.552, 271.071, 271.175, 270.902, 270.791, 272.342, 270.749, 270.823, 270.964, 270.818, 270.794, 270.94, 270.865, 272.067, 270.77, 270.93, 270.894, 270.782, 272.465, 271.038, 270.898, 270.78, 271.022, 271.006, 270.774, 270.835, 270.986, 272.513, 270.88, 270.788, 271.05, 270.802, 271.911, 270.891, 270.927, 270.904, 270.773, 270.976, 270.971, 270.799, 272.773, 271.095, 272.02, 270.782, 
Time to set up datastructures: 7337.1ms
258.78, 258.786, 259.938, 258.899, 258.874, 258.882, 258.846, 258.797, 258.802, 258.679, 259.99, 260.345, 258.871, 258.748, 258.765, 258.754, 258.85, 258.707, 258.628, 258.981, 258.801, 258.734, 259.688, 258.97, 258.81, 258.723, 259.386, 258.738, 258.976, 258.764, 259.81, 258.859, 258.77, 258.82, 260.026, 258.698, 258.76, 258.748, 259.89, 258.743, 258.675, 258.707, 258.726, 258.967, 258.713, 258.757, 259.964, 258.966, 258.688, 258.719, 259.961, 258.962, 258.775, 258.796, 258.733, 258.96, 258.776, 258.634, 258.706, 258.844, 258.748, 259.787, 259.923, 258.968, 258.731, 258.69, 258.836, 259.324, 258.851, 258.949, 259.356, 258.895, 258.701, 258.695, 260.31, 258.768, 258.756, 258.841, 260.214, 258.912, 258.774, 258.881, 258.798, 259.862, 258.825, 258.964, 258.816, 260.019, 258.832, 258.753, 258.813, 260.433, 258.981, 259.844, 258.924, 258.764, 258.817, 258.77, 258.756, 258.855, 
Time to set up datastructures: 7323.79ms
250.993, 250.866, 251.754, 251.643, 250.829, 250.737, 250.728, 250.782, 250.845, 251.026, 250.687, 250.784, 250.868, 250.934, 252.254, 251.706, 250.97, 251.831, 250.877, 250.778, 251.833, 250.933, 250.756, 250.788, 251.709, 250.766, 250.695, 250.664, 250.717, 250.844, 250.675, 251.519, 250.804, 250.838, 250.709, 250.673, 250.687, 250.706, 250.721, 250.815, 250.838, 250.874, 251.677, 250.724, 250.76, 250.793, 250.669, 250.712, 251.611, 251.827, 250.856, 251.269, 250.784, 250.729, 250.923, 250.774, 250.71, 250.831, 250.708, 250.66, 250.895, 250.789, 250.794, 250.725, 251.694, 250.92, 250.714, 250.727, 250.736, 250.874, 251.005, 250.858, 250.813, 250.901, 250.814, 250.757, 250.837, 251.009, 250.799, 250.805, 250.881, 250.889, 250.79, 250.758, 251.167, 252.109, 251.735, 251.388, 250.959, 250.861, 251.349, 252.141, 251.446, 250.829, 250.702, 250.719, 250.679, 250.863, 250.628, 250.626, 
Time to set up datastructures: 7346.2ms
244.886, 244.699, 245.025, 244.739, 244.711, 244.742, 244.645, 244.685, 244.75, 244.716, 244.646, 244.733, 244.648, 244.773, 244.673, 244.65, 244.705, 244.761, 244.599, 245.13, 245.044, 244.933, 244.759, 244.815, 244.722, 245.198, 244.866, 244.869, 244.856, 244.735, 244.78, 244.615, 244.873, 244.818, 244.707, 244.702, 244.852, 244.843, 245.276, 244.749, 244.866, 244.945, 244.766, 244.78, 244.734, 244.766, 244.689, 244.687, 244.765, 244.804, 244.776, 245.026, 246.057, 244.871, 244.934, 244.754, 244.756, 244.754, 244.75, 244.726, 244.575, 244.865, 244.831, 244.674, 244.698, 244.659, 247.564, 244.745, 244.713, 244.809, 244.771, 244.755, 244.664, 244.746, 244.796, 244.724, 244.689, 244.657, 244.728, 244.686, 244.719, 244.712, 244.802, 244.67, 244.616, 244.7, 244.796, 244.81, 244.629, 244.603, 244.72, 245.051, 244.709, 244.811, 244.636, 244.797, 244.664, 244.599, 244.728, 244.73, 
Time to set up datastructures: 7334.33ms
241.795, 241.759, 241.737, 241.73, 241.737, 241.59, 241.603, 241.749, 241.648, 241.687, 241.799, 242.267, 241.684, 241.642, 241.731, 241.588, 241.627, 241.636, 241.682, 241.667, 242.093, 241.684, 241.585, 241.909, 241.75, 241.767, 241.811, 241.656, 241.808, 241.674, 241.686, 241.663, 241.656, 241.733, 241.71, 241.6, 241.83, 241.661, 241.663, 241.67, 241.801, 241.616, 241.754, 241.768, 241.731, 241.67, 241.694, 241.662, 242.148, 241.62, 242.133, 241.838, 241.678, 241.824, 241.676, 241.691, 241.658, 241.737, 241.676, 241.751, 241.709, 241.725, 241.645, 241.662, 241.636, 241.636, 241.631, 241.785, 241.634, 241.778, 241.663, 242.206, 241.717, 241.901, 241.57, 241.629, 241.766, 241.686, 241.717, 241.608, 241.633, 241.678, 241.62, 241.586, 241.764, 241.814, 241.716, 241.685, 241.643, 241.634, 241.726, 241.686, 241.82, 241.83, 242.333, 241.738, 241.587, 241.765, 241.601, 241.615, 
Time to set up datastructures: 7318.2ms
240.657, 243.406, 240.525, 240.851, 240.469, 240.507, 240.631, 240.486, 240.335, 240.52, 240.361, 240.788, 240.577, 240.49, 240.557, 240.486, 240.959, 240.864, 240.451, 240.763, 240.448, 240.489, 240.531, 240.563, 240.612, 240.558, 240.708, 240.394, 240.543, 240.482, 240.523, 241.882, 241.406, 240.522, 240.94, 240.35, 240.543, 240.421, 240.553, 240.47, 240.384, 240.466, 241.434, 240.681, 240.649, 240.475, 240.402, 240.493, 240.551, 240.541, 240.439, 240.561, 240.461, 240.457, 240.488, 240.388, 240.735, 240.401, 240.491, 240.54, 240.447, 240.518, 240.369, 240.368, 240.974, 240.633, 240.468, 240.591, 240.633, 240.525, 240.498, 240.443, 240.372, 240.45, 240.491, 240.424, 240.623, 240.549, 240.629, 241.149, 240.498, 240.579, 240.485, 240.363, 240.486, 240.483, 240.518, 240.428, 240.467, 240.547, 240.441, 240.561, 240.526, 240.411, 240.518, 240.478, 240.443, 240.498, 240.63, 240.439, 
Time to set up datastructures: 7329ms
240.026, 239.968, 239.605, 239.638, 239.987, 239.793, 239.795, 239.686, 239.571, 239.665, 239.546, 239.604, 239.616, 239.65, 239.556, 239.666, 239.769, 239.625, 239.643, 239.531, 239.488, 239.648, 239.589, 239.826, 239.528, 239.852, 239.895, 239.553, 239.649, 239.549, 239.595, 239.858, 239.511, 239.57, 239.693, 239.47, 239.836, 239.536, 239.559, 239.685, 239.92, 239.597, 239.606, 239.692, 239.659, 239.699, 239.651, 239.64, 239.649, 239.946, 239.717, 239.76, 239.796, 239.658, 239.815, 239.678, 239.692, 240.05, 239.748, 240.136, 239.66, 239.696, 240.27, 239.646, 239.66, 239.705, 239.671, 239.804, 239.885, 239.975, 240.047, 239.653, 239.766, 239.827, 239.558, 239.509, 239.791, 239.548, 239.83, 239.601, 239.524, 239.655, 239.53, 239.572, 239.716, 239.626, 239.692, 239.66, 239.646, 239.681, 239.853, 239.618, 239.639, 239.892, 239.586, 239.794, 239.587, 239.643, 240.303, 239.646, 
Time to set up datastructures: 7341.46ms
238.857, 239.33, 238.832, 239.03, 238.858, 238.951, 239.1, 239.141, 238.891, 238.969, 239.079, 238.932, 238.828, 238.75, 239.16, 239.393, 238.859, 238.808, 239.04, 238.977, 238.919, 238.871, 238.951, 239.069, 239.094, 238.889, 238.959, 239.124, 239.061, 238.796, 239.316, 238.859, 239.103, 239.043, 238.701, 239.091, 238.914, 238.888, 239.064, 238.723, 238.717, 239.001, 238.851, 239.119, 238.944, 239.434, 239.236, 238.734, 239.219, 238.841, 238.97, 238.709, 238.878, 239.859, 238.772, 238.71, 238.899, 238.743, 239.055, 238.711, 238.947, 238.688, 239.157, 238.722, 238.714, 239.3, 238.814, 238.935, 238.752, 239.011, 239.215, 238.713, 238.819, 238.75, 238.895, 239.002, 238.924, 239.014, 239.025, 238.765, 238.749, 238.953, 239.205, 239.05, 239.163, 239.237, 238.737, 239.058, 238.76, 239.345, 238.866, 238.955, 239.249, 238.942, 238.828, 239.026, 238.94, 238.814, 239.339, 239.173, 
Time to set up datastructures: 7358.29ms
239.098, 239.051, 239.121, 239.353, 239.014, 239.105, 239.088, 239.048, 239.054, 238.998, 239.08, 239.068, 239.02, 239.033, 239.113, 238.955, 239.216, 239.169, 239.105, 239.522, 239.346, 239.205, 239.175, 239.068, 239.046, 239.145, 239.23, 239.192, 239.099, 239.094, 238.993, 239.063, 238.854, 239.156, 239.167, 239.069, 238.833, 239.017, 239.054, 239.02, 239.12, 239.302, 239.166, 239.068, 239.18, 239.122, 239.056, 239.071, 239.1, 239.054, 239.09, 238.967, 239.232, 239.071, 239.083, 239.106, 239.07, 239.174, 239.124, 239.124, 238.707, 239.314, 239.126, 239.069, 238.995, 239.098, 239.434, 239.068, 239.187, 239.199, 240.468, 239.741, 239.152, 239.126, 239.161, 239.159, 238.699, 239.117, 239.161, 239.168, 239.065, 239.028, 239.217, 239.01, 239.226, 238.973, 239.133, 239.183, 239.117, 239.099, 239.395, 238.979, 239.99, 239.065, 239.176, 239.498, 239.107, 239.066, 239.039, 238.968, 
Time to set up datastructures: 7325.66ms
236.636, 236.682, 236.682, 236.814, 236.572, 236.669, 236.607, 236.625, 236.579, 236.687, 236.623, 236.815, 236.809, 236.651, 236.863, 236.615, 236.686, 236.604, 236.655, 237.103, 236.639, 236.714, 236.626, 236.638, 236.723, 236.642, 236.655, 236.669, 236.717, 236.629, 236.668, 236.598, 236.642, 236.715, 236.621, 236.644, 236.662, 236.705, 236.651, 236.634, 236.703, 236.616, 236.594, 236.623, 236.867, 236.921, 236.589, 236.623, 236.629, 236.6, 236.737, 236.601, 236.671, 236.744, 236.691, 236.541, 236.558, 236.862, 236.565, 236.559, 236.474, 236.58, 236.602, 236.524, 236.666, 236.607, 236.751, 236.624, 236.644, 236.628, 236.601, 236.696, 236.595, 236.552, 236.504, 236.54, 236.537, 236.686, 236.599, 236.663, 236.575, 236.585, 236.696, 236.739, 236.63, 236.547, 236.545, 236.673, 236.586, 236.786, 236.816, 236.608, 236.768, 236.548, 236.63, 236.881, 236.616, 236.519, 236.573, 236.647, 
Time to set up datastructures: 7381.2ms
235.937, 235.679, 235.681, 236.015, 236.416, 236.138, 235.884, 235.817, 235.883, 235.959, 235.8, 235.748, 236.16, 235.874, 235.844, 235.733, 235.761, 235.859, 235.779, 235.748, 235.765, 235.818, 235.759, 235.76, 235.71, 235.728, 235.787, 235.808, 235.784, 235.834, 236.244, 236.007, 235.897, 235.897, 235.835, 236.539, 235.819, 235.946, 236.214, 236.023, 235.951, 235.864, 235.844, 235.849, 236.022, 235.872, 235.987, 235.975, 235.969, 236.047, 236.036, 236.375, 235.789, 235.829, 235.731, 235.857, 235.792, 235.8, 235.811, 235.77, 236.018, 235.743, 236.345, 235.817, 236.098, 235.769, 235.802, 235.827, 235.734, 235.795, 235.936, 235.783, 235.962, 235.775, 235.764, 235.79, 235.783, 237.69, 235.834, 235.865, 236.119, 235.846, 235.737, 236.029, 235.931, 235.714, 235.749, 235.763, 236.1, 235.836, 235.854, 235.801, 235.776, 235.795, 235.778, 235.714, 235.758, 235.875, 235.889, 235.884, 
Running CRSMerge implementation
Time to set up datastructures: 10336.2ms
356.887, 357.272, 356.843, 357.111, 357.146, 357.058, 357.156, 356.895, 356.97, 356.99, 357.148, 357.106, 357.547, 357.009, 357.398, 357.148, 357.199, 356.923, 356.867, 357.001, 356.985, 357.038, 357.099, 357.019, 357.244, 357.095, 357.147, 357.055, 356.911, 357.049, 356.977, 357.233, 357.01, 357.01, 357.03, 357.312, 357.005, 356.886, 357.284, 357.565, 357.081, 356.961, 357.03, 356.922, 357.318, 357.019, 357.106, 356.993, 356.991, 357.08, 357.151, 356.956, 356.942, 357.093, 357.354, 357.099, 357.078, 357.163, 357.166, 357.161, 357.05, 357.625, 357.082, 357.017, 357.012, 357.008, 357.115, 356.962, 357.268, 356.954, 357.152, 357.207, 357.027, 357.175, 356.965, 357.095, 357.056, 357.014, 357.073, 357.073, 357.2, 357.043, 357.032, 357.177, 357.016, 357.473, 356.984, 357.299, 358.18, 358.054, 357.231, 357.247, 357.047, 356.988, 357.208, 356.952, 357.162, 356.851, 357.113, 357.107, 
Time to set up datastructures: 8346.27ms
284.481, 284.642, 284.937, 285.054, 284.677, 284.821, 284.388, 284.504, 284.596, 284.621, 284.774, 284.613, 284.411, 284.405, 284.76, 284.696, 284.891, 284.601, 284.907, 285, 284.353, 284.33, 284.705, 284.65, 284.468, 284.749, 284.405, 284.456, 284.554, 284.548, 284.935, 284.496, 284.938, 284.903, 284.529, 284.558, 284.518, 285.037, 284.749, 284.726, 284.367, 284.405, 285.141, 284.81, 284.858, 284.396, 284.983, 285.078, 284.353, 284.749, 284.383, 284.624, 284.547, 284.676, 284.378, 284.46, 284.49, 284.38, 284.619, 284.553, 285.131, 285.126, 284.424, 285.06, 284.682, 284.762, 284.678, 284.971, 284.461, 284.616, 284.838, 284.279, 284.544, 284.629, 284.74, 285.225, 284.459, 284.517, 284.493, 284.515, 284.649, 284.715, 284.407, 284.255, 284.997, 284.39, 284.503, 284.637, 284.838, 285.122, 284.223, 284.551, 284.301, 284.491, 284.599, 284.899, 284.442, 284.345, 284.538, 284.285, 
Time to set up datastructures: 13138ms
265.534, 265.408, 265.407, 265.42, 265.444, 265.334, 265.393, 265.424, 265.4, 265.348, 265.575, 265.196, 265.391, 265.495, 265.272, 265.368, 265.378, 265.451, 265.432, 265.539, 265.608, 265.432, 265.687, 265.423, 265.408, 265.375, 265.279, 265.34, 265.541, 265.545, 265.429, 265.404, 265.417, 266.527, 265.399, 265.338, 265.589, 265.366, 265.456, 265.386, 265.427, 265.191, 265.348, 265.592, 265.288, 265.406, 265.347, 265.412, 265.504, 265.22, 265.357, 265.376, 265.426, 265.525, 265.403, 265.504, 265.215, 265.329, 265.426, 265.274, 265.421, 265.439, 265.474, 265.43, 265.234, 265.389, 265.563, 265.435, 265.397, 265.359, 265.395, 265.223, 265.371, 265.541, 265.387, 265.498, 265.668, 265.417, 265.543, 265.241, 265.384, 265.423, 265.508, 265.37, 265.469, 265.512, 265.423, 265.126, 265.498, 265.341, 265.44, 265.442, 265.365, 265.583, 265.201, 265.295, 265.464, 265.304, 265.404, 265.438, 
Time to set up datastructures: 12256.2ms
254.02, 253.879, 253.976, 253.951, 253.992, 253.92, 253.914, 253.976, 253.943, 253.917, 253.918, 253.933, 253.942, 254.071, 253.956, 254.001, 253.903, 253.998, 253.932, 253.926, 253.924, 253.945, 253.915, 253.982, 254.13, 254.082, 253.964, 253.875, 253.986, 253.937, 253.917, 254.084, 253.912, 253.975, 254.013, 254.128, 253.852, 253.88, 253.928, 253.973, 253.9, 253.897, 254.012, 253.939, 254.067, 253.958, 254, 254, 253.905, 253.964, 254.052, 253.909, 253.908, 253.948, 253.929, 253.949, 253.852, 253.93, 253.967, 253.895, 254.043, 253.955, 253.992, 253.995, 253.949, 253.988, 253.903, 253.953, 254.477, 253.935, 254.414, 253.895, 253.905, 254.041, 253.906, 253.994, 254.022, 253.893, 254.052, 253.902, 253.971, 254.039, 253.928, 254.002, 253.881, 253.949, 253.986, 253.915, 253.928, 253.975, 253.904, 254.064, 253.994, 254.264, 253.886, 254.154, 253.989, 254.009, 254.011, 253.968, 
Time to set up datastructures: 13270.2ms
246.122, 246.166, 246.158, 246.127, 246.148, 246.174, 246.126, 246.233, 246.23, 246.167, 246.22, 246.132, 246.14, 246.179, 246.15, 246.15, 246.118, 246.163, 246.19, 246.234, 246.105, 246.178, 246.145, 246.182, 246.187, 246.117, 246.248, 246.198, 246.101, 246.192, 246.166, 246.096, 246.151, 246.114, 246.206, 246.257, 246.106, 246.162, 246.175, 246.327, 246.266, 246.091, 246.136, 246.341, 246.115, 246.186, 246.118, 246.139, 246.128, 246.161, 246.33, 246.176, 246.12, 246.207, 246.158, 246.208, 246.306, 246.098, 246.169, 246.237, 246.227, 246.084, 246.188, 246.236, 246.177, 246.091, 246.147, 246.329, 246.188, 246.111, 246.199, 246.085, 246.201, 246.177, 246.079, 246.165, 246.278, 246.415, 246.285, 246.174, 246.188, 246.164, 246.099, 246.174, 246.192, 246.114, 246.168, 246.227, 246.148, 246.215, 246.11, 246.176, 246.208, 246.086, 246.137, 246.174, 246.104, 246.183, 246.13, 246.245, 
Time to set up datastructures: 13382.6ms
242.092, 242.026, 242.101, 242.042, 242.08, 242.194, 242.418, 242.051, 242.242, 242.343, 242.032, 242.089, 242.011, 242.018, 242.03, 242.053, 242.26, 242.121, 241.999, 242.081, 241.949, 243.54, 242.269, 242.009, 242.202, 242.113, 242.092, 242.051, 242.091, 242.024, 242.012, 242.015, 242.09, 242.091, 241.994, 242.054, 242.078, 242.03, 242.185, 242.037, 242.039, 242.019, 242.064, 242.05, 242.068, 242.02, 242.032, 241.981, 242.009, 241.991, 242.026, 242.048, 242.127, 242.029, 242.117, 242.046, 242.063, 242.065, 242.267, 242.045, 242.007, 242.059, 241.999, 242.109, 242.057, 242.171, 242.09, 242.223, 242.243, 242.117, 241.976, 242.209, 241.995, 241.996, 242.085, 242.224, 242.072, 242.114, 242.46, 242.157, 242.078, 242.06, 242.096, 242.097, 242.011, 242.112, 242.08, 242.078, 242.06, 242.041, 242.059, 242.102, 242.117, 242.048, 242.073, 242.007, 242.067, 242.021, 242.216, 242.131, 
Time to set up datastructures: 13384.1ms
240.818, 240.822, 240.856, 240.779, 240.954, 240.802, 240.759, 240.784, 240.846, 240.8, 240.831, 240.804, 240.81, 240.734, 240.756, 240.842, 240.935, 240.738, 240.885, 240.861, 241.016, 240.854, 240.763, 240.91, 240.774, 240.83, 240.809, 240.831, 240.711, 240.799, 240.769, 240.817, 240.801, 240.794, 240.753, 240.872, 240.834, 240.942, 240.774, 240.762, 241.072, 240.804, 240.789, 240.837, 240.846, 240.831, 240.795, 240.809, 240.832, 240.764, 240.776, 240.826, 240.779, 240.828, 240.991, 240.795, 240.766, 240.844, 240.882, 240.817, 240.887, 241.257, 241.329, 240.904, 240.729, 241.032, 240.748, 240.786, 240.847, 240.834, 240.875, 240.809, 240.865, 240.836, 240.854, 240.802, 240.904, 240.806, 240.899, 240.805, 240.806, 240.829, 240.84, 240.76, 240.814, 240.877, 240.796, 240.936, 241.097, 240.957, 240.778, 241.111, 240.803, 240.968, 240.825, 240.788, 240.812, 240.801, 240.753, 240.971, 
Time to set up datastructures: 13504.5ms
239.98, 240.093, 239.939, 240.066, 239.956, 239.934, 239.955, 239.982, 239.911, 239.995, 240.159, 239.923, 239.907, 239.959, 239.985, 240.023, 239.92, 240.008, 240.069, 239.929, 240.05, 239.938, 240.153, 239.967, 239.955, 239.941, 240.026, 240.033, 239.99, 239.963, 239.953, 239.934, 239.937, 239.924, 239.978, 240.254, 240.17, 240.106, 239.927, 239.955, 240.122, 239.96, 240.006, 240.108, 239.958, 239.964, 240.131, 239.978, 240.014, 239.935, 239.893, 240.07, 239.993, 240.108, 239.969, 239.904, 240.081, 239.979, 239.991, 239.953, 240.079, 240.045, 240.032, 239.949, 240.097, 240.007, 239.936, 239.941, 240.141, 240.02, 240.504, 239.974, 239.918, 240.065, 239.985, 239.992, 240.18, 240.079, 239.947, 239.997, 239.98, 239.945, 240.033, 239.924, 239.991, 240.045, 240.068, 240.01, 240.001, 239.991, 239.965, 239.916, 239.937, 240.113, 240.06, 239.985, 239.955, 240.016, 240.163, 239.89, 
Time to set up datastructures: 13827.8ms
239.329, 239.65, 239.372, 239.93, 239.227, 239.764, 239.207, 239.361, 239.329, 239.248, 239.3, 239.297, 239.238, 239.385, 239.177, 239.299, 239.382, 239.273, 244.874, 239.4, 239.451, 239.203, 239.24, 239.23, 239.336, 239.274, 239.275, 239.238, 239.574, 239.369, 239.289, 239.186, 239.33, 239.422, 239.383, 239.445, 239.195, 239.274, 239.191, 239.236, 239.31, 239.431, 239.243, 239.219, 239.182, 239.265, 239.179, 239.246, 239.139, 239.37, 240.182, 239.496, 239.189, 239.309, 239.23, 239.297, 239.263, 239.216, 239.739, 239.19, 239.247, 239.209, 239.491, 239.213, 239.604, 239.553, 239.305, 239.321, 239.629, 239.229, 239.237, 239.156, 239.559, 239.175, 239.225, 239.371, 239.244, 239.185, 239.218, 239.214, 239.2, 239.156, 239.177, 239.297, 239.316, 239.479, 239.211, 239.268, 239.255, 239.136, 239.196, 239.269, 239.252, 239.229, 239.235, 239.365, 239.352, 239.611, 239.201, 239.216, 
Time to set up datastructures: 13012.7ms
238.195, 238.372, 238.388, 238.694, 238.486, 238.246, 238.287, 238.237, 238.397, 238.218, 238.552, 238.262, 238.503, 238.18, 238.487, 238.414, 238.248, 238.227, 238.526, 238.389, 238.533, 238.432, 238.454, 238.898, 238.868, 238.501, 238.335, 238.615, 238.32, 238.458, 238.267, 238.269, 238.33, 238.213, 238.2, 238.566, 238.627, 238.354, 238.534, 238.276, 238.336, 238.232, 238.167, 238.477, 238.219, 238.342, 238.444, 238.285, 238.164, 238.28, 238.162, 238.28, 238.562, 238.655, 238.246, 238.493, 238.873, 238.287, 238.277, 238.235, 238.603, 238.595, 238.705, 238.49, 238.602, 238.254, 238.426, 238.177, 238.304, 238.525, 238.647, 238.324, 238.485, 238.34, 238.332, 238.293, 238.181, 238.639, 238.309, 238.357, 238.526, 238.259, 238.19, 238.188, 238.153, 238.432, 238.34, 238.62, 239.171, 238.285, 238.245, 238.856, 238.331, 238.172, 238.734, 238.182, 238.298, 238.543, 238.626, 238.321, 
Time to set up datastructures: 13358.8ms
238.848, 238.89, 238.853, 238.851, 238.839, 238.86, 238.788, 238.715, 238.856, 238.741, 238.758, 238.872, 238.753, 238.799, 238.876, 238.79, 238.761, 238.751, 238.744, 238.886, 238.799, 238.797, 238.765, 238.935, 238.803, 238.793, 238.821, 238.905, 238.751, 238.673, 238.806, 238.829, 238.807, 238.788, 238.792, 238.756, 239.162, 238.796, 238.9, 238.767, 238.784, 238.989, 238.712, 238.794, 238.916, 238.729, 238.767, 238.964, 238.856, 238.727, 238.786, 238.794, 238.775, 238.942, 238.849, 238.923, 238.882, 238.88, 238.786, 238.805, 238.758, 238.832, 238.762, 238.798, 238.869, 238.971, 238.796, 238.72, 238.753, 239.033, 238.884, 238.737, 238.935, 238.623, 238.726, 238.793, 238.8, 238.87, 238.893, 238.779, 238.868, 238.908, 238.593, 238.807, 238.753, 238.79, 238.913, 238.834, 238.796, 238.796, 238.574, 238.835, 238.799, 238.762, 238.766, 238.8, 238.716, 238.789, 238.848, 238.877, 
Time to set up datastructures: 13817.7ms
236.123, 236.215, 236.178, 236.087, 236.8, 236.167, 236.594, 236.096, 236.12, 236.11, 236.223, 236.1, 236.105, 236.171, 236.33, 236.148, 236.105, 236.096, 236.216, 241.635, 236.173, 236.168, 236.298, 236.134, 236.155, 236.201, 236.156, 236.186, 236.026, 236.085, 236.145, 236.166, 236.092, 236.117, 236.244, 236.344, 236.211, 236.116, 236.104, 236.147, 236.149, 236.13, 236.111, 236.241, 236.109, 236.075, 236.125, 236.105, 236.104, 236.113, 236.048, 236.075, 236.239, 236.208, 236.131, 236.053, 236.257, 236.144, 236.066, 236.111, 236.198, 236.128, 236.03, 236.102, 236.226, 236.147, 236.318, 236.323, 236.093, 236.233, 236.158, 236.054, 236.081, 236.144, 236.273, 236.106, 236.111, 236.178, 236.189, 236.08, 236.135, 236.104, 236.051, 236.187, 236.1, 236.098, 236.24, 236.163, 236.102, 236.07, 236.1, 236.152, 236.163, 236.083, 236.161, 236.118, 236.041, 236.099, 236.158, 236.215, 
Time to set up datastructures: 13478.3ms
235.232, 235.223, 235.282, 235.34, 235.153, 235.233, 235.224, 235.232, 235.24, 235.18, 235.281, 235.322, 235.165, 235.192, 235.26, 235.444, 235.239, 235.27, 235.335, 235.389, 235.404, 235.131, 235.203, 235.351, 235.244, 235.172, 235.231, 235.133, 235.428, 235.157, 235.21, 235.215, 235.258, 235.217, 235.18, 235.158, 235.367, 235.487, 235.148, 235.219, 235.164, 235.211, 235.216, 235.238, 235.211, 235.29, 235.185, 235.143, 235.177, 235.188, 235.175, 235.213, 235.198, 235.242, 235.38, 235.156, 235.265, 235.149, 235.361, 235.231, 235.232, 235.23, 235.345, 236.002, 235.234, 235.255, 235.381, 235.251, 237.625, 235.563, 235.322, 235.428, 235.166, 235.201, 235.268, 235.192, 235.332, 235.18, 235.173, 235.495, 235.548, 235.202, 235.205, 235.236, 235.177, 235.185, 235.286, 235.184, 235.468, 235.208, 235.579, 235.358, 235.222, 235.222, 235.321, 235.193, 235.383, 235.22, 235.352, 235.249, 
Running CSB implementation
Time to set up datastructures: 14471.3ms
349.794, 349.992, 350.111, 350.108, 350.176, 350.192, 349.985, 350.06, 350.339, 349.857, 349.961, 350.675, 350.92, 350.18, 349.829, 349.929, 350.001, 349.654, 349.967, 350.187, 350.376, 349.859, 349.958, 350.192, 349.878, 350.046, 350.121, 349.919, 349.896, 349.791, 349.821, 350.203, 349.821, 350.006, 350.243, 349.989, 349.63, 349.783, 350.022, 349.829, 350.056, 350.087, 349.904, 350.385, 350.784, 350.267, 349.917, 350.181, 350.309, 350.085, 350.072, 350.252, 350.207, 350.048, 350.302, 349.842, 350.197, 349.784, 349.835, 350.461, 350.12, 350.062, 350.225, 350.386, 350.04, 349.958, 350.217, 349.993, 350.191, 350.057, 349.943, 350.103, 350.163, 350.133, 349.657, 349.96, 349.905, 349.92, 349.873, 350.873, 349.905, 350.008, 349.982, 349.899, 350.002, 349.972, 350.004, 349.938, 349.959, 349.945, 349.688, 350.081, 350.195, 349.964, 350.025, 349.168, 350.135, 349.916, 350.047, 350.03, 
Time to set up datastructures: 14050.2ms
262.692, 263.265, 262.395, 262.97, 263.002, 263.335, 263.5, 262.643, 263.328, 262.732, 262.876, 262.815, 262.828, 262.543, 263.394, 263.192, 262.35, 262.85, 263.263, 263.018, 263.434, 263.565, 262.94, 262.825, 263.107, 263.366, 263.385, 263.768, 263.452, 263.028, 262.951, 263.2, 262.96, 262.961, 262.844, 262.293, 262.512, 262.729, 262.837, 262.879, 262.356, 262.272, 263.059, 262.348, 262.658, 262.475, 262.217, 262.493, 262.708, 262.911, 262.616, 262.461, 262.384, 262.094, 262.247, 262.356, 262.456, 263.489, 262.657, 262.726, 262.744, 263.316, 263.05, 262.52, 262.786, 263, 262.358, 262.853, 262.49, 262.064, 262.183, 262.853, 263.066, 263.085, 262.662, 262.017, 262.143, 262.064, 262.284, 262.182, 262.564, 262.563, 262.802, 262.978, 262.045, 262.158, 262.227, 262.637, 263.287, 262.281, 262.534, 262.551, 262.321, 262.475, 262.797, 262.823, 262.069, 261.894, 261.873, 261.688, 
Time to set up datastructures: 16775.9ms
222.222, 222.123, 222.723, 222.283, 222.248, 222.286, 222.268, 222.546, 222.221, 222.226, 222.028, 222.354, 222.154, 222.42, 222.522, 222.626, 222.512, 221.967, 221.948, 222.393, 222.366, 222.362, 221.881, 221.72, 222.126, 223.168, 222.377, 222.032, 222.133, 222.174, 222.02, 222.361, 222.119, 222.166, 222.486, 222.178, 222.317, 222.208, 222.54, 222.481, 222.262, 222.425, 222.449, 222.265, 222.444, 221.831, 222.218, 222.272, 222.37, 222.457, 222.024, 222.065, 222.393, 222.087, 222.158, 222.417, 222.56, 222.06, 222.148, 222.374, 222.222, 222.29, 222.349, 222.557, 222.585, 222.219, 222.204, 221.862, 222.057, 222.357, 222.32, 222.091, 221.843, 222.54, 222.243, 222.576, 222.336, 222.203, 222.178, 222.501, 222.061, 222.165, 222.205, 222.481, 222.373, 222.366, 222.183, 222.548, 222.21, 222.444, 222.088, 222.207, 222.141, 222.134, 222.273, 222.275, 222.414, 222.248, 222.405, 221.968, 
Time to set up datastructures: 17470.7ms
196.872, 196.829, 197.013, 196.804, 196.823, 196.871, 196.867, 196.867, 196.798, 196.775, 196.863, 196.842, 196.833, 196.92, 196.789, 196.677, 196.899, 196.897, 196.982, 196.942, 196.774, 196.917, 197.038, 196.973, 197.04, 196.691, 196.838, 196.855, 196.875, 197.078, 196.748, 196.943, 196.874, 196.835, 196.848, 196.627, 196.873, 196.95, 196.815, 196.945, 196.888, 196.874, 196.871, 196.855, 196.941, 196.914, 196.854, 197.059, 196.886, 196.95, 197.008, 197.031, 196.896, 197.027, 196.906, 196.932, 196.905, 196.863, 196.933, 196.956, 197.155, 196.908, 196.885, 196.957, 196.805, 196.777, 196.947, 196.962, 196.908, 197.147, 196.474, 196.54, 196.524, 196.674, 196.481, 196.46, 196.653, 196.559, 196.548, 196.489, 196.521, 196.537, 196.593, 196.466, 196.374, 196.534, 196.547, 196.478, 197.181, 196.601, 196.585, 196.498, 196.46, 196.543, 196.519, 196.451, 196.496, 196.376, 196.574, 196.682, 
Time to set up datastructures: 18465.3ms
180.724, 180.869, 180.659, 180.88, 180.716, 180.797, 180.929, 180.898, 180.805, 180.747, 180.687, 180.822, 180.73, 180.98, 180.795, 180.885, 180.82, 180.683, 180.88, 180.958, 180.752, 180.833, 180.875, 180.955, 180.918, 180.723, 180.509, 180.46, 180.499, 180.625, 180.562, 180.448, 180.579, 180.461, 180.5, 180.538, 180.475, 180.459, 180.489, 180.617, 180.568, 180.839, 180.585, 180.476, 180.56, 180.526, 180.515, 180.542, 180.536, 180.574, 180.49, 180.557, 180.43, 180.591, 180.539, 180.48, 180.409, 180.451, 180.59, 180.424, 180.596, 180.575, 180.61, 180.604, 180.808, 180.557, 180.543, 180.555, 180.67, 180.693, 180.641, 180.505, 180.746, 180.558, 180.52, 180.608, 180.636, 180.885, 180.821, 180.89, 180.842, 180.734, 180.74, 180.959, 180.856, 180.769, 180.907, 180.815, 180.663, 180.814, 180.88, 180.732, 180.805, 180.8, 180.929, 180.882, 180.598, 180.976, 180.671, 180.84, 
Time to set up datastructures: 19035.9ms
172.51, 172.288, 172.436, 172.393, 172.361, 172.246, 172.58, 172.36, 172.42, 172.168, 172.402, 172.375, 172.134, 172.296, 172.365, 172.317, 172.82, 172.388, 172.715, 172.601, 172.613, 172.743, 172.506, 172.67, 172.595, 173.561, 172.717, 172.547, 172.264, 172.296, 172.241, 172.179, 172.332, 172.246, 172.396, 172.301, 172.342, 172.268, 172.274, 172.375, 172.265, 172.209, 172.268, 172.253, 172.169, 172.288, 172.251, 172.354, 172.453, 172.562, 172.55, 172.374, 172.257, 172.466, 172.427, 172.265, 172.477, 172.263, 172.368, 172.293, 172.207, 172.464, 172.432, 172.37, 172.365, 172.461, 172.401, 172.879, 172.446, 172.384, 172.447, 172.684, 172.67, 172.687, 172.612, 172.625, 172.787, 172.899, 172.654, 172.619, 172.601, 172.687, 172.621, 172.533, 172.752, 172.591, 172.668, 172.746, 172.598, 172.675, 172.717, 172.673, 172.543, 172.721, 172.675, 172.87, 172.85, 172.716, 172.807, 172.741, 
Time to set up datastructures: 20231.2ms
168.07, 167.903, 167.924, 167.896, 167.868, 167.92, 168.057, 167.916, 167.942, 167.93, 167.936, 168.024, 167.811, 167.973, 167.907, 168.024, 168.004, 168.033, 167.908, 167.981, 168.026, 167.855, 168.147, 168.233, 168.108, 167.993, 168.108, 167.772, 167.877, 168.102, 168.016, 167.78, 167.802, 167.978, 167.806, 167.815, 167.988, 167.987, 167.798, 168.014, 167.846, 167.982, 167.862, 167.86, 167.859, 168.006, 167.868, 167.933, 168.055, 167.967, 167.743, 167.644, 167.542, 167.59, 167.463, 167.723, 167.426, 167.553, 167.756, 167.441, 167.581, 167.364, 167.46, 167.529, 167.491, 167.436, 167.521, 167.529, 167.516, 167.45, 167.428, 167.632, 167.603, 167.533, 167.563, 167.556, 167.645, 167.749, 167.565, 167.644, 167.579, 167.723, 167.746, 167.878, 167.736, 167.82, 167.799, 167.861, 167.893, 168.187, 167.638, 167.568, 167.423, 167.751, 167.625, 167.598, 167.458, 167.444, 167.449, 167.508, 
Time to set up datastructures: 18905.5ms
164.404, 164.328, 164.488, 164.396, 164.377, 164.352, 164.481, 164.4, 164.336, 164.345, 164.475, 164.3, 164.338, 164.254, 164.343, 164.303, 164.286, 164.36, 164.392, 164.28, 164.449, 164.34, 164.413, 164.406, 164.42, 164.425, 164.448, 164.464, 164.465, 164.374, 164.402, 164.505, 164.495, 164.399, 164.526, 164.484, 164.488, 164.521, 164.376, 164.369, 164.25, 164.265, 164.412, 164.456, 164.375, 164.47, 164.338, 164.308, 164.349, 164.374, 164.44, 164.503, 164.64, 164.493, 164.497, 164.674, 164.569, 164.548, 164.542, 164.433, 164.469, 164.398, 164.282, 164.319, 164.442, 164.25, 164.32, 164.441, 164.505, 164.482, 164.363, 164.462, 164.379, 164.341, 164.412, 164.339, 164.422, 164.746, 164.718, 164.67, 164.729, 164.619, 164.646, 164.722, 164.764, 164.717, 164.839, 164.671, 164.714, 164.68, 164.753, 164.741, 164.664, 164.363, 164.361, 164.367, 164.269, 164.349, 164.449, 164.398, 
Time to set up datastructures: 18917.7ms
161.11, 161.612, 160.881, 160.801, 160.811, 160.892, 160.798, 160.847, 160.816, 160.763, 160.832, 160.831, 160.846, 161.023, 160.811, 161.027, 160.798, 160.846, 160.885, 160.877, 160.854, 160.85, 160.815, 160.832, 160.912, 161.252, 160.886, 160.93, 160.8, 160.794, 160.842, 160.793, 160.845, 160.846, 160.822, 160.787, 161.019, 161.068, 161.063, 160.865, 161.183, 160.842, 160.751, 160.794, 160.792, 160.755, 160.794, 160.884, 160.824, 160.972, 160.913, 160.904, 160.978, 160.819, 160.807, 160.729, 160.932, 160.741, 160.743, 160.802, 160.751, 160.74, 160.789, 162.602, 160.9, 160.853, 160.803, 160.908, 160.735, 160.735, 160.811, 160.734, 160.804, 160.923, 160.841, 160.819, 160.777, 161.007, 160.758, 161.25, 160.783, 160.755, 160.737, 160.759, 160.784, 160.733, 160.798, 160.914, 160.907, 160.861, 160.867, 160.742, 160.815, 160.792, 160.734, 160.625, 160.779, 160.824, 160.851, 160.905, 
Time to set up datastructures: 19309.5ms
157.95, 157.941, 157.945, 157.915, 157.899, 157.988, 158.215, 158.204, 158.133, 157.914, 157.976, 157.892, 157.997, 157.921, 157.909, 157.929, 157.906, 158.06, 157.895, 157.943, 158.092, 157.935, 157.932, 158.428, 157.847, 157.874, 157.909, 157.964, 157.957, 157.926, 157.923, 158.294, 157.871, 158.082, 157.932, 157.926, 157.959, 157.933, 157.917, 157.909, 157.925, 157.925, 158.013, 158.009, 157.928, 158.114, 158.175, 157.911, 158.009, 158.051, 157.903, 157.952, 157.926, 157.897, 157.921, 157.913, 158.161, 158.083, 158.121, 157.889, 157.914, 157.98, 157.909, 157.947, 157.883, 157.924, 157.91, 157.867, 157.925, 157.904, 157.878, 158.361, 157.933, 157.905, 158.114, 158.212, 157.918, 157.932, 158.534, 158.033, 157.941, 158.048, 158.218, 158.047, 157.992, 157.923, 158.458, 158.018, 157.939, 157.937, 158.019, 157.909, 157.898, 157.856, 157.845, 157.854, 158.372, 157.983, 157.99, 158.017, 
Time to set up datastructures: 19377.3ms
156.373, 156.294, 156.328, 156.292, 156.268, 156.2, 156.325, 156.302, 156.255, 156.26, 156.218, 156.288, 156.283, 156.244, 156.353, 156.27, 156.3, 156.086, 156.244, 156.3, 156.25, 156.238, 156.376, 156.287, 156.255, 156.332, 156.272, 156.265, 156.272, 156.271, 156.09, 156.545, 156.274, 156.293, 156.23, 156.279, 156.248, 156.296, 156.302, 156.267, 156.28, 156.357, 156.383, 156.085, 156.304, 156.459, 156.279, 156.277, 156.313, 156.315, 156.319, 156.337, 156.253, 156.295, 156.311, 156.235, 156.084, 156.437, 156.238, 156.268, 156.207, 156.267, 156.324, 156.292, 156.26, 156.27, 156.324, 156.285, 156.226, 156.08, 156.319, 156.226, 156.258, 156.28, 156.226, 156.364, 156.322, 156.272, 156.278, 156.33, 156.295, 156.29, 156.069, 156.318, 156.243, 156.206, 156.263, 156.245, 156.344, 156.209, 156.294, 156.354, 156.288, 156.38, 156.346, 156.018, 156.276, 156.211, 156.279, 156.235, 
Time to set up datastructures: 19683.5ms
153.271, 153.269, 153.216, 153.294, 153.278, 153.293, 153.339, 153.282, 153.283, 153.371, 152.902, 152.88, 152.925, 152.914, 152.978, 152.91, 152.924, 152.96, 153.046, 152.997, 152.962, 153.224, 153.117, 153.161, 153.213, 153.211, 153.166, 153.117, 153.17, 153.152, 153.207, 153.276, 153.205, 153.2, 153.247, 153.25, 153.219, 153.274, 153.205, 153.256, 153.221, 153.224, 153.22, 153.211, 153.269, 153.327, 153.239, 153.295, 153.266, 153.322, 153.321, 153.252, 153.284, 153.254, 153.32, 153.257, 153.289, 153.291, 153.335, 152.9, 152.945, 152.887, 152.917, 152.911, 152.92, 153.07, 153.007, 152.95, 153.03, 152.928, 152.88, 152.938, 152.886, 152.986, 152.964, 152.983, 152.992, 153.037, 152.994, 153.008, 152.97, 153.031, 152.986, 153.305, 153.038, 153.036, 153.056, 153.037, 153.147, 153.184, 152.98, 152.903, 152.901, 152.931, 152.875, 152.923, 152.938, 152.943, 152.928, 154.446, 
Time to set up datastructures: 19045.4ms
150.186, 150.19, 150.459, 150.077, 150.049, 150.059, 150.06, 150.113, 150.083, 150.097, 150.078, 150.182, 150.164, 150.117, 150.173, 150.147, 150.181, 150.173, 150.214, 150.007, 150.168, 150.055, 150.305, 150.101, 150.062, 150.12, 150.023, 150.12, 150.189, 150.185, 150.144, 150.173, 150.326, 150.332, 150.26, 150.041, 150.015, 150.051, 150.115, 150.089, 150.061, 150.053, 150.141, 150.264, 150.394, 150.058, 150.092, 150.216, 150.084, 150.071, 150.054, 150.114, 150.143, 150.222, 150.156, 150.313, 150.19, 150.065, 150.118, 150.053, 150.123, 150.102, 150.053, 150.061, 150.06, 150.103, 150.092, 150.152, 150.163, 150.111, 150.14, 150.245, 150.167, 150.136, 150.282, 150.068, 150.136, 150.047, 150.095, 150.195, 150.107, 150.084, 150.142, 150.18, 150.178, 150.294, 150.309, 150.32, 150.038, 150.2, 150.073, 150.075, 150.083, 150.127, 150.063, 150.188, 150.041, 150.011, 150.105, 150.043, 
Running BlockCOH implementation
Time to set up datastructures: 25627.6ms
362.967, 363.275, 363.411, 363.05, 363.098, 363.228, 363.198, 363.153, 363.028, 362.973, 362.87, 362.921, 363.222, 363.035, 362.996, 362.847, 362.871, 363.383, 363.116, 363.231, 362.908, 363.032, 362.951, 362.964, 363.17, 363.25, 362.942, 362.912, 363.318, 363.126, 362.991, 363.254, 362.797, 363.232, 363.351, 363.246, 363.242, 363.2, 363.069, 363.854, 363.466, 363.223, 363.309, 363.207, 363.36, 363.306, 363.384, 363.406, 363.263, 363.282, 363.352, 363.178, 363.092, 363.104, 363.42, 363.71, 363.521, 363.572, 363.692, 363.304, 363.689, 363.612, 363.727, 363.176, 363.352, 363.787, 363.722, 363.309, 363.488, 362.943, 362.804, 362.962, 363.417, 363.105, 363.474, 362.999, 362.983, 362.93, 363.01, 363.348, 362.965, 362.899, 362.97, 363.339, 363.471, 363.018, 363.121, 362.874, 363.222, 363.171, 363.175, 362.957, 362.873, 363.051, 363.396, 363.137, 363.021, 363.003, 362.947, 363.163, 
Time to set up datastructures: 20632.7ms
317.06, 317.161, 317.198, 316.991, 317.485, 317.985, 316.744, 316.599, 316.228, 316.064, 316.131, 316.255, 316.639, 316.491, 316.164, 316.965, 316.302, 316.029, 317.057, 316.443, 316.627, 316.826, 316.972, 316.093, 316.192, 316.777, 316.789, 316.266, 316.713, 316.13, 316.525, 316.998, 316.74, 316.401, 316.634, 316.16, 316.275, 316.265, 316.438, 316.595, 316.258, 316.271, 316.095, 317.112, 316.415, 316.403, 316.013, 316.156, 316.09, 316.05, 316.34, 316.733, 316.524, 316.216, 316.111, 316.162, 317.113, 316.422, 316.989, 316.077, 316.277, 316.089, 316.117, 316.659, 316.523, 316.239, 316.206, 316.094, 316.921, 317.364, 316.673, 316.209, 316.785, 316.256, 317.007, 316.348, 316.289, 316.625, 316.197, 316.338, 316.012, 317.012, 316.48, 316.495, 316.47, 316.132, 315.968, 316.206, 316.206, 317.01, 316.805, 316.84, 317.378, 317.084, 318.585, 317.737, 317.859, 316.437, 317.335, 316.918, 
Time to set up datastructures: 19349.7ms
303.987, 304.001, 303.978, 304.02, 303.9, 303.911, 303.908, 304.089, 303.955, 303.932, 303.979, 305.151, 304.049, 304.003, 303.978, 303.718, 304.093, 303.814, 303.891, 303.986, 304.219, 303.93, 303.906, 303.824, 304.196, 303.965, 304.154, 303.982, 303.935, 304.016, 303.887, 303.826, 303.962, 304.151, 303.992, 303.934, 303.912, 304.102, 304.049, 304.009, 304.15, 304.271, 304.158, 304.06, 304.005, 304.571, 304.365, 304.315, 304.152, 304.277, 304.148, 304.279, 304.405, 304.268, 304.428, 304.225, 304.212, 304.228, 304.052, 304.283, 304.181, 303.973, 304.228, 304.099, 303.946, 304.258, 304.079, 304.046, 304.089, 304.091, 304.01, 304.213, 304.427, 304.023, 303.767, 303.863, 303.895, 304.001, 303.958, 304.139, 303.81, 303.818, 303.85, 304.046, 303.802, 303.956, 303.752, 303.861, 303.966, 303.906, 304.079, 303.977, 304.04, 304.056, 303.736, 303.852, 303.992, 303.864, 303.841, 303.833, 
Time to set up datastructures: 19590.3ms
285.671, 286.327, 285.831, 286.004, 285.752, 285.805, 285.761, 285.81, 285.933, 285.798, 285.911, 285.824, 285.9, 285.739, 285.775, 286.33, 285.969, 285.881, 285.852, 285.735, 285.835, 285.821, 285.896, 286.117, 285.842, 285.875, 285.696, 285.748, 285.696, 285.787, 285.791, 285.879, 286.05, 285.881, 285.697, 285.848, 287.385, 285.817, 285.99, 285.822, 285.825, 285.712, 285.783, 285.814, 285.804, 286.165, 285.84, 285.703, 285.74, 285.599, 286.152, 285.724, 285.769, 285.744, 285.683, 285.779, 285.712, 285.761, 285.856, 285.95, 285.822, 285.856, 285.807, 285.638, 285.899, 285.759, 285.816, 285.997, 285.888, 285.748, 285.657, 285.727, 285.82, 285.961, 285.813, 285.945, 285.674, 285.692, 285.876, 285.78, 285.802, 285.884, 285.845, 285.713, 285.671, 285.859, 285.925, 285.839, 285.778, 285.649, 285.798, 285.645, 285.938, 285.821, 285.955, 285.731, 285.695, 285.888, 285.663, 285.596, 
Time to set up datastructures: 19978.5ms
296.133, 296.105, 295.949, 295.983, 296.358, 295.968, 296.017, 295.923, 296.241, 295.971, 296.028, 296.02, 295.915, 296.004, 295.93, 295.941, 295.961, 296.065, 295.973, 295.984, 296.126, 295.89, 296.196, 295.963, 296.23, 296.045, 295.902, 296.101, 295.908, 296.678, 296.115, 296.164, 295.99, 295.96, 296.091, 296.033, 296.043, 296.049, 295.966, 296.064, 295.964, 296.012, 296.308, 296.014, 296.014, 296.056, 296.012, 296.074, 296.02, 296.147, 296.079, 296.053, 295.999, 296.072, 296.067, 295.983, 295.868, 296.027, 296.115, 296.075, 295.903, 296.033, 296.159, 297.474, 296.081, 296.186, 296.001, 296.094, 295.982, 295.975, 295.937, 296.039, 296.117, 295.92, 295.981, 296.147, 296.122, 295.951, 296.082, 295.937, 295.911, 295.917, 296.019, 295.94, 296.07, 296.051, 296.157, 296.004, 296.05, 296.004, 296.052, 295.998, 296.123, 296.109, 295.873, 296.068, 296.004, 296.054, 296.276, 296.128, 
Time to set up datastructures: 19406.8ms
289.386, 289.329, 289.335, 289.49, 289.425, 289.324, 289.391, 289.234, 289.486, 289.355, 289.238, 289.336, 289.382, 289.195, 289.405, 289.356, 289.315, 289.371, 289.426, 289.394, 289.363, 289.37, 289.395, 289.395, 289.601, 289.439, 289.209, 289.423, 289.491, 289.323, 289.372, 289.515, 289.331, 289.216, 289.342, 289.376, 289.422, 289.434, 289.444, 289.303, 289.364, 289.477, 289.415, 289.367, 289.421, 289.482, 289.323, 289.172, 289.406, 289.476, 289.337, 289.425, 289.468, 289.482, 289.378, 289.519, 289.879, 289.378, 289.33, 289.597, 289.284, 291.365, 289.499, 289.323, 289.351, 289.331, 289.378, 289.321, 289.335, 289.373, 300.139, 292.548, 289.352, 289.54, 289.233, 289.266, 289.384, 289.528, 289.613, 289.802, 289.531, 289.364, 289.311, 294.515, 289.414, 289.415, 289.455, 289.518, 289.436, 289.458, 289.352, 290.774, 289.3, 289.54, 289.417, 289.34, 289.515, 289.386, 289.317, 289.466, 
Time to set up datastructures: 19292.4ms
285.577, 285.584, 285.538, 285.806, 285.515, 285.603, 285.641, 285.651, 285.536, 285.642, 285.756, 285.539, 285.509, 285.639, 285.443, 285.524, 285.65, 285.834, 285.458, 285.54, 285.926, 285.535, 285.456, 285.633, 285.687, 285.749, 285.635, 285.745, 285.583, 285.422, 285.506, 285.594, 285.591, 285.508, 285.703, 285.565, 285.571, 285.679, 285.602, 285.833, 285.597, 285.654, 285.576, 285.661, 285.514, 285.962, 285.469, 285.711, 285.744, 285.905, 285.542, 285.477, 285.83, 285.492, 285.702, 285.913, 285.547, 285.493, 285.637, 285.562, 285.51, 285.697, 285.702, 285.539, 285.441, 285.49, 285.732, 285.674, 285.861, 285.623, 285.406, 285.526, 285.593, 285.588, 285.502, 285.52, 285.531, 285.679, 285.479, 285.756, 285.544, 285.519, 285.553, 285.781, 285.641, 285.465, 285.703, 286.136, 285.597, 285.607, 285.802, 285.561, 285.506, 285.603, 285.714, 285.592, 285.877, 285.646, 285.639, 285.413, 
Time to set up datastructures: 19244.9ms
283.618, 283.513, 284.023, 283.652, 283.446, 283.37, 283.578, 283.339, 283.286, 283.861, 283.649, 283.521, 283.485, 283.473, 283.67, 283.514, 283.542, 283.667, 283.452, 283.387, 283.632, 283.507, 283.407, 283.619, 283.573, 283.41, 283.453, 283.462, 283.766, 283.551, 283.481, 283.587, 283.478, 283.527, 283.437, 283.889, 283.466, 283.62, 283.715, 283.426, 283.469, 283.399, 283.647, 283.438, 283.403, 283.673, 283.529, 283.542, 283.401, 283.497, 283.374, 283.542, 283.71, 283.573, 283.447, 283.485, 283.464, 283.582, 283.556, 283.498, 283.616, 283.5, 283.432, 283.659, 283.382, 283.477, 283.534, 283.561, 283.425, 283.428, 283.59, 283.514, 283.434, 283.507, 283.604, 283.507, 283.433, 283.458, 283.54, 283.545, 283.774, 283.739, 283.523, 283.449, 283.501, 283.726, 283.468, 283.638, 283.522, 283.666, 283.65, 283.458, 283.488, 283.53, 283.578, 283.555, 283.441, 283.379, 283.602, 283.623, 
Time to set up datastructures: 19199.9ms
285.597, 285.393, 285.342, 285.341, 285.405, 285.549, 285.229, 285.394, 285.97, 285.402, 285.246, 285.468, 285.386, 285.319, 285.678, 285.593, 285.598, 285.224, 285.754, 285.652, 285.247, 285.57, 285.784, 285.235, 285.347, 285.398, 285.318, 285.463, 285.451, 285.343, 285.607, 285.32, 285.347, 285.624, 285.226, 285.377, 285.574, 285.277, 285.416, 285.38, 285.2, 285.444, 285.35, 285.549, 285.46, 285.252, 285.338, 285.52, 285.318, 285.526, 285.532, 285.297, 285.27, 285.618, 285.255, 285.363, 285.429, 285.505, 285.25, 285.304, 285.51, 285.796, 285.284, 285.3, 285.486, 285.539, 285.353, 285.336, 285.508, 285.325, 285.46, 285.47, 285.442, 285.212, 285.282, 285.562, 285.362, 285.33, 285.648, 285.329, 285.362, 285.272, 285.275, 285.273, 285.644, 285.555, 285.351, 285.341, 285.265, 286.004, 285.613, 285.43, 285.498, 285.372, 285.343, 285.776, 285.352, 285.392, 285.397, 285.552, 
Time to set up datastructures: 18367ms
295.989, 296.113, 295.856, 295.729, 295.868, 295.641, 295.659, 296.322, 295.714, 295.715, 295.831, 298.18, 295.804, 296.055, 296.098, 295.792, 295.842, 295.859, 296.225, 295.772, 295.789, 295.864, 295.733, 295.782, 296.244, 295.903, 295.76, 295.818, 296.015, 295.81, 295.659, 295.793, 296.416, 295.851, 295.99, 295.748, 295.685, 295.829, 296.4, 295.695, 296.073, 296.32, 295.841, 295.829, 295.861, 295.98, 295.764, 296.336, 296.564, 295.734, 296.009, 296.283, 295.91, 295.749, 295.808, 296.251, 295.715, 295.71, 295.916, 295.725, 295.97, 295.905, 295.97, 295.757, 295.766, 296.35, 295.672, 295.878, 296.014, 295.68, 295.93, 295.695, 296.103, 295.743, 295.95, 295.945, 295.833, 295.831, 296.031, 296.074, 295.678, 296.371, 295.915, 295.855, 296.689, 295.855, 295.773, 295.778, 295.844, 295.907, 295.941, 296.17, 296.318, 296.545, 295.83, 296.092, 295.769, 295.947, 296.175, 296.491, 
Time to set up datastructures: 18302.7ms
306.056, 305.539, 305.79, 305.988, 305.693, 305.541, 305.651, 306.111, 305.683, 305.914, 305.817, 305.771, 305.673, 305.929, 305.674, 305.678, 305.857, 305.878, 305.798, 305.853, 306.106, 305.582, 305.647, 305.887, 305.767, 305.74, 305.921, 306.096, 305.704, 305.709, 305.6, 305.746, 305.807, 305.841, 305.638, 305.865, 305.882, 305.722, 305.853, 307.126, 305.802, 305.68, 305.776, 305.879, 305.692, 305.741, 305.649, 305.695, 306.058, 306.02, 305.682, 305.683, 305.979, 305.68, 305.737, 305.711, 305.803, 305.636, 305.69, 305.662, 305.709, 305.721, 305.849, 305.694, 306.034, 305.744, 305.961, 305.597, 305.738, 305.958, 305.566, 305.771, 305.848, 305.827, 305.717, 306.088, 305.611, 305.573, 305.813, 305.787, 305.683, 305.689, 305.854, 305.751, 305.692, 305.693, 305.717, 305.666, 305.79, 305.724, 305.666, 305.656, 305.737, 305.685, 305.677, 305.786, 305.679, 305.669, 305.702, 305.647, 
Time to set up datastructures: 18597.5ms
302.914, 302.789, 302.848, 302.76, 302.954, 302.7, 302.872, 302.684, 302.782, 302.786, 302.745, 302.926, 303.046, 302.825, 302.726, 302.795, 302.772, 302.739, 302.719, 302.825, 302.661, 302.849, 302.818, 302.776, 302.717, 302.913, 302.757, 302.777, 302.855, 302.765, 302.64, 302.745, 303.362, 302.764, 302.809, 302.901, 302.662, 302.734, 302.87, 302.907, 302.733, 302.735, 302.884, 302.578, 302.829, 303.221, 302.689, 302.653, 302.862, 302.658, 302.607, 302.898, 302.892, 303.085, 302.654, 302.82, 302.757, 302.747, 302.678, 302.613, 302.901, 303.041, 302.761, 302.664, 302.774, 304.54, 302.725, 303.02, 302.824, 302.803, 302.786, 302.732, 302.824, 303.19, 302.859, 302.739, 302.727, 302.956, 302.884, 302.93, 302.715, 302.722, 302.744, 302.789, 302.592, 302.708, 302.897, 302.814, 302.812, 302.783, 302.706, 303.022, 302.815, 302.833, 302.94, 303.075, 302.713, 302.736, 302.771, 302.74, 
Time to set up datastructures: 18551.9ms
302.648, 302.549, 302.663, 302.549, 302.711, 302.934, 302.57, 302.662, 303.13, 302.594, 302.442, 302.528, 302.571, 302.514, 302.544, 302.67, 302.485, 302.5, 302.61, 302.592, 302.626, 302.676, 302.492, 302.567, 302.752, 302.67, 302.663, 302.618, 302.463, 302.474, 302.396, 302.49, 302.528, 302.639, 302.417, 302.596, 302.43, 302.623, 302.643, 302.469, 302.545, 302.532, 302.629, 302.513, 302.606, 302.433, 302.56, 302.496, 302.665, 302.476, 302.457, 302.68, 302.562, 302.533, 302.691, 302.596, 302.458, 302.484, 303.152, 302.542, 302.719, 302.462, 304.98, 302.545, 302.672, 302.469, 302.617, 302.68, 302.573, 302.57, 302.452, 303.339, 302.682, 302.698, 302.449, 302.589, 302.489, 302.568, 302.485, 303.112, 302.617, 302.549, 302.465, 302.464, 302.573, 302.687, 302.564, 302.762, 302.596, 302.45, 302.546, 304.265, 302.555, 302.717, 302.653, 302.696, 302.362, 302.613, 302.669, 302.592, 

run on commit: 13f96d2691d15f1db9e6fbb123ed75819301c34d