2 3 4 5 6 7 8 9 10 11 12 13 14
Running sequential algorithm
Time to set up datastructures: 3503.31ms
255.633, 255.711, 256.093, 255.695, 255.946, 255.979, 256.013, 255.714, 256.144, 255.864, 255.722, 255.757, 255.75, 255.941, 255.885, 255.609, 256.013, 256.586, 255.696, 255.78, 255.882, 255.854, 255.911, 255.626, 255.565, 255.627, 256.082, 255.734, 255.765, 255.899, 255.993, 255.666, 255.756, 256.168, 255.865, 255.64, 256.18, 256.234, 255.782, 255.632, 255.894, 255.74, 255.926, 256.055, 255.809, 255.952, 255.711, 255.961, 256.022, 255.939, 255.929, 255.618, 255.887, 255.923, 255.628, 255.742, 255.734, 255.625, 255.817, 255.802, 256.181, 255.93, 255.703, 255.606, 256.457, 255.565, 255.721, 255.735, 255.76, 255.944, 255.65, 255.759, 255.566, 255.552, 255.773, 256.244, 256.859, 255.773, 255.587, 255.718, 256.098, 255.654, 255.997, 255.657, 256.157, 255.927, 255.689, 255.898, 255.679, 255.69, 255.684, 255.75, 256.066, 255.723, 255.819, 256.156, 255.614, 256.024, 255.6, 255.819, 
Running OpenMP implementation
Time to set up datastructures: 4994.33ms
170.658, 170.595, 170.604, 170.827, 170.586, 170.693, 170.688, 170.617, 170.446, 170.461, 170.702, 170.905, 170.532, 170.563, 170.549, 170.515, 170.542, 170.734, 170.544, 170.526, 170.571, 170.573, 170.583, 170.738, 170.487, 170.946, 170.62, 170.552, 170.488, 170.626, 170.584, 170.446, 170.474, 170.49, 170.514, 170.528, 170.588, 170.482, 170.608, 170.628, 170.537, 170.492, 170.473, 170.581, 170.459, 170.502, 171.855, 170.508, 170.537, 170.662, 170.666, 170.516, 170.663, 170.762, 170.698, 170.478, 170.59, 170.519, 170.499, 170.493, 170.646, 170.943, 170.616, 170.54, 170.577, 170.611, 170.568, 170.625, 170.614, 170.691, 170.779, 170.527, 170.614, 170.597, 170.48, 170.682, 170.45, 170.903, 170.59, 170.47, 170.698, 170.448, 170.549, 170.528, 170.586, 170.637, 170.52, 170.626, 170.749, 170.504, 170.446, 170.554, 170.567, 170.881, 170.501, 170.567, 170.668, 170.505, 170.596, 170.786, 
Time to set up datastructures: 4145.48ms
144.4, 144.559, 144.546, 144.338, 144.552, 144.316, 144.548, 144.887, 144.308, 144.247, 144.435, 144.402, 144.367, 144.337, 144.295, 144.466, 144.53, 144.413, 144.526, 144.355, 144.325, 144.341, 144.253, 144.266, 144.346, 144.409, 144.378, 144.464, 144.588, 144.553, 144.536, 144.414, 144.417, 144.385, 144.654, 144.866, 144.227, 144.466, 144.395, 144.571, 144.269, 144.311, 144.549, 144.615, 144.487, 144.505, 144.577, 144.324, 144.322, 144.345, 144.431, 144.624, 144.337, 144.611, 144.23, 144.397, 144.302, 144.448, 144.381, 144.578, 144.287, 144.604, 145.089, 144.364, 144.253, 144.38, 144.446, 144.315, 144.282, 144.318, 144.318, 144.569, 144.78, 144.709, 144.275, 144.316, 144.271, 144.293, 144.257, 144.919, 144.408, 144.507, 144.33, 144.443, 144.275, 144.644, 144.556, 144.531, 144.295, 144.557, 144.859, 144.524, 144.201, 144.474, 144.276, 144.392, 144.3, 144.532, 144.408, 144.679, 
Time to set up datastructures: 7103.34ms
136.188, 136.132, 136.187, 136.144, 136.099, 136.407, 136.147, 136.331, 136.328, 136.156, 136.063, 136.196, 136.139, 136.263, 136.303, 136.023, 136.122, 136.22, 136.245, 136.176, 136.036, 136.273, 136.176, 136.234, 136.164, 136.075, 136.168, 136.134, 136.135, 136.112, 136.132, 136.232, 136.061, 136.26, 136.212, 136.236, 136.129, 136.248, 136.085, 136.142, 136.097, 136.141, 136.138, 136.192, 136.045, 136.224, 136.095, 136.239, 136.248, 136.038, 136.137, 136.201, 136.379, 136.289, 136.295, 136.114, 136.175, 136.208, 136.064, 136.205, 136.234, 136.137, 136.129, 136.196, 136.12, 136.218, 136.239, 136.349, 136.281, 136.157, 136.152, 136.185, 136.278, 136.104, 136.21, 135.999, 136.144, 136.353, 136.285, 136.321, 136.199, 136.246, 136.142, 136.218, 136.213, 135.997, 136.079, 136.463, 136.223, 136.181, 136.095, 136.13, 136.282, 136.176, 136.179, 136.137, 136.265, 136.089, 136.171, 136.119, 
Time to set up datastructures: 6520.51ms
134.846, 136.383, 134.694, 135.233, 135.114, 134.991, 134.789, 134.91, 134.598, 134.948, 134.995, 134.623, 134.81, 134.977, 134.867, 134.92, 135.022, 134.776, 134.487, 134.684, 134.901, 134.808, 134.962, 134.725, 134.934, 135.154, 134.92, 134.84, 134.551, 134.821, 135.141, 134.617, 134.638, 135.059, 134.989, 135.002, 134.639, 134.886, 135.015, 134.781, 134.666, 134.8, 134.691, 134.85, 134.578, 134.622, 134.736, 134.957, 134.751, 134.968, 134.656, 135.189, 134.617, 134.723, 134.727, 134.621, 134.723, 134.752, 134.587, 135.14, 134.902, 134.704, 134.787, 134.595, 134.972, 134.561, 134.969, 134.936, 134.651, 134.672, 135.14, 134.794, 134.749, 134.597, 134.511, 134.657, 134.785, 134.782, 134.855, 135.03, 135.053, 134.9, 134.718, 134.798, 134.872, 134.799, 134.696, 135.023, 134.808, 135.119, 134.823, 134.79, 135.011, 134.861, 134.901, 134.654, 134.625, 134.869, 134.549, 134.687, 
Time to set up datastructures: 7341.77ms
133.059, 133.233, 133.031, 132.989, 133.233, 132.857, 133.394, 133.161, 132.869, 133.412, 132.785, 133.37, 133.087, 133.411, 133.164, 132.776, 133.195, 133.132, 133.306, 133.051, 133.301, 133.226, 133.068, 133.178, 133.231, 133.007, 133.202, 132.925, 132.963, 133.011, 132.841, 133.278, 132.983, 133.124, 133.163, 132.975, 133.202, 132.895, 133.302, 133.2, 132.878, 133.332, 133.127, 133.254, 133.323, 133.051, 133.121, 132.834, 132.966, 133.068, 133.006, 133.36, 133.295, 133.16, 133.307, 133.095, 133.089, 133.157, 132.924, 133.048, 133.109, 133.314, 133.075, 133.178, 132.651, 133.311, 133.228, 133.288, 133.242, 133.088, 132.775, 132.669, 133.176, 132.96, 132.546, 133.345, 133.073, 133.138, 133.032, 133.16, 133.032, 133.01, 133.131, 133.232, 133.172, 133.318, 132.888, 133.102, 132.764, 132.94, 132.977, 133.158, 133.218, 133.154, 133.047, 132.927, 132.756, 132.99, 133.159, 133.293, 
Time to set up datastructures: 7189.62ms
129.53, 130.04, 129.901, 129.778, 129.851, 129.82, 129.925, 129.8, 129.956, 129.81, 130.268, 129.892, 129.889, 129.845, 129.927, 129.912, 129.778, 129.94, 129.792, 129.716, 129.826, 129.862, 129.876, 129.966, 129.967, 129.919, 129.409, 130.072, 130.132, 129.9, 129.836, 129.758, 129.853, 130.098, 130.049, 130.043, 129.736, 129.925, 129.898, 129.933, 129.879, 129.763, 129.78, 130.383, 129.967, 129.986, 129.661, 129.936, 129.993, 129.816, 129.795, 129.78, 129.792, 130.062, 129.915, 129.797, 130.043, 129.871, 129.818, 129.918, 130.006, 130.087, 129.854, 129.875, 129.937, 129.827, 130.018, 129.824, 129.892, 129.963, 129.763, 129.786, 129.866, 129.821, 130.315, 129.878, 129.951, 129.818, 129.832, 129.917, 129.793, 128.734, 129.933, 129.787, 129.82, 130.019, 129.967, 129.813, 129.784, 129.879, 129.965, 129.902, 130.052, 129.958, 129.873, 129.85, 129.905, 130.013, 129.833, 129.743, 
Time to set up datastructures: 7238.5ms
127.23, 127.14, 126.712, 127.371, 127.182, 127.227, 127.395, 127.406, 127.134, 127.147, 126.984, 127.526, 127.453, 127.193, 127.638, 127.474, 127.182, 127.549, 127.419, 127.258, 127.375, 127.27, 127.049, 127.498, 127.243, 127.39, 127.444, 127.318, 127.108, 127.404, 127.287, 126.461, 127.469, 127.122, 126.783, 127.243, 127.357, 126.981, 127.655, 127.487, 127.378, 127.153, 127.604, 126.848, 127.618, 127.221, 127.443, 126.906, 127.185, 127.132, 126.736, 127.343, 126.903, 127.273, 126.621, 127.07, 127.385, 127.359, 127.001, 126.67, 127.111, 127.658, 126.62, 127.086, 127.531, 127.122, 126.538, 127.543, 127.208, 127.476, 127.145, 127.537, 126.819, 127.619, 127.008, 127.379, 127.153, 127.548, 127.43, 127.118, 127.412, 127.461, 127.269, 126.704, 127.628, 127.05, 127.123, 127.307, 126.768, 127.544, 126.879, 127.511, 127.469, 127.221, 127.223, 127.145, 126.264, 127.608, 126.941, 127.296, 
Time to set up datastructures: 7219.32ms
127.307, 126.082, 127.111, 127.148, 126.128, 126.08, 126.989, 127.265, 127.105, 126.929, 127.019, 126.035, 125.681, 127.07, 127.302, 127.193, 127.195, 127.028, 126.228, 127.172, 127.087, 127.095, 127.094, 127.166, 127.331, 127.076, 126.126, 124.358, 124.45, 125.685, 125.882, 127.321, 127.1, 127.146, 127.206, 127.291, 127.161, 127.085, 126.042, 125.841, 126.005, 125.896, 127.21, 127.055, 127.052, 126.051, 126.107, 126.034, 126.983, 127.188, 127.159, 127.086, 127.181, 127.061, 127.176, 126.134, 125.985, 126.006, 126.801, 125.897, 125.9, 127.086, 127.138, 127.247, 127.219, 126.013, 124.044, 126.089, 124.756, 126.635, 127.111, 127.107, 126.135, 126.663, 127.11, 127.055, 127.38, 126.002, 127.167, 127.247, 125.988, 126.159, 126.023, 125.982, 126.793, 126.967, 127.168, 126.203, 125.951, 127.79, 126.976, 126.043, 125.985, 127.517, 127.189, 127.038, 127.124, 127.076, 127.231, 127.154, 
Time to set up datastructures: 7388.27ms
124.315, 123.354, 123.598, 123.428, 124.153, 125.31, 124.373, 126.074, 124.614, 124.099, 123.48, 124.164, 124.7, 123.638, 124.225, 124.032, 124.123, 124.15, 124.237, 123.526, 124.45, 124.074, 124.013, 124.189, 124.027, 123.39, 124.25, 125.359, 124.458, 125.487, 124.142, 123.979, 124.069, 124.123, 124.14, 124.5, 124.084, 123.606, 124.234, 125.989, 124.178, 124.19, 124.306, 124.179, 125.498, 124.28, 124.092, 124.099, 124.245, 123.561, 124.533, 124.206, 124.202, 123.199, 125.443, 124.281, 123.513, 124.14, 125.28, 124.227, 124.368, 124.172, 124.003, 123.959, 124.062, 124.022, 125.058, 124.643, 124.124, 123.477, 123.928, 124.255, 124.29, 124.363, 124.102, 123.903, 124.227, 124.478, 124.409, 124.099, 125.432, 124.383, 123.647, 125.034, 124.317, 124.153, 123.98, 125.329, 124.145, 124.643, 124.118, 124.125, 124.256, 123.602, 124.464, 124.295, 125.452, 123.854, 124.943, 124.259, 
Time to set up datastructures: 7162.74ms
129.119, 129.516, 129.314, 128.655, 129.234, 128.666, 129.211, 128.907, 129.156, 128.891, 129.764, 128.548, 129.411, 128.725, 129.423, 128.848, 129.116, 129.073, 129.137, 128.993, 129.124, 129.493, 128.704, 129.144, 128.98, 129.086, 129.689, 129.102, 128.815, 129.074, 129.767, 128.843, 128.754, 129.646, 128.775, 128.999, 129.334, 128.886, 129.167, 129.212, 129.236, 129.144, 128.8, 128.944, 129.214, 128.683, 128.933, 129.501, 128.435, 129.361, 128.845, 129.053, 129.106, 128.914, 129.439, 129.334, 129.55, 128.822, 129.049, 129.417, 128.743, 129.277, 129.183, 129.613, 129.206, 129.354, 128.663, 129.16, 129.461, 128.858, 129.034, 129.751, 128.788, 129.099, 128.993, 129.328, 128.912, 129.446, 128.55, 129.108, 128.904, 129.259, 129.425, 128.854, 128.633, 128.964, 129.547, 129.161, 129.363, 129.225, 128.649, 128.981, 128.734, 129.073, 128.923, 129.609, 128.925, 129.064, 129.33, 128.794, 
Time to set up datastructures: 7222.45ms
129.077, 128.924, 128.878, 128.736, 128.83, 128.986, 128.612, 128.943, 128.549, 128.885, 128.962, 128.757, 129.01, 128.689, 128.799, 128.601, 129.281, 128.621, 128.896, 128.854, 128.889, 128.669, 128.785, 128.799, 128.73, 128.838, 129.005, 128.678, 128.873, 128.78, 128.784, 128.755, 128.728, 128.746, 128.867, 128.554, 128.695, 128.863, 128.923, 128.905, 128.91, 128.831, 128.721, 129.169, 128.699, 128.787, 129.067, 128.724, 128.67, 128.922, 128.695, 129.365, 128.523, 129.012, 129.275, 128.984, 128.73, 128.96, 129.173, 128.65, 129.069, 128.781, 129.417, 128.73, 128.93, 128.75, 128.639, 128.724, 129.149, 128.864, 129.436, 128.693, 128.525, 128.407, 128.883, 128.725, 128.844, 128.715, 128.554, 128.616, 128.951, 128.627, 128.928, 128.759, 128.781, 129.079, 128.513, 129.259, 128.677, 129.01, 129.066, 128.831, 128.796, 129.29, 128.734, 129.024, 128.548, 129.218, 128.735, 128.605, 
Time to set up datastructures: 7279.83ms
128.742, 128.629, 128.286, 128.771, 128.635, 128.78, 128.632, 128.575, 128.549, 128.642, 128.726, 128.673, 128.708, 128.57, 128.768, 128.664, 128.709, 128.716, 128.824, 128.701, 128.795, 128.835, 128.648, 128.831, 128.607, 128.675, 128.702, 128.629, 128.593, 128.638, 128.759, 128.569, 128.647, 128.534, 128.65, 128.677, 128.56, 128.528, 128.635, 128.59, 128.848, 128.643, 128.668, 128.776, 128.646, 128.548, 128.744, 128.845, 128.873, 130.14, 128.071, 128.73, 128.722, 128.809, 128.749, 128.679, 128.532, 128.628, 128.628, 128.628, 128.559, 128.715, 128.531, 128.637, 128.775, 128.671, 128.654, 128.577, 128.664, 128.685, 128.946, 128.627, 128.67, 128.707, 128.659, 128.82, 128.593, 128.558, 128.69, 128.562, 128.554, 128.736, 128.763, 128.652, 128.655, 128.665, 128.649, 128.76, 128.827, 128.747, 128.624, 128.78, 128.685, 128.529, 128.737, 128.633, 128.625, 128.662, 128.632, 128.619, 
Time to set up datastructures: 7445.74ms
123.306, 123.511, 122.964, 123.279, 123.526, 122.765, 123.175, 123.406, 123.354, 123.293, 122.753, 123.227, 122.856, 123.294, 122.71, 123.236, 122.914, 123.37, 123.345, 123.341, 122.958, 124.055, 123.392, 124.17, 124.433, 123.889, 124.209, 124.291, 124.183, 122.19, 123.225, 122.991, 123.452, 123.405, 123.392, 123.41, 123.32, 123.374, 123.371, 123.452, 123.289, 122.231, 123.393, 123.207, 123.342, 123.319, 123.358, 123.366, 122.524, 123.421, 123.56, 123.478, 122.998, 123.31, 123.067, 123.296, 122.898, 123.188, 123.447, 123.475, 123.175, 123.439, 123.507, 123.304, 122.883, 123.263, 123.059, 123.487, 121.543, 123.432, 123.294, 123.195, 123.284, 122.788, 123.294, 123.249, 123.303, 122.906, 123.311, 123.376, 123.309, 122.362, 123.223, 122.863, 123.329, 123.234, 123.117, 123.294, 123.238, 123.286, 123.412, 123.347, 123.198, 123.276, 123.265, 123.408, 123.348, 123.351, 123.11, 123.309, 
Running TBB implementation
Time to set up datastructures: 5269.54ms
187.144, 187.066, 187.372, 187.15, 187.309, 187.159, 187.2, 187.101, 187.041, 187.236, 187.035, 187.055, 187.272, 187.093, 187.087, 187.032, 187.031, 187.167, 187.237, 187.155, 187.192, 187.071, 187.179, 187.284, 187.189, 187.25, 187.239, 187.157, 187.075, 187.197, 187.046, 187.09, 187.154, 187.153, 187.164, 187.112, 187.091, 187.192, 187.085, 187.23, 187.088, 187.036, 187.037, 187.149, 187.223, 187.06, 187.112, 187.379, 187.193, 187.096, 187.116, 187.163, 187.112, 187.077, 187.217, 187.135, 187.203, 187.184, 186.98, 187.12, 187.065, 187.073, 187.095, 186.953, 187.062, 187.309, 187.271, 187.215, 187.439, 187.073, 187.045, 187.046, 187.094, 187.336, 186.925, 187.142, 187.209, 187.077, 187.131, 187.702, 187.119, 187.029, 187.293, 187.295, 187.151, 187.007, 187.28, 187.175, 187.116, 187.116, 187.217, 187.082, 187.199, 187.179, 187.116, 187.17, 187.089, 187.18, 187.294, 187.45, 
Time to set up datastructures: 4152.14ms
146.408, 149.327, 149.254, 149.27, 148.104, 146.892, 147.102, 150.419, 144.606, 151.033, 148.106, 147.615, 147.381, 145.2, 148.875, 147.415, 146.199, 147.39, 150.078, 147.156, 148.419, 146.48, 147.878, 149.113, 146.529, 147.572, 149.257, 149.277, 149.252, 145.276, 146.8, 149.334, 146.78, 150.927, 147.279, 150.664, 150.648, 147.892, 146.429, 146.874, 147.139, 149.102, 149.215, 147.546, 149.079, 146.877, 146.729, 149.226, 148.887, 149.902, 148.238, 146.617, 149.515, 144.922, 148.156, 146.95, 150.993, 145.191, 146.276, 145.951, 149.206, 148.079, 148.746, 147.862, 146.019, 148.674, 150.873, 145.803, 148.373, 148.627, 149.291, 148.828, 147.115, 151.348, 145.561, 148.893, 146.442, 151.056, 147.453, 146.326, 146.028, 147.229, 149.787, 149.844, 148.349, 149.134, 146.324, 147.482, 148.014, 148.36, 146.117, 147.507, 148.14, 147.406, 146.066, 151.154, 147.512, 146.377, 147.063, 148.576, 
Time to set up datastructures: 7096.46ms
127.82, 142.786, 143.527, 142.564, 125.666, 142.478, 143.087, 143.371, 143.229, 142.928, 135.917, 126.073, 142.472, 142.987, 135.342, 131.801, 134.858, 143.117, 135.611, 124.306, 131.546, 143.207, 126.932, 125.768, 129.06, 135.092, 143.033, 129.195, 136.968, 142.505, 137.402, 136.423, 143.3, 134.905, 142.975, 127.961, 133.952, 141.904, 128.643, 137.043, 130.202, 144.275, 142.796, 143.246, 134.343, 132.79, 137.054, 143.162, 131.706, 135.488, 143.146, 142.777, 142.735, 135.696, 136.436, 125.451, 142.33, 135.582, 130.929, 134.441, 124.248, 143.477, 143.097, 128.439, 143.187, 124.396, 135.075, 127.009, 137.539, 131.529, 126.079, 141.835, 143.016, 126.749, 134.67, 143.985, 135.49, 142.721, 143.076, 131.317, 142.488, 142.607, 130.001, 129.26, 144.193, 137.275, 141.996, 142.609, 135.276, 142.745, 136.883, 130.773, 143.712, 129.817, 137.488, 143.229, 132.571, 143.024, 136.322, 136.245, 
Time to set up datastructures: 6494.73ms
129.915, 124.21, 128.334, 121.645, 127.777, 137.067, 116.944, 130.008, 131.981, 129.64, 126.42, 128.509, 126.856, 125.279, 116.776, 133.384, 128.465, 133.464, 124.068, 126.938, 122.621, 127.635, 128.816, 134.973, 120.171, 131.01, 130.339, 127.928, 130.834, 136.572, 127.823, 126.906, 128.318, 125.104, 135.726, 128.276, 132.151, 129.831, 122.797, 127.135, 131.45, 128.322, 119.542, 136.989, 126.844, 127.554, 122.731, 123.198, 124.223, 136.418, 127.636, 136.046, 134.941, 126.695, 129.059, 136.732, 124.953, 136.949, 134.119, 127.991, 124.126, 118.591, 124.268, 125.295, 134.925, 129.746, 134.877, 130.461, 128.32, 129.885, 132.605, 127.14, 127.14, 125.722, 126.722, 129.948, 134.158, 121.658, 128.903, 124.873, 121.974, 124.377, 123.846, 130.728, 120.509, 119.028, 135.348, 129.11, 121.982, 123.493, 129.517, 128.228, 135.207, 129.056, 127.19, 127.573, 117.733, 126.975, 121.454, 130.638, 
Time to set up datastructures: 7175.57ms
113.002, 122.517, 122.85, 121.962, 125.268, 126.158, 125.863, 123.685, 122.243, 133.786, 122.411, 120.939, 131.133, 127.213, 130.979, 124.469, 122.98, 131.144, 130.09, 130.758, 128.017, 120.627, 119.979, 127.407, 120.904, 122.558, 121.197, 129.147, 124.887, 122.178, 121.541, 129.537, 126.641, 128.528, 121.723, 120.915, 124.222, 129.578, 128.026, 122.692, 126.239, 118.499, 121.161, 126.09, 129.046, 126.801, 129.191, 121.879, 130.579, 132.195, 121.394, 122.045, 122.346, 126.739, 127.101, 123.053, 117.447, 118.553, 126.895, 127.223, 135.882, 119.701, 126.181, 125.057, 124.247, 126.432, 124.209, 122.004, 122.95, 126.656, 126.302, 126.402, 122.949, 130.709, 113.988, 120.714, 131.72, 130.898, 127.592, 128.146, 129.605, 123.486, 119.8, 131.092, 128.261, 115.988, 125.914, 125.888, 120.178, 129.589, 120.664, 126.29, 121.237, 129.455, 131.48, 114.986, 126.093, 128.263, 124.584, 126.257, 
Time to set up datastructures: 7388.44ms
121.59, 125.84, 122.956, 125.501, 126.023, 129.22, 129.503, 115.524, 126.374, 120.743, 128.775, 126.404, 117.843, 123.444, 123.698, 123.186, 127.377, 118.77, 128.052, 124.773, 120.839, 124.918, 130.092, 118.894, 127.173, 122.791, 120.287, 122.625, 123.782, 127.484, 128.699, 129.957, 128.233, 118.647, 122.786, 122.981, 130.007, 120.619, 121.779, 122.268, 122.82, 126.201, 118.204, 121.767, 129.004, 116.658, 122.347, 130.06, 116.889, 115.684, 125.806, 131.026, 127.784, 128.476, 112.274, 118.238, 119.725, 120.991, 120.449, 127.287, 119.512, 127.778, 126.199, 126.846, 120.439, 122.451, 127.53, 122.87, 120.471, 123.459, 121.622, 119.872, 132.205, 117.049, 119.633, 120.472, 127.631, 124.176, 120.491, 127.457, 126.836, 118.644, 120.091, 125.662, 122, 131.172, 119.906, 123.447, 118.851, 123.271, 131.284, 118.835, 125.53, 127.819, 121.612, 120.878, 122.729, 122.222, 122.436, 128.822, 
Time to set up datastructures: 6922.67ms
125.01, 114.827, 118.244, 127.075, 120.028, 119.171, 120.836, 122.653, 124.416, 130.564, 121.429, 120.565, 122.943, 130.58, 113.015, 121.888, 129.796, 123.318, 109.462, 119.016, 120.356, 118.319, 113.555, 123.939, 116.823, 121.631, 126.376, 121.26, 120.593, 126.159, 119.174, 130.244, 119.194, 119.292, 119.755, 123.247, 117.6, 127.355, 115.512, 115.253, 121.419, 115.821, 125.016, 121.883, 123.62, 119.618, 123.723, 118.182, 118.397, 123.146, 112.861, 125.729, 119.346, 124.734, 126.468, 120.745, 118.845, 125.188, 125.515, 124.885, 120.985, 115.701, 130.893, 115.03, 119.403, 122.446, 111.537, 105.702, 127.091, 119.824, 121.34, 120.078, 125.04, 121.972, 118.494, 114.717, 121.847, 127.706, 123.539, 121.336, 125.675, 124.984, 124.228, 121.089, 121.699, 118.181, 115.299, 129.542, 115.065, 123.866, 127.041, 125.523, 128.038, 122.484, 116.4, 122.216, 115.266, 121.368, 120.648, 123.895, 
Time to set up datastructures: 7373.35ms
123.234, 123.024, 111.995, 128.241, 124.215, 119.707, 125.287, 123.764, 121.76, 115.409, 115.824, 123.736, 110.815, 122.473, 112.144, 120.552, 116.478, 110.811, 118.475, 124.5, 121.467, 119.807, 123.38, 114.068, 122.754, 119.678, 129.51, 113.659, 117.433, 113.879, 121.983, 114.681, 121.736, 119.876, 111.738, 123.719, 123.898, 120.822, 127.487, 117.453, 124.106, 117.784, 117.458, 120.86, 125.161, 119.552, 123.942, 122.502, 129.41, 122.285, 119.903, 119.68, 121.993, 116.748, 126.342, 115.936, 120.027, 128.004, 120.109, 121.777, 119.551, 127.791, 120.769, 114.731, 113.903, 118.123, 107.534, 118.038, 115.225, 123.059, 120.343, 125.236, 124.872, 118.875, 110.921, 121.668, 119.878, 121.264, 119.125, 120.661, 120.258, 125.381, 114.622, 121.642, 113.372, 121.044, 119.722, 116.916, 118.456, 127.907, 127.241, 121.076, 128.037, 115.512, 114.653, 111.563, 123.229, 116.145, 124.434, 122.362, 
Time to set up datastructures: 7326.36ms
116.47, 125.012, 118.176, 122.538, 108.686, 114.253, 113.168, 117.596, 119.227, 115.596, 117.846, 114.455, 124.779, 111.828, 124.543, 126.337, 121.165, 119.294, 108.191, 121.409, 116.465, 123.023, 98.49, 125.358, 123.403, 122.98, 108.784, 124.311, 121.171, 110.903, 118.609, 121.346, 118.148, 122.259, 114.352, 117.812, 117.47, 119.812, 120.336, 123.051, 113.331, 112.464, 124.319, 117.279, 117.144, 122.281, 122.482, 115.907, 118.309, 115.569, 115.304, 123.124, 119.102, 120.228, 119.695, 119.821, 113.561, 114.683, 118.989, 125.517, 124.925, 122.253, 127.836, 113.271, 119.963, 125.199, 125.655, 118.704, 117.842, 112.089, 111.617, 124.931, 121.045, 111.342, 124.575, 111.569, 121.61, 107.963, 120.949, 113.22, 126.199, 120.709, 121.586, 124.634, 119.182, 119.102, 111.968, 117.497, 118.891, 123.611, 121.646, 115.896, 126.095, 117.456, 122.207, 114.136, 120.818, 106.851, 123.394, 108.233, 
Time to set up datastructures: 7088.84ms
120.966, 122.199, 123.337, 119.536, 122.686, 111.779, 119.514, 121.79, 116.352, 118.271, 119.244, 120.448, 122.434, 117.517, 120.879, 113.676, 109.257, 110.415, 124.777, 119.709, 115.14, 126.513, 117.655, 119.27, 123.712, 117.75, 118.646, 115.123, 121.075, 121.869, 121.723, 122.218, 121.11, 107.585, 125.077, 120.675, 116.561, 116.709, 118.305, 114.727, 122.951, 122.03, 105.292, 125.685, 122.182, 124.062, 117.028, 108.106, 125.057, 122.148, 109.408, 121.943, 118.903, 113.095, 123.959, 121.176, 112.568, 125.17, 115.654, 122.76, 115.338, 108.245, 114.226, 121.787, 117.417, 117.385, 112.597, 113.887, 118.529, 114.365, 121.767, 120.176, 122.324, 110.527, 116.791, 116.279, 124.726, 118.518, 105.628, 115.404, 114.458, 115.604, 118.48, 118.052, 109.423, 120.093, 120.013, 116.736, 112.012, 102.637, 106.077, 118.098, 121.856, 119.038, 116.388, 126.278, 119.98, 110.419, 126.72, 113.76, 
Time to set up datastructures: 7321.18ms
119.839, 115.596, 102.533, 119.518, 116.284, 113.88, 116.231, 120.239, 119.319, 124.143, 120.95, 120.188, 119.769, 123.671, 109.8, 118.751, 119.76, 116.79, 123.39, 115.237, 118.585, 121.893, 120.814, 116.234, 123.721, 112.628, 120.679, 117.715, 111.325, 115.973, 111.716, 119.128, 121.531, 122.239, 117.427, 122.613, 119.36, 120.1, 114.378, 126.807, 104.676, 122.167, 112.791, 125.646, 112.343, 118.717, 117.393, 106.026, 118.611, 120.08, 120.999, 124.883, 116.552, 116.371, 120.583, 119.835, 119.274, 120.686, 120.993, 115.805, 117.798, 118.741, 116.973, 118.233, 117.522, 115.565, 122.455, 117.331, 117.083, 111.129, 107.166, 121.94, 119.34, 116.104, 116.962, 105.02, 115.764, 122.338, 118.292, 113.16, 120.219, 121.416, 115.83, 109.452, 123.342, 120.316, 113.301, 121.269, 99.993, 118.532, 113.684, 119.397, 118.531, 110.707, 110.923, 123.297, 117.731, 124.549, 121.999, 117.325, 
Time to set up datastructures: 7055.51ms
118.073, 108.661, 110.712, 121.61, 124.067, 121.065, 111.231, 106.96, 123.421, 119.594, 117.326, 109.451, 121.941, 116.17, 121.412, 116.829, 121.539, 120.531, 114.293, 113.754, 114.392, 117.926, 120.023, 116.285, 117.884, 120.059, 122.664, 113.482, 103.761, 123.645, 121.033, 123.438, 105.557, 121.363, 119.629, 118.066, 119.931, 110.815, 117.332, 111.225, 120.336, 120.496, 120.955, 112.539, 122.39, 119.241, 122.34, 106.456, 116.429, 119.359, 108.028, 115.082, 118.852, 119.693, 123.586, 108.449, 121.077, 107.258, 101.984, 122.258, 115.17, 120.642, 110.148, 122.537, 121.884, 124.401, 124.893, 116.149, 111.515, 115.711, 112.099, 119.363, 116.517, 121.754, 118.544, 117.561, 117.776, 120.728, 118.022, 109.438, 118.365, 120.341, 121.388, 116.99, 119.542, 122.653, 121.577, 120.074, 120.227, 124.575, 110.19, 112.595, 119.637, 101.204, 122.689, 117.854, 115.134, 116.303, 117.882, 122.681, 
Time to set up datastructures: 7186.96ms
108.658, 119.611, 115.87, 109.352, 121.341, 103.407, 115.338, 118.14, 115.698, 113.791, 117.407, 113.252, 109.01, 120.383, 109.602, 114.813, 110.155, 109.942, 120.171, 115.4, 120.495, 110.726, 116.834, 119.493, 124.788, 123.611, 116.574, 110.576, 117.707, 111.699, 117.043, 116.624, 116.089, 120.843, 106.274, 121.581, 119.74, 108.223, 110.555, 115.967, 121.112, 109.404, 116.035, 114.037, 122.64, 111.254, 117.227, 122.007, 122.884, 120.176, 120.398, 123.209, 120.543, 122.08, 112.458, 107.56, 124.729, 116.302, 119.423, 109.784, 112.722, 118.566, 109.342, 111.779, 119.942, 117.186, 108.295, 122.609, 110.082, 119.151, 114.752, 116.084, 120.305, 120.521, 116.985, 116.858, 105.239, 126.163, 115.792, 114.149, 123.021, 121.769, 113.93, 112.135, 113.705, 116.837, 114.963, 120.31, 115.423, 112.656, 123.943, 118.953, 115.209, 123.636, 119.775, 119.021, 112.492, 115.651, 113.248, 109.574, 
Running TBB_graphs implementation with double the amount of partitions than threads
Time to set up datastructures: 3471.59ms
190.357, 184.269, 185.303, 190.123, 185.637, 185.649, 184.619, 186.472, 190.042, 186.434, 193.634, 191.648, 186.284, 189.295, 187.98, 188.625, 188.969, 186.956, 187.182, 186.239, 192.081, 184.685, 185.326, 187.011, 187.329, 191.575, 188.92, 186.92, 185.418, 189.717, 189.642, 190.179, 190.137, 186.378, 189.384, 186.215, 188.67, 185.925, 189.055, 193.809, 193.171, 185.865, 185.106, 187.875, 187.1, 192.103, 190.713, 186.329, 186.578, 193.388, 189.304, 186.539, 192.839, 187.36, 188.237, 191.148, 188.738, 186.402, 189.271, 188.207, 190.428, 186.77, 187.482, 184.326, 189.521, 188.217, 193.666, 189.283, 191.844, 188.936, 190.135, 190.465, 187.558, 186.594, 186.708, 185.742, 188.357, 189.997, 194.166, 190.945, 186.552, 185.912, 186.134, 184.925, 186.271, 188.68, 186.485, 193.39, 189.035, 189.348, 184.869, 184.92, 185.957, 187.726, 188.507, 190.084, 184.315, 184.85, 191.012, 186.758, 
Time to set up datastructures: 3474.89ms
152.867, 156.93, 155.061, 153.511, 156.568, 153.676, 160.361, 154.346, 156.221, 154.705, 156.882, 155.823, 155.037, 153.886, 151.306, 153.216, 155.145, 155.12, 155.618, 154.455, 155.313, 156.493, 158.01, 156.459, 156.969, 157.457, 160.415, 157.164, 157.672, 156.823, 158.671, 156.183, 154.029, 158.679, 156.842, 154.792, 157.076, 154.251, 158.445, 153.983, 156.351, 156.228, 154.036, 155.849, 155.73, 155.656, 153.231, 153.757, 155.525, 155.094, 155.145, 156.671, 158.162, 156.955, 155.124, 157.572, 157.611, 157.264, 155.324, 158.621, 158.544, 154.32, 154.431, 151.904, 154.551, 154.634, 149.08, 157.006, 155.976, 158.33, 157.901, 153.814, 157.111, 151.413, 154.896, 159.205, 160.876, 157.195, 158.722, 155.298, 158.051, 158.475, 158.094, 158.337, 158.986, 153.067, 156.201, 149.84, 156.407, 151.349, 157.154, 156.659, 157.325, 153.85, 152.501, 159.021, 160.171, 156.168, 158.227, 152.111, 
Time to set up datastructures: 3491.81ms
140.598, 131.929, 144.023, 140.719, 138.489, 142.464, 135.528, 144.811, 143.822, 137.821, 140.874, 140.549, 140.497, 144.131, 139.434, 141.68, 140.362, 139.8, 140.661, 135.053, 139.587, 142.656, 143.411, 143.442, 133.237, 135.842, 142.199, 143.121, 143.562, 145.688, 140.064, 142.381, 144.481, 136.944, 140.613, 146.99, 140, 144.751, 139.303, 141.814, 140.986, 143.5, 138.683, 143.747, 143.147, 146.663, 139.909, 142.925, 142.008, 140.596, 144.074, 141.357, 140.818, 136.665, 138.983, 140.338, 147.306, 135.64, 139.95, 140.664, 140.817, 139.851, 143.955, 142.062, 139.722, 138.109, 137.094, 140.545, 143.946, 141.974, 134.41, 142.026, 148.203, 136.605, 146.88, 141.047, 141.864, 147.802, 146.218, 142.638, 138.569, 144.538, 142.907, 139.39, 136.401, 144.302, 138.474, 138.189, 144.824, 138.929, 140.955, 141.239, 145.228, 140.395, 140.773, 136.816, 139.134, 140.526, 139.874, 139.1, 
Time to set up datastructures: 3479.37ms
127.455, 131.193, 135.421, 138.542, 130.447, 129.929, 138.459, 131.628, 130.303, 136.165, 139.082, 132.815, 138.174, 134.489, 137.175, 138.179, 131.402, 134.021, 138.033, 136.21, 136.09, 138.203, 131.813, 128.076, 134.204, 128.682, 134.844, 133.855, 134.494, 137.35, 134.392, 136.858, 130.251, 137.209, 136.911, 127.682, 134.395, 129.908, 133.987, 130.142, 132.036, 133.977, 130.538, 127.798, 135.836, 132.962, 127.995, 141.455, 127.565, 136.255, 128.782, 140.308, 135.188, 129.039, 133.202, 140.923, 137.412, 137.537, 136.29, 130.346, 137.637, 134.086, 133.261, 135.708, 136.786, 126.912, 129.281, 137.274, 137.359, 135.977, 135.82, 138.071, 133.636, 129.82, 130.962, 132.615, 136.817, 126.308, 135.79, 136.095, 134.802, 131.619, 139.646, 136.595, 130.664, 131.979, 134.189, 132.458, 131.667, 133.732, 138.765, 131.548, 132.256, 131.755, 139.09, 131.024, 129.018, 131.155, 131.255, 132.415, 
Time to set up datastructures: 3480.93ms
122.957, 125.896, 140.687, 128.617, 124.726, 131.982, 125.035, 129.371, 133.843, 131.833, 131.06, 145.175, 132.224, 133.396, 134.984, 128.613, 133.177, 130.994, 125.547, 127.469, 128.081, 135.594, 134.042, 124.7, 129.205, 132.068, 131.306, 130.341, 134.935, 136.473, 133.194, 126.44, 131.304, 135.142, 128.004, 135.102, 138.763, 126.062, 128.892, 129.473, 133.649, 129.945, 128.893, 132.582, 130.449, 130.214, 129.775, 135.08, 132.835, 132.939, 134.641, 127.424, 132.633, 131.876, 137.71, 135.659, 128.047, 133.847, 131.114, 131.894, 135.06, 135.417, 133.591, 130.248, 132.41, 124.906, 124.944, 125.818, 131.825, 127.167, 143.9, 138.984, 133.032, 129.863, 133.018, 129.793, 127.802, 133.576, 127.734, 133.264, 125.917, 138.342, 125.887, 128.036, 135.408, 132.492, 129.88, 130.323, 128.593, 133.053, 130.807, 125.21, 135.649, 127.685, 135.231, 137.083, 128.147, 133.292, 130.713, 128.872, 
Time to set up datastructures: 3491.66ms
128.22, 127.986, 116.633, 131.734, 132.168, 128.812, 126.881, 131.1, 131.747, 127.399, 133.536, 128.796, 121.743, 120.041, 126.958, 130.221, 133.662, 133.065, 129.136, 129.185, 122.853, 130.172, 122.583, 130.422, 131.902, 126.151, 131.009, 132.71, 131.311, 129.672, 123.35, 127.474, 130.095, 128.091, 125.936, 125.074, 129.906, 134.179, 126.822, 128.012, 130.022, 125.938, 118.246, 129.446, 121.717, 132.508, 129.327, 125.636, 125.229, 131.338, 125.992, 123.562, 128.403, 132.828, 132.416, 124.65, 129.7, 130.054, 133.158, 123.985, 129.093, 131.017, 121.234, 130.606, 124.97, 131.782, 126.799, 121.285, 126.575, 128.715, 130.469, 131.22, 128.227, 125.551, 131.761, 126.547, 131.972, 131.109, 124.688, 130.589, 129.001, 125.62, 126.493, 131.493, 134.135, 124.022, 131.49, 124.298, 126.557, 125.505, 125.297, 132.375, 130.382, 137.706, 123.369, 126.46, 125.353, 124.749, 126.559, 131.968, 
Time to set up datastructures: 3473.77ms
137.855, 122.423, 126.544, 135.963, 123.142, 126.147, 129.712, 129.539, 124.559, 130.987, 115.76, 124.004, 120.069, 131.363, 130.789, 128.226, 128.972, 125.545, 125.973, 130.441, 126.468, 126.73, 126.501, 120.702, 122.432, 128.821, 128.097, 126.584, 129.24, 130.833, 120.445, 130.701, 129.919, 126.915, 126.704, 125.636, 131.061, 129.916, 127.4, 123.899, 130.259, 128.535, 125.829, 127.091, 123.474, 130.144, 129.645, 124.402, 130.384, 126.994, 123.589, 128.534, 128.208, 127.409, 116.547, 129.617, 135.769, 127.269, 127.199, 126.136, 131.703, 131.398, 126.986, 128.353, 128.478, 132.551, 126.501, 127.385, 126.502, 126.32, 129.756, 125.185, 129.271, 128.114, 125.033, 129.755, 123.735, 123.276, 125.928, 126.515, 135.154, 129.125, 128.066, 132.434, 125.773, 127.991, 121.758, 129.348, 126.487, 126.668, 123.005, 122.787, 128.017, 130.822, 128.72, 125.892, 129.463, 125.05, 129.722, 123.287, 
Time to set up datastructures: 3493.45ms
119.886, 114.771, 121.835, 128.406, 126.479, 126.668, 120.676, 124.409, 125.249, 122.022, 121.487, 120.99, 125.438, 123.021, 126.057, 119.129, 120.38, 125.425, 124.076, 126.847, 122.314, 129.254, 121.084, 119.753, 127.311, 125.58, 117.621, 122.175, 125.478, 124.96, 120.006, 120.933, 120.579, 124.323, 116.762, 126.237, 125.392, 116.083, 115.759, 124.869, 121, 121.907, 120.893, 126.329, 124.622, 122.556, 121.939, 121.615, 125.035, 122.098, 123.646, 122.389, 126.753, 124.462, 118.096, 125.852, 118.868, 129.71, 124.888, 121.345, 126.053, 126.448, 125.447, 119.311, 122.863, 121.16, 122.016, 117.794, 118.054, 131.211, 122.568, 122.709, 128.796, 123.635, 121.88, 125.071, 113.126, 116.368, 128.1, 121.49, 124.014, 118.977, 118.908, 110.727, 124.772, 117.955, 128.96, 122.575, 124.325, 127.33, 120.096, 126.43, 126.043, 121.119, 121.842, 121.993, 125.595, 125.241, 124.469, 124.224, 
Time to set up datastructures: 3491.54ms
117.671, 124.13, 121.738, 121.213, 123.297, 122.569, 126.337, 123.067, 124.539, 133.904, 123.304, 126.805, 126.642, 126.144, 125.174, 123.898, 125.013, 118.047, 121.545, 127.873, 123.068, 122.534, 126.026, 125.207, 131.861, 113.43, 123.943, 125.208, 125.728, 125.216, 125.746, 127.449, 121.84, 124.836, 122.988, 126.445, 122.599, 123.265, 121.134, 124.755, 126.57, 117.804, 121.538, 127.527, 124.285, 117.405, 124.083, 126.028, 125.093, 127.713, 127.846, 120.254, 125.692, 124.548, 120.982, 124.721, 119.06, 125.252, 118.326, 124.496, 124.45, 123.904, 124.154, 127.537, 122.323, 122.317, 124.317, 125.728, 123.473, 122.864, 127.276, 130.352, 123.599, 123.916, 127.037, 125.869, 123.969, 123.486, 122.59, 122.189, 123.759, 117.031, 113.467, 123.989, 123.343, 124.906, 119.154, 134.791, 128.568, 123.496, 126.878, 123.814, 124.899, 126.514, 128.645, 118.962, 124.486, 128.103, 130.113, 119.8, 
Time to set up datastructures: 3504.2ms
126.824, 126.404, 125.253, 130.758, 126.583, 126.03, 113.494, 116.328, 124.299, 127.221, 122.902, 125.648, 114.188, 125.406, 118.567, 116.213, 129.819, 124.552, 124.35, 122.065, 124.203, 125.45, 125.082, 111.055, 126.672, 121.749, 114.988, 114.35, 118.256, 120.658, 122.527, 124.883, 120.84, 129.526, 126.424, 123.368, 121.959, 123.492, 128.731, 129.251, 124.839, 124.434, 126.891, 126.842, 118.627, 125.914, 124.362, 118.109, 126.48, 115.761, 123.277, 124.164, 119.531, 118.854, 112.188, 128.586, 125.37, 121.973, 124.542, 125.663, 126.754, 125.014, 125.578, 124.013, 125.554, 119.257, 124.986, 124.655, 119.559, 118.405, 126.01, 125.915, 123.921, 128.267, 124.777, 127.114, 121.436, 120.241, 120.744, 125.356, 121.555, 123.345, 126.351, 120.809, 124.153, 118.137, 121.121, 126.812, 119.653, 126.718, 125.969, 123.727, 124.824, 125.386, 120.761, 121.524, 127.068, 126.678, 127.873, 129.071, 
Time to set up datastructures: 3513.33ms
126.461, 120.652, 124.877, 121.809, 121.362, 127.421, 124.811, 123.91, 125.419, 126.038, 117.253, 120.876, 122.304, 128.34, 117.108, 116.793, 126.027, 123.705, 125.34, 128.726, 119.368, 126.016, 123.985, 125.746, 128.848, 124.479, 127.97, 120.664, 119.931, 126.05, 129.164, 125.455, 114.466, 126.173, 122.113, 119.925, 127.17, 121.663, 126.256, 125.422, 126.893, 123.495, 119.22, 120.82, 124.363, 125.501, 123.35, 125.546, 122.545, 126.736, 117.444, 123.603, 121.803, 121.916, 120.285, 122.285, 128.122, 119.838, 114.897, 126.094, 125.698, 123.25, 120.076, 124.554, 120.288, 125.96, 124.738, 128.299, 120.944, 126.3, 124.996, 122.596, 127.704, 121.351, 118.367, 124.124, 120.492, 128.653, 121.994, 121.295, 123.102, 121.586, 127.005, 126.457, 124.418, 122.243, 124.575, 117.237, 126.883, 125.299, 126.797, 125.65, 123.696, 129.142, 124.934, 126.75, 124.466, 117.197, 118.648, 121.561, 
Time to set up datastructures: 3499.6ms
115.561, 124.238, 125.041, 118.108, 117.921, 126.704, 123.725, 128.245, 119.486, 127.59, 132.315, 125.949, 119.27, 118.249, 124.303, 124.358, 124.411, 125.225, 123.678, 121.859, 124.489, 123.789, 121.093, 123.464, 121.943, 126.608, 127.872, 122.707, 124.687, 124.77, 119.094, 124.703, 121.785, 122.155, 122.842, 123.735, 125.65, 125.986, 130.253, 127.848, 126.441, 121.216, 119.501, 123.244, 119.607, 125.939, 125.456, 121.847, 122.169, 117.496, 124.388, 123.756, 123.325, 126.338, 127.812, 126.016, 127.21, 121.942, 127.233, 126.407, 126.397, 124.092, 123.748, 123.476, 121.085, 117.363, 121.15, 125.013, 126.032, 121.425, 121.392, 120.643, 120.251, 125.572, 127.722, 120.854, 122.806, 120.118, 124.608, 120.108, 123.669, 126.566, 124.75, 120.901, 120.312, 122.628, 127.359, 125.319, 124.488, 126.278, 126.108, 123.278, 129.54, 124.999, 124.853, 124.576, 120.735, 123.39, 120.743, 127.291, 
Time to set up datastructures: 3489.96ms
125.389, 129.721, 123.699, 121.969, 124.953, 128.481, 125.656, 125.376, 128.822, 126.965, 124.533, 123.999, 117.793, 128.147, 124.792, 129.341, 126.192, 121.642, 120.653, 122.377, 125.429, 122.53, 124.081, 122.797, 129.146, 126.346, 125.485, 122.578, 123.999, 128.315, 120.154, 123.966, 121.945, 122.388, 129.647, 126.768, 117.406, 122.265, 125.079, 121.993, 127.73, 124.947, 120.345, 126.144, 125.489, 121.214, 123.683, 122.143, 123.823, 125.534, 127.588, 122.196, 123.327, 120.025, 120.784, 125.326, 124.288, 116.268, 122.485, 124.958, 124.534, 128.805, 126, 124.771, 125.252, 123.526, 120.489, 123.447, 125.326, 120.426, 129.647, 125.899, 126.001, 121.456, 128.214, 120.079, 124.586, 124.687, 125.741, 127.809, 128.402, 127.156, 126.838, 129.111, 123.036, 125.786, 128.313, 121.318, 126.859, 126.657, 125.034, 125.05, 126.66, 125.122, 123.937, 125.558, 125.262, 123.695, 126.862, 123.583, 
Running Threadpool implementation with double the amount of partitions than threads
Time to set up datastructures: 3601.74ms
188.177, 185.352, 184.819, 184.758, 184.517, 184.442, 184.992, 188.418, 185.153, 184.518, 184.774, 185.569, 185.091, 184.455, 184.497, 184.401, 188.308, 185.374, 184.992, 184.963, 184.585, 185.17, 184.714, 188.57, 184.809, 184.691, 185.005, 184.735, 185.01, 184.843, 184.212, 184.716, 189.269, 184.606, 184.461, 184.353, 184.436, 185.078, 184.786, 184.942, 184.48, 188.039, 184.29, 184.234, 184.148, 184.776, 184.583, 184.755, 184.587, 184.549, 188.283, 184.426, 184.696, 184.797, 184.694, 184.768, 184.501, 184.204, 184.174, 186.339, 184.708, 185.134, 184.612, 184.857, 185.04, 184.657, 184.468, 184.191, 187.819, 187.545, 184.878, 184.226, 184.733, 184.841, 184.716, 184.495, 184.411, 187.279, 186.712, 184.603, 184.569, 184.595, 184.895, 184.427, 188.492, 188.394, 186.186, 184.191, 184.419, 184.797, 184.79, 186.456, 186.175, 184.609, 185.063, 185.039, 186.095, 184.328, 185.923, 184.927, 
Time to set up datastructures: 3567.51ms
151.425, 151.845, 151.937, 150.81, 151.147, 151.516, 150.966, 151.537, 152.121, 149.882, 151.251, 150.88, 151.401, 152.122, 151.472, 151.235, 151.653, 151.616, 150.914, 151.26, 151.258, 150.777, 151.742, 150.992, 150.699, 151.833, 151.344, 152.075, 151.949, 153.103, 151.66, 151.286, 151.142, 151.397, 150.786, 150.819, 152.467, 150.681, 151.175, 151.044, 150.875, 151.513, 150.823, 151.378, 152.083, 150.929, 151.59, 151.297, 154.521, 150.23, 151.017, 152.85, 151.465, 152.236, 151.529, 151.626, 152.002, 152.171, 151.491, 151.428, 152.534, 151.475, 150.516, 151.488, 151.163, 152.03, 151.126, 151.597, 151.213, 153.143, 150.609, 151.836, 153.168, 152.16, 151.426, 152.305, 152.099, 151.707, 151.176, 151.792, 152.632, 151.878, 152.102, 150.789, 151.687, 150.386, 152, 152.371, 151.107, 151.01, 149.934, 150.027, 151.983, 151.005, 149.24, 150.856, 150.199, 151.225, 152.449, 151.485, 
Time to set up datastructures: 3581.23ms
134.57, 134.727, 135.203, 133.896, 134.707, 135.77, 134.518, 136.474, 134.952, 135.199, 133.191, 133.598, 135.849, 134.921, 133.513, 136.35, 136.372, 135.926, 134.264, 134.338, 133.482, 135.905, 133.652, 133.362, 136.458, 135.337, 135.41, 134.329, 134.546, 135.991, 135.334, 134.123, 135.034, 133.52, 133.573, 134.031, 134.168, 134.1, 132.603, 134.164, 134.317, 134.1, 134.878, 133.312, 133.617, 135.005, 133.486, 135.725, 133.946, 134.697, 135.123, 133.217, 133.983, 134.776, 135.352, 133.937, 134.875, 133.671, 134.676, 133.087, 135.866, 135.082, 135.131, 136.157, 135.264, 135.39, 134.049, 134.996, 134.788, 134.156, 133.408, 134.902, 135.269, 135.314, 135.363, 134.669, 134.525, 133.369, 135.487, 134.865, 133.564, 135.742, 135.29, 134.252, 134.767, 134.855, 134.192, 134.437, 134.244, 134.246, 133.041, 136.766, 132.946, 134.817, 135.015, 134.578, 132.288, 133.725, 134.573, 134.15, 
Time to set up datastructures: 3589ms
126.699, 128.297, 126.396, 125.947, 127.579, 125.805, 126.483, 127.595, 126.183, 124.863, 126.564, 126.252, 126.417, 124.807, 126.775, 125.972, 126.033, 126.371, 126.295, 127.167, 127.468, 126.125, 126.772, 127.267, 126.158, 123.416, 126.979, 126.095, 126.587, 126.622, 126.931, 126.194, 126.617, 126.143, 125.993, 126.159, 125.955, 124.8, 125.341, 126.639, 126.54, 125.592, 127.097, 126.667, 127.809, 126.065, 127.251, 126.865, 125.894, 126.218, 127.437, 128.189, 127.008, 126.602, 125.816, 126.409, 126.676, 126.05, 124.691, 127.134, 125.414, 126.628, 127.27, 126.189, 126.408, 125.985, 127.518, 127.799, 126.632, 127.675, 124.711, 127.443, 127.171, 127.64, 126.311, 125.513, 125.21, 126.971, 126.601, 126.672, 126.817, 125.879, 125.678, 126.593, 128.018, 126.063, 125.917, 126.9, 127.154, 125.978, 126.13, 127.235, 126.492, 127.456, 125.977, 126.517, 127.633, 126.163, 128.138, 127.085, 
Time to set up datastructures: 3574.66ms
125.782, 124.681, 123.865, 124.574, 121.865, 123.274, 123.161, 121.205, 123.535, 123.764, 126.477, 126.038, 125.182, 125.649, 124.93, 123.603, 123.51, 124.646, 126.269, 122.862, 122.313, 123.718, 122.786, 125.667, 124.21, 125.63, 124.39, 124.75, 120.692, 123.255, 123.528, 122.986, 123, 124.562, 123.286, 120.872, 125.397, 123.803, 125.334, 124.159, 123.995, 122.88, 123.1, 120.788, 122.082, 126.108, 123.837, 124.51, 124.401, 124.433, 123.312, 121.952, 122.986, 125.393, 124.885, 124.175, 121.23, 123.666, 123.454, 122.852, 124.705, 124.16, 125.487, 124.751, 124.401, 122.925, 120.45, 122.86, 125.923, 120.259, 124.585, 122.315, 122.921, 125.18, 124.324, 125.637, 125.096, 123.983, 123.735, 125.791, 120.677, 121.978, 120.723, 124.345, 125.601, 122.545, 125.979, 124.411, 123.537, 122.03, 124.362, 123.604, 123.654, 125.7, 123.052, 123.64, 122.976, 124.919, 125.917, 123.445, 
Time to set up datastructures: 3568.59ms
119.623, 118.853, 116.643, 120.02, 116.537, 119.681, 116.754, 114.942, 121.014, 120.281, 115.705, 116.886, 120.103, 117.132, 121.113, 116.392, 117.07, 118.16, 121.365, 121.249, 121.165, 117.361, 117.591, 118.856, 121.334, 121.752, 119.06, 118.267, 119.895, 120.221, 122.926, 120.686, 116.144, 115.494, 117.88, 116.1, 119.113, 118.591, 119.112, 118.157, 120.049, 120.155, 116.59, 120.751, 119.417, 118.276, 121.687, 121.307, 118.082, 117.813, 116.731, 118.102, 120.862, 116.656, 119.348, 117.984, 117.742, 119.851, 119.228, 121.654, 119.873, 122.028, 120.761, 116.069, 118.258, 118.09, 118.945, 118.407, 118.876, 116.467, 122.016, 117.344, 120.206, 118.498, 119.019, 117.422, 119.876, 116.534, 117.953, 118.102, 118.136, 120.052, 118.092, 120.68, 122.204, 117.711, 120.386, 117.278, 118.373, 119.995, 117.592, 118.518, 118.088, 120.389, 118.087, 116.993, 116.733, 118.32, 116.336, 116.716, 
Time to set up datastructures: 3571.58ms
121.323, 124.982, 123.336, 124.382, 125.264, 125.836, 122.649, 120.31, 124.277, 122.341, 122.666, 124.933, 123.23, 121.763, 123.748, 120.679, 123.361, 122.982, 121.513, 124.694, 125.304, 121.381, 121.128, 125.149, 125.11, 122.409, 121.298, 124.281, 125.034, 124.838, 123.929, 123.58, 124.141, 127.897, 124.42, 123.806, 122.054, 121.915, 122.637, 124.807, 124.477, 124.894, 120.862, 120.825, 121.477, 124.649, 122.497, 123.026, 124.595, 127.228, 120.366, 121.316, 124.849, 124.54, 122.237, 124.751, 123.757, 125.617, 120.626, 124.812, 120.387, 120.796, 121.213, 120.493, 125.183, 125.969, 124.309, 124.355, 125.223, 123.854, 122.187, 123.954, 127.204, 128.151, 127.046, 122.008, 122.98, 123.813, 122.234, 124.731, 124.554, 123.431, 126.457, 127.39, 129.479, 127.776, 130.204, 130.252, 128.317, 128.084, 129.979, 128.216, 128.298, 128.528, 130.267, 129.541, 125.594, 127.076, 124.662, 125.916, 
Time to set up datastructures: 3658.67ms
107.822, 109.333, 105.274, 114.85, 113.266, 111.926, 110.063, 106.352, 110, 111.74, 109.989, 107.808, 105.428, 106.249, 106.083, 106.842, 106.811, 110.419, 109.987, 107.285, 104.887, 106.588, 110.076, 111.95, 110.092, 111.277, 110.868, 107.569, 111.135, 110.535, 111.017, 105.652, 110.599, 110.858, 111.2, 110.31, 105.682, 111.676, 110.814, 108.326, 110.513, 110.21, 106.472, 107.802, 111.176, 111.221, 110.857, 108.995, 108.994, 110.135, 113.292, 109.949, 106.186, 109.717, 109.715, 108.045, 109.394, 108.434, 108.873, 113.69, 110.093, 111.268, 112.254, 109.257, 111.136, 109.549, 112.524, 114.174, 112.99, 110.242, 114.055, 109.179, 112.081, 112.224, 115.565, 114.644, 118.588, 115.135, 115.679, 115.833, 115.141, 112.915, 113.782, 114.944, 116.034, 117.404, 113.9, 115.292, 115.682, 116.156, 113.709, 112.729, 115.069, 117.923, 118.495, 120.478, 111.739, 109.778, 112.148, 113.178, 
Time to set up datastructures: 3584.74ms
119.075, 116.557, 116.652, 118.082, 117.465, 116.366, 117.691, 118.174, 118.067, 117.8, 119.446, 118.467, 117.757, 118.227, 118.061, 119.343, 115.409, 118.076, 118.964, 118.836, 117.616, 118.617, 123.856, 120.407, 118.002, 120.047, 119.063, 116.416, 118.857, 118.794, 117.521, 119.832, 123.404, 122.002, 122.47, 120.737, 118.044, 115.874, 114.715, 117.249, 119.439, 118.03, 118.901, 125.008, 132.117, 125.473, 126.067, 123.375, 120.164, 118.903, 119.015, 117.498, 120.373, 116.86, 120.152, 119.642, 118.936, 118.213, 118.635, 118.194, 116.636, 119.734, 119.817, 115.925, 121.618, 119.735, 117.023, 116.564, 118.903, 118.214, 117.986, 118.297, 119.924, 113.61, 117.907, 117.443, 118.63, 118.665, 119.816, 119.419, 118.193, 119.703, 118.763, 119.192, 119.448, 117.467, 117.851, 119.111, 116.341, 115.702, 119.654, 117.323, 119.968, 119.684, 115.679, 124.627, 122.858, 119.116, 117.836, 116.144, 
Time to set up datastructures: 3567.19ms
115.698, 117.236, 116.341, 115.265, 113.033, 118.519, 114.227, 114.279, 112.676, 114.218, 116.663, 115.404, 113.614, 117.014, 114.786, 114.367, 110.306, 114.525, 111.291, 112.784, 111.834, 116.038, 113.067, 113.827, 112.207, 114.132, 116.68, 111.769, 115.79, 113.205, 114.604, 113.552, 112.579, 113.735, 112.8, 115.191, 112.139, 114.539, 112.997, 114.726, 115.119, 113.386, 112.701, 112.96, 111.888, 118.175, 115.191, 111.747, 114.479, 112.827, 117.71, 114.802, 112.164, 115.86, 115.221, 115.124, 110.604, 115.471, 116.274, 117.945, 110.941, 112.425, 112.771, 113.204, 112.622, 114.13, 114.527, 110.672, 111.759, 111.13, 111.948, 111.739, 112.421, 111.443, 109.094, 112.979, 110.974, 114.385, 115.25, 112.75, 113.701, 115.097, 113.449, 112.464, 112.08, 112.234, 112.041, 116.132, 117.264, 117.165, 114.911, 111.914, 115.457, 114.485, 112.045, 116.729, 116.93, 113.67, 110.9, 114.38, 
Time to set up datastructures: 3571.89ms
109.863, 108.454, 111.449, 109.929, 110.627, 111.647, 110.202, 110.152, 110.708, 111.49, 109.344, 110.742, 110.437, 110.461, 109.257, 110.523, 109.127, 110.006, 109.462, 108.962, 110.091, 109.584, 111.254, 113.064, 109.68, 109.344, 111.122, 109.737, 109.26, 111.42, 111.097, 109.165, 110.202, 108.859, 110.475, 108.725, 111.36, 111.18, 109.975, 109.672, 111.221, 111.827, 110.644, 110.34, 108.439, 110.245, 109.303, 112.116, 110.111, 108.728, 107.975, 108.781, 110.419, 110.187, 111.109, 109.548, 109.962, 112.015, 108.737, 110.567, 108.711, 108.992, 110.285, 109.154, 109.833, 113.3, 109.929, 110.459, 111.117, 109.422, 109.334, 109.143, 109.577, 110.736, 108.91, 112.774, 111.593, 111.563, 111.357, 109.025, 108.87, 111.113, 114.27, 116.255, 126.998, 117.953, 121.072, 116.948, 118.58, 123.882, 118.395, 119.094, 121.453, 120.478, 113.963, 109.908, 110.805, 109.095, 109.292, 109.259, 
Time to set up datastructures: 3592.27ms
113.879, 112.658, 113.054, 112.78, 114.191, 113.918, 112.437, 112.798, 113.128, 114.394, 111.643, 113.062, 113.173, 112.433, 113.189, 113.71, 111.354, 112.014, 113.809, 114.473, 111.329, 112.986, 112.017, 113.237, 111.98, 113.172, 113.163, 114.466, 111.643, 111.033, 116.591, 113.208, 111.729, 112.246, 112.269, 110.43, 114.067, 111.741, 112.627, 114.064, 116.752, 114.949, 111.028, 114.886, 111.273, 114.095, 110.054, 113.468, 112.268, 114.143, 114.165, 113.336, 113.563, 111.146, 112.781, 113.95, 113.08, 111.436, 115.204, 111.746, 112.294, 111.882, 114.272, 113.137, 113.963, 112.679, 110.966, 112.745, 111.89, 110.896, 112.83, 113.166, 113.812, 110.891, 111.103, 112.22, 114.068, 113.261, 112.267, 111.016, 112.888, 112.36, 113.137, 110.827, 112.617, 113.12, 111.862, 114.338, 112.562, 112.583, 115.03, 111.368, 111.603, 114.106, 114.17, 111.367, 113.176, 113.554, 110.824, 111.826, 
Time to set up datastructures: 3587.56ms
113.587, 115.919, 111.745, 112.357, 113.207, 112.655, 111.958, 112.534, 113.375, 111.691, 112.368, 113.067, 112.756, 112.133, 111.321, 112.625, 112.707, 113.218, 112.833, 112.656, 112.214, 112.226, 112.485, 111.696, 113.191, 112.346, 112.776, 112.551, 112.915, 112.439, 110.975, 112.681, 112.879, 112.381, 112.697, 112.559, 112.555, 112.974, 111.788, 113.471, 112.527, 112.678, 112.326, 112.804, 112.978, 114.387, 112.409, 112.688, 115.144, 112.704, 112.14, 111.995, 112.219, 111.647, 112.355, 112.284, 112.955, 112.673, 111.841, 111.66, 111.757, 111.889, 113.241, 114.672, 111.341, 112.443, 112.456, 113.077, 112.504, 112.907, 112.325, 112.15, 112.783, 112.946, 114.116, 114.211, 112.471, 112.251, 112.238, 112.029, 113.362, 115.409, 113.334, 111.843, 112.584, 113.275, 112.432, 114.474, 111.689, 112.328, 112.842, 112.672, 112.119, 111.515, 112.533, 112.939, 112.096, 112.482, 113.086, 112.114, 
Running CRSMerge implementation
Time to set up datastructures: 5352.75ms
171.25, 171.221, 171.191, 171.066, 171.097, 171.256, 171.278, 171.388, 171.2, 171.266, 171.376, 171.231, 171.267, 171.126, 171.167, 177.329, 173.036, 171.46, 171.325, 171.178, 171.118, 171.331, 171.092, 171.281, 171.226, 171.094, 171.17, 171.064, 171.2, 171.283, 171.32, 171.225, 171.063, 171.415, 171.268, 171.091, 171.171, 171.134, 173.61, 171.241, 171.396, 171.281, 171.107, 171.225, 171.183, 171.341, 171.724, 171.332, 171.22, 171.087, 171.246, 171.201, 171.34, 171.966, 171.132, 171.125, 171.598, 171.191, 171.481, 171.12, 170.868, 171.272, 171.216, 171.217, 171.419, 171.128, 171.402, 171.088, 172.062, 171.252, 171.245, 171.035, 171.275, 171.44, 171.228, 171.339, 171.527, 171.296, 171.271, 171.112, 171.692, 171.42, 171.061, 171.251, 170.968, 171.225, 171.156, 171.641, 171.355, 171.412, 171.13, 171.128, 171.328, 171.174, 171.2, 171.222, 171.259, 171.226, 171.09, 171.367, 
Time to set up datastructures: 4161ms
147.484, 146.994, 147.206, 147.103, 147.112, 146.978, 147.049, 147, 147.036, 146.977, 146.968, 147.051, 146.925, 147.04, 147.119, 146.961, 147.186, 146.931, 147.024, 146.915, 146.972, 146.866, 146.905, 147.471, 147.051, 147.307, 147.181, 147.421, 146.966, 147.055, 147.042, 147.052, 147.157, 146.881, 147, 146.936, 147.286, 147.018, 147.062, 147.24, 147.066, 147.176, 146.852, 147.081, 146.993, 147.612, 146.957, 147.092, 146.936, 146.815, 146.949, 147.163, 147.029, 146.892, 147.654, 147.093, 147.11, 147.035, 146.97, 147.171, 147.167, 147.085, 146.997, 146.986, 147.043, 146.976, 146.997, 146.842, 147.076, 146.951, 147.154, 146.993, 147.11, 147.053, 147.005, 146.969, 147.038, 146.917, 147.016, 146.989, 147.046, 147.614, 147.111, 146.953, 147.167, 147.073, 146.992, 146.91, 146.949, 146.941, 147.029, 146.88, 146.949, 146.923, 146.893, 147.049, 147.001, 147.065, 146.956, 146.976, 
Time to set up datastructures: 6730.53ms
141.001, 140.966, 141.023, 140.967, 141.052, 141.035, 141.154, 140.973, 141.018, 141.129, 148.545, 150.623, 141.229, 141.055, 141.035, 141.203, 143.887, 141.09, 141.085, 141.023, 143.368, 142.144, 141.07, 141.113, 141.192, 143.79, 141.09, 141.015, 140.995, 144.571, 147.023, 145.73, 145.308, 147.866, 156.827, 150.275, 141.062, 141.035, 141.176, 141.027, 140.988, 141.012, 141.015, 141.041, 140.99, 141.009, 141.152, 141.103, 141.284, 141.02, 141.095, 141.031, 140.91, 141.204, 141.773, 141.074, 141.071, 141.035, 141.01, 141.108, 141.047, 141.016, 141.063, 141.026, 141.126, 141.111, 141.053, 141.024, 141.676, 141.086, 140.924, 141.098, 140.984, 140.967, 141.017, 140.99, 140.948, 141.227, 144.511, 141.045, 141.036, 141.004, 141.159, 141.03, 140.933, 141.011, 141.032, 141.185, 141.042, 140.978, 153.115, 153.288, 152.985, 145.17, 146.813, 155.714, 153.239, 141.671, 152.721, 156.757, 
Time to set up datastructures: 6678.99ms
137.217, 137.141, 137.262, 137.23, 137.306, 137.252, 137.268, 137.348, 137.263, 137.305, 137.352, 137.151, 137.189, 137.083, 137.14, 137.165, 137.258, 137.373, 137.118, 137.598, 137.35, 137.267, 137.189, 141.533, 144.473, 143.863, 141.533, 143.256, 145.105, 137.28, 137.137, 137.227, 137.251, 137.182, 137.185, 137.298, 137.21, 137.23, 137.191, 137.204, 137.185, 137.153, 137.196, 137.15, 137.256, 137.275, 137.196, 137.304, 137.215, 137.191, 137.164, 137.13, 137.194, 137.297, 137.157, 137.208, 137.26, 137.091, 137.205, 137.215, 137.163, 137.223, 137.146, 137.287, 137.258, 137.308, 137.402, 137.194, 137.231, 137.19, 137.098, 137.217, 137.207, 137.229, 137.26, 137.296, 137.175, 137.323, 137.305, 137.32, 137.167, 137.279, 137.209, 137.177, 137.219, 137.191, 137.151, 137.282, 137.184, 137.114, 137.211, 137.14, 137.191, 137.208, 137.239, 137.228, 137.124, 137.21, 137.177, 137.122, 
Time to set up datastructures: 7289.54ms
134.021, 134.066, 134.128, 134.111, 134.076, 134.074, 134.103, 134.1, 134.05, 134.05, 134.103, 134.16, 134.069, 134.154, 134.07, 134.077, 134.12, 134.076, 134.092, 134.05, 134.078, 134.115, 134.044, 134.2, 134.048, 134.118, 134.16, 134.179, 134.101, 134.125, 134.381, 134.184, 134.092, 134.134, 134.136, 134.171, 134.13, 134.124, 134.189, 134.068, 134.074, 134.099, 134.088, 134.1, 134.095, 134.134, 134.04, 134.129, 134.138, 134.047, 134.068, 134.157, 133.992, 134.035, 134.028, 134.17, 134.137, 134.096, 134.073, 134.087, 134.076, 134.077, 134.184, 134.102, 134.142, 134.105, 134.08, 134.219, 134.074, 134.034, 134.023, 134.033, 134.149, 134.076, 134.145, 134.212, 134.125, 134.102, 134.149, 134.081, 134.134, 134.03, 134.056, 134.141, 134.132, 134.092, 134.107, 134.114, 134.092, 134.04, 134.14, 134.072, 134.086, 134.111, 134.062, 134.123, 134.107, 134.034, 134.116, 134.018, 
Time to set up datastructures: 7077.37ms
130.245, 129.538, 128.747, 127.489, 130.665, 128.793, 129.324, 128.791, 127.786, 129.271, 129.295, 128.801, 127.853, 130.204, 128.799, 127.9, 130.427, 129.757, 128.626, 127.607, 130.666, 128.667, 128.906, 129.342, 128.644, 127.888, 130.361, 129.581, 129.269, 128.799, 129.936, 129.681, 129.801, 129.223, 129.68, 128.727, 127.512, 130.45, 128.7, 129.638, 128.568, 129.476, 128.751, 129.221, 130.394, 128.559, 129.597, 128.755, 127.645, 130.763, 129.591, 128.811, 129.352, 128.706, 127.713, 130.358, 129.003, 129.072, 129.632, 128.783, 129.716, 128.669, 129.587, 128.604, 129.742, 128.709, 129.488, 129.764, 129.327, 128.519, 129.631, 128.827, 129.635, 128.654, 129.687, 128.675, 129.506, 128.754, 129.631, 128.768, 127.802, 130.165, 128.761, 127.833, 130.393, 129.58, 129.013, 129.247, 128.851, 129.625, 128.755, 127.851, 130.203, 128.744, 129.611, 128.837, 129.343, 128.667, 129.102, 128.742, 
Time to set up datastructures: 7192.08ms
127.157, 127.045, 127.001, 127.095, 127.137, 127.073, 127.034, 127.232, 127.065, 127.044, 127.038, 127.047, 127.16, 127.073, 127.09, 127.084, 126.942, 127.031, 127.084, 127.113, 127.214, 127.186, 127.118, 127.104, 127.131, 127.104, 126.967, 127.057, 127.066, 127.013, 127.043, 127.094, 127.051, 127.02, 127.012, 127.032, 127.18, 127.094, 127.114, 127.193, 127.043, 127.211, 127.034, 126.991, 127.072, 127.35, 127.076, 127.09, 127.074, 127.002, 127.023, 127.131, 127.138, 127.019, 127.114, 126.992, 127.07, 127.051, 127.123, 127.1, 127.128, 127.234, 127.174, 127.133, 127.091, 127.087, 127.176, 127.034, 127.154, 127.014, 127.073, 127.147, 127.071, 127.03, 127.053, 127.209, 127.012, 127.019, 127.04, 127.052, 127.014, 127.022, 127.058, 127.012, 127.003, 127.049, 127.279, 127.077, 127.014, 127.083, 127.215, 127.054, 127.018, 127.065, 127.132, 127.035, 127.102, 127.039, 127.106, 127.123, 
Time to set up datastructures: 7386.32ms
126.423, 126.398, 126.324, 126.309, 126.328, 126.341, 126.314, 126.299, 126.26, 126.445, 126.351, 126.315, 126.441, 126.485, 126.447, 126.333, 126.36, 126.257, 126.377, 126.41, 126.389, 126.308, 126.277, 126.29, 126.505, 126.417, 126.482, 126.482, 126.369, 126.339, 126.332, 126.396, 126.348, 126.412, 126.712, 126.348, 126.451, 126.542, 126.466, 126.322, 126.312, 126.333, 126.289, 126.533, 126.53, 126.485, 126.284, 126.395, 126.411, 126.318, 126.581, 126.356, 126.48, 126.417, 126.554, 126.505, 126.463, 126.358, 126.457, 126.255, 126.287, 126.278, 126.249, 126.331, 126.226, 126.288, 126.257, 126.704, 126.199, 126.189, 126.174, 126.341, 126.401, 126.382, 126.358, 126.421, 126.445, 126.293, 126.359, 126.36, 126.323, 126.515, 126.412, 126.246, 126.126, 126.282, 126.12, 126.396, 126.512, 126.397, 126.41, 126.354, 126.311, 126.313, 126.427, 126.376, 126.361, 126.421, 126.908, 126.364, 
Time to set up datastructures: 7277.52ms
126.517, 125.975, 126.547, 126.367, 126.786, 126.225, 126.721, 128.557, 126.73, 126.887, 126.503, 125.668, 126.522, 125.335, 126.637, 126.612, 126.751, 126.64, 126.651, 126.425, 126.539, 126.441, 126.648, 126.736, 126.55, 126.868, 127.192, 126.379, 126.673, 126.792, 126.443, 126.975, 126.036, 126.616, 126.69, 126.647, 126.485, 126.98, 127.352, 126.505, 126.117, 126.662, 126.509, 126.745, 126.967, 125.297, 126.61, 126.716, 126.648, 126.945, 126.763, 126.283, 127.015, 125.009, 126.608, 126.798, 126.015, 126.486, 126.303, 127.247, 125.171, 127.128, 127.089, 125.601, 126.831, 126.486, 126.502, 127.007, 126.418, 126.978, 126.918, 126.316, 126.74, 126.756, 126.638, 126.846, 125.809, 126.676, 126.688, 127.104, 126.597, 125.851, 126.369, 126.927, 126.462, 126.05, 126.473, 126.553, 126.74, 126.891, 126.772, 126.96, 126.532, 126.733, 127.282, 126.019, 126.652, 126.431, 126.553, 126.94, 
Time to set up datastructures: 7311.35ms
128.426, 128.106, 128.185, 128.199, 128.178, 128.148, 128.302, 128.112, 128.227, 128.348, 128.098, 128.081, 128.287, 128.164, 128.11, 128.234, 128.161, 128.153, 128.139, 128.327, 128.137, 128.187, 128.174, 128.167, 128.315, 128.291, 128.668, 128.361, 128.152, 128.123, 128.208, 128.152, 128.124, 128.216, 128.147, 128.231, 128.123, 128.178, 128.2, 128.19, 128.094, 128.16, 128.122, 128.071, 128.125, 128.289, 128.212, 128.681, 128.085, 128.323, 128.196, 128.181, 128.092, 128.186, 128.478, 128.396, 128.106, 128.268, 128.414, 128.034, 128.131, 128.16, 128.264, 128.662, 128.205, 128.175, 128.334, 128.277, 128.187, 128.275, 128.195, 128.087, 128.363, 128.258, 128.16, 128.159, 128.155, 128.245, 128.418, 127.933, 128.125, 128.166, 128.242, 128.105, 128.156, 128.337, 128.148, 128.16, 128.212, 128.47, 128.085, 128.096, 128.127, 128.252, 128.127, 128.147, 128.306, 128.138, 128.165, 128.121, 
Time to set up datastructures: 7179.35ms
129.732, 129.694, 129.737, 129.717, 129.669, 129.75, 129.722, 129.801, 129.727, 129.655, 129.682, 129.861, 129.754, 129.714, 129.795, 129.717, 129.727, 129.72, 129.75, 129.672, 129.674, 129.675, 129.73, 129.738, 129.763, 129.675, 129.731, 129.752, 129.724, 129.666, 129.658, 129.74, 129.673, 129.704, 129.851, 129.684, 129.78, 129.651, 129.746, 129.751, 129.737, 129.719, 129.791, 129.698, 129.703, 129.824, 129.655, 129.72, 129.684, 129.826, 129.753, 129.649, 129.766, 129.777, 129.68, 129.754, 129.75, 129.644, 129.789, 129.671, 130.251, 129.737, 129.586, 129.667, 129.7, 129.858, 129.721, 129.73, 129.728, 129.723, 129.758, 129.753, 129.72, 129.719, 129.761, 129.725, 129.762, 129.785, 129.76, 129.732, 129.784, 129.957, 129.644, 129.735, 129.802, 129.676, 129.732, 129.727, 129.726, 129.827, 129.728, 129.758, 129.568, 129.725, 129.676, 129.73, 129.698, 129.652, 129.746, 129.68, 
Time to set up datastructures: 7405.16ms
127.705, 127.887, 127.724, 127.632, 127.614, 127.735, 127.573, 128.306, 127.828, 127.618, 128.08, 127.546, 127.694, 128.096, 127.827, 127.31, 127.655, 127.723, 128.104, 127.458, 127.739, 127.604, 127.661, 127.445, 127.712, 127.934, 127.687, 127.536, 127.907, 128.118, 127.783, 127.855, 127.641, 128.157, 127.524, 128.343, 127.741, 127.782, 128.023, 127.648, 127.4, 127.569, 127.739, 127.653, 127.548, 127.481, 127.826, 127.771, 128.101, 127.872, 127.525, 127.926, 127.388, 127.866, 128.359, 127.92, 127.39, 127.628, 127.539, 127.769, 127.973, 127.465, 127.552, 127.515, 127.753, 127.39, 127.791, 127.392, 127.629, 127.424, 127.753, 127.802, 127.797, 127.698, 128.068, 127.924, 128.092, 127.423, 127.653, 127.761, 127.68, 127.588, 127.776, 127.685, 127.889, 127.817, 127.45, 127.875, 127.812, 127.523, 127.422, 127.469, 128.253, 127.803, 127.638, 127.739, 127.724, 127.844, 127.492, 127.607, 
Time to set up datastructures: 7402.58ms
123.329, 122.493, 122.505, 122.324, 125.012, 122.817, 125.63, 123.188, 122.858, 123.928, 124.666, 122.68, 124.173, 124.356, 122.606, 122.847, 124.937, 122.947, 125.393, 124.226, 122.782, 124.947, 123.088, 125.287, 122.547, 122.788, 122.402, 123.816, 124.233, 123.84, 124.401, 122.833, 122.416, 124.199, 124.295, 122.736, 122.802, 122.282, 124.727, 123.307, 125.124, 124.455, 122.907, 124.327, 124.638, 122.873, 122.6, 122.393, 125.005, 122.738, 122.437, 124.847, 122.81, 122.734, 122.589, 124.347, 123.225, 122.923, 125.048, 122.717, 125.601, 122.94, 122.452, 122.417, 122.569, 122.274, 124.88, 123.137, 124.27, 124.67, 124.626, 125.007, 122.568, 122.589, 123.354, 124.697, 122.624, 123.164, 125.003, 124.355, 122.503, 123.986, 124.5, 123.008, 122.298, 125.135, 122.915, 122.392, 122.506, 125.237, 122.912, 122.744, 124.865, 122.764, 124.817, 123.065, 124.619, 122.566, 122.424, 122.658, 
Running CSB implementation
Time to set up datastructures: 8839.11ms
120.689, 120.729, 120.958, 120.769, 120.73, 120.867, 120.67, 120.744, 120.845, 120.58, 120.787, 120.754, 120.673, 121.12, 120.785, 120.753, 120.743, 120.679, 120.854, 120.761, 120.749, 120.599, 120.705, 120.777, 120.739, 120.785, 120.823, 120.817, 120.927, 120.679, 120.931, 120.751, 120.716, 120.72, 120.723, 120.756, 120.655, 120.616, 120.674, 120.681, 120.642, 120.855, 120.817, 120.756, 120.713, 121.011, 121.175, 120.735, 120.68, 120.716, 120.689, 120.78, 120.78, 120.792, 120.791, 120.896, 120.816, 120.669, 120.78, 120.758, 120.816, 120.665, 120.684, 120.882, 120.726, 120.801, 121.114, 120.666, 120.964, 120.692, 120.591, 120.793, 120.753, 120.684, 120.797, 120.829, 120.789, 120.767, 120.59, 120.742, 120.74, 120.852, 120.689, 120.645, 120.822, 120.806, 120.922, 120.728, 120.753, 120.847, 120.654, 120.689, 120.623, 120.844, 120.745, 120.685, 122.017, 120.594, 120.806, 120.746, 
Time to set up datastructures: 8829.2ms
99.8888, 100.731, 100.06, 100.037, 100.055, 100.53, 99.956, 99.7419, 99.946, 99.961, 99.8991, 99.951, 99.8919, 100.112, 100.565, 100.127, 99.9179, 100.031, 99.993, 100.076, 99.817, 100.128, 99.8921, 99.9029, 100.267, 99.9272, 99.9889, 100.08, 99.9699, 100.217, 100.005, 100.077, 100.122, 100.037, 99.8771, 99.905, 100.13, 99.9138, 99.7369, 99.9069, 100.001, 100.096, 99.802, 99.911, 100.113, 99.9689, 100.02, 99.9911, 100.047, 99.966, 99.932, 99.7901, 100.008, 100.573, 100.41, 100.234, 99.9119, 100.031, 99.781, 100.048, 99.6552, 100.06, 100.005, 100.399, 99.9, 100.166, 99.7679, 99.8251, 99.839, 99.8349, 100.088, 99.998, 99.848, 99.756, 99.8549, 100.074, 99.8471, 99.978, 99.961, 99.992, 99.9579, 100.415, 100.034, 99.705, 99.7388, 100.037, 100.093, 99.8778, 99.8518, 99.967, 100.015, 100.093, 99.8011, 100.196, 100.33, 100.231, 100.023, 100.049, 100.1, 99.9632, 
Time to set up datastructures: 10235.5ms
87.0342, 87.395, 87.359, 87.29, 87.3349, 86.709, 87.5139, 87.2941, 87.1799, 87.25, 87.3978, 87.3508, 87.652, 87.9951, 87.441, 87.4109, 87.2991, 87.2941, 87.0609, 87.0399, 87.244, 87.4081, 86.9699, 86.946, 87.4691, 87.45, 86.441, 87.225, 87.3909, 86.7438, 87.3351, 87.436, 88.0311, 88.1178, 87.352, 87.1701, 87.414, 87.229, 87.2829, 86.6101, 87.2619, 87.4209, 87.9261, 87.2879, 87.4002, 87.2769, 87.2471, 87.168, 88.017, 87.2779, 87.0781, 87.0249, 87.369, 87.3439, 87.5559, 87.5192, 87.5158, 87.1861, 87.213, 87.0368, 87.3671, 87.646, 87.3961, 87.1439, 87.2281, 87.1041, 87.358, 87.1978, 87.1952, 86.973, 86.9021, 87.1909, 87.455, 87.1029, 87.22, 87.08, 87.3919, 87.2011, 87.3001, 87.2259, 87.5201, 87.3759, 88.0229, 87.1432, 86.9191, 87.3289, 87.5461, 87.1799, 87.255, 87.8451, 87.2369, 87.419, 87.383, 87.2231, 87.467, 87.2641, 87.4419, 87.2531, 87.878, 87.27, 
Time to set up datastructures: 10453.5ms
76.0829, 76.668, 76.5409, 76.3102, 77.3289, 77.1179, 77.6491, 76.879, 76.9911, 77.625, 77.08, 77.033, 77.3699, 76.7691, 76.427, 76.551, 76.2701, 76.4918, 77.4531, 76.247, 77.1301, 76.34, 76.993, 76.571, 86.5681, 79.2079, 78.5, 76.7171, 76.437, 76.391, 76.5331, 77.275, 77.1899, 76.9022, 76.6759, 77.3129, 76.622, 76.488, 77.6188, 76.1871, 77.028, 77.0071, 76.128, 76.54, 77.215, 77.0278, 77.0822, 77.141, 76.0438, 77.0268, 76.7832, 77.4229, 77.194, 76.7441, 76.611, 76.8611, 76.834, 77.2579, 76.638, 76.0779, 77.3671, 77.199, 76.262, 76.3459, 76.7879, 76.7391, 76.9942, 76.5998, 77.071, 76.508, 76.246, 77.143, 81.2581, 77.148, 76.4251, 76.7729, 76.2591, 76.2398, 76.4861, 76.2959, 76.4751, 76.211, 77.538, 77.698, 76.8042, 76.4179, 76.2579, 76.9181, 76.7219, 76.7479, 76.4792, 76.3319, 76.1912, 76.8578, 76.6432, 76.3578, 76.3848, 77.5411, 76.3521, 77.177, 
Time to set up datastructures: 11620.7ms
73.4668, 75.443, 73.5521, 74.6961, 73.4088, 74.317, 73.8051, 74.9741, 74.47, 74.8529, 73.535, 73.271, 74.0981, 73.3469, 73.2579, 74.9531, 73.3368, 73.4892, 74.523, 75.176, 74.348, 74.7621, 75.5589, 74.4691, 74.728, 74.4319, 73.5872, 74.9321, 74.8808, 74.481, 74.3401, 74.3411, 74.4281, 75.021, 74.7828, 74.4882, 75.0299, 74.8241, 73.3459, 74.4929, 74.7042, 74.666, 74.816, 73.225, 74.959, 73.6308, 73.415, 74.6341, 74.7139, 74.775, 74.4581, 75.1309, 74.27, 73.849, 73.8041, 74.4379, 73.678, 74.1162, 74.791, 74.6639, 73.6351, 73.7591, 73.489, 74.966, 73.5941, 73.5929, 73.9172, 73.3609, 73.292, 74.8689, 74.3551, 73.911, 74.759, 73.844, 73.911, 74.8141, 73.5061, 74.8119, 73.6151, 74.8799, 73.725, 73.945, 74.858, 74.6782, 74.4469, 74.883, 74.4641, 73.8411, 73.6949, 73.2131, 74.858, 73.3199, 73.8091, 74.7631, 73.328, 73.554, 74.369, 74.6739, 73.386, 73.8928, 
Time to set up datastructures: 11508.6ms
67.1, 67.0068, 67.075, 66.9842, 67.2078, 67.2121, 67.167, 67.112, 67.009, 67.1821, 67.137, 67.117, 67.0471, 67.1971, 67.215, 66.9599, 67.2011, 66.9379, 67.075, 67.0149, 67.1592, 67.1868, 67.1971, 66.994, 67.0071, 67.0481, 67.0099, 67.2541, 66.982, 67.019, 67.0478, 67.111, 67.117, 67.0578, 67.1, 67.286, 67.0121, 67.014, 67.0919, 67.1999, 67.0979, 67.2221, 67.0049, 67.1182, 67.2529, 66.983, 67.2369, 67.0979, 67.0829, 67.209, 67.291, 67.143, 67.2321, 67.0438, 67.0559, 67.147, 67.143, 67.1911, 66.9899, 67.08, 67.1072, 67.0149, 67.0431, 66.9708, 67.0772, 67.055, 67.0829, 67.1301, 67.0462, 67.0168, 67.0972, 66.999, 67.198, 67.0409, 67.23, 67.0362, 66.9639, 67.1549, 67.1339, 66.9069, 67.0972, 67.076, 66.9839, 67.209, 67.059, 66.999, 67.1382, 67.0068, 67.0319, 67.2472, 67.0419, 67.1129, 67.0631, 67.0681, 67.184, 67.0891, 67.1978, 67.2958, 67.096, 67.292, 
Time to set up datastructures: 11769.8ms
64.765, 64.7089, 64.7712, 64.817, 64.822, 64.8761, 64.887, 64.7569, 64.7142, 64.713, 64.7299, 64.7721, 64.9059, 64.7781, 64.9672, 64.9769, 64.8839, 64.7721, 64.7469, 64.791, 64.7402, 64.7449, 64.841, 64.8079, 64.899, 64.7302, 64.754, 64.785, 64.683, 64.945, 64.733, 64.7459, 64.8792, 64.8248, 64.7831, 65.0811, 64.8799, 64.7621, 64.8119, 64.8651, 64.8968, 64.8, 64.7621, 64.7871, 64.8639, 64.7111, 64.919, 64.889, 64.9219, 64.8348, 64.7261, 64.832, 64.702, 64.7869, 64.7211, 64.955, 64.8379, 64.9371, 64.6839, 64.6451, 64.7261, 64.7738, 64.8811, 64.7261, 64.8799, 64.8401, 64.8899, 64.877, 64.805, 64.8282, 64.755, 64.8029, 65.0182, 64.914, 64.8189, 64.801, 64.671, 64.939, 64.7759, 64.7612, 64.945, 64.781, 64.7781, 64.7969, 64.7252, 64.7879, 64.791, 64.764, 64.8072, 64.7318, 64.847, 64.7068, 64.7261, 64.8611, 64.8069, 64.7969, 64.8232, 64.817, 64.781, 64.75, 
Time to set up datastructures: 11626.3ms
64.0059, 64.0011, 64.029, 63.925, 64.064, 63.9169, 64.1232, 64.0788, 64.0421, 63.875, 64.106, 64.008, 63.9532, 63.9808, 63.8781, 64.0662, 64.0399, 63.9369, 64.0359, 63.9791, 64.0259, 64.06, 64.023, 64.038, 64.1, 63.843, 64.002, 63.858, 64.0559, 64.0302, 64.045, 63.9009, 63.859, 64.0738, 64.1901, 64.065, 64.1229, 64.044, 63.8611, 63.9911, 64.095, 64.1949, 63.9641, 63.9589, 64.0602, 63.9758, 64.105, 64.0461, 64.0509, 63.977, 64.024, 64.002, 63.9942, 63.9708, 64.0149, 63.9651, 63.951, 63.9639, 63.9641, 63.988, 64.1029, 64.0171, 64.1432, 63.9429, 64.0759, 64.043, 64.0941, 63.998, 63.982, 63.9949, 63.9801, 64.121, 63.926, 63.833, 63.9911, 64.1179, 64.1031, 64.0779, 64.0912, 64.0979, 64.0271, 63.9911, 64.0681, 64.045, 64.0841, 64.0399, 63.911, 63.8862, 63.926, 63.972, 63.992, 64.1029, 63.9191, 63.832, 64.0891, 64.0421, 63.9439, 63.998, 64.054, 64.055, 
Time to set up datastructures: 11486.4ms
61.8191, 61.887, 61.7521, 61.9469, 61.806, 61.7852, 61.914, 61.9049, 61.7661, 61.7061, 61.836, 61.8138, 61.795, 61.8072, 61.801, 61.836, 61.784, 61.8939, 61.6589, 61.9421, 61.888, 61.8229, 61.857, 62.098, 61.96, 61.759, 61.9938, 61.8188, 61.7731, 61.8651, 61.8429, 61.9512, 61.7929, 61.744, 61.785, 61.857, 61.779, 61.779, 61.8222, 61.7208, 61.8529, 61.7621, 62.0229, 61.7449, 61.7869, 61.8868, 61.7201, 61.8269, 62.063, 61.7762, 61.7449, 61.878, 61.794, 61.7931, 61.7599, 61.8119, 61.811, 61.7728, 61.83, 61.9671, 61.749, 61.8629, 61.83, 61.7681, 61.924, 61.79, 61.7549, 61.832, 61.821, 61.8279, 61.7919, 61.8429, 61.96, 61.7421, 61.83, 61.8019, 61.8951, 62.026, 61.8229, 61.82, 61.8072, 61.7669, 61.9211, 61.7008, 61.8608, 61.8, 61.9819, 61.873, 61.8641, 61.939, 61.7499, 61.902, 61.7869, 61.7661, 61.83, 61.816, 61.718, 61.888, 61.784, 61.9469, 
Time to set up datastructures: 11594.9ms
61.2762, 61.08, 61.1739, 61.0251, 61.553, 61.1038, 61.147, 61.233, 61.218, 60.9012, 61.1889, 61.0299, 61.2922, 61.1329, 61.409, 61.1291, 61.255, 61.059, 61.1751, 61.1269, 61.0659, 61.0852, 61.1069, 61.167, 61.2459, 61.013, 61.0652, 60.9779, 60.889, 61.069, 61.13, 61.6901, 61.306, 61.0888, 60.8518, 61.09, 61.1191, 61.0971, 61.2528, 61.106, 61.2619, 61.126, 61.435, 61.224, 61.028, 61.255, 61.1179, 61.2061, 61.0559, 61.1141, 61.1441, 61.2519, 61.177, 61.0812, 61.048, 61.172, 60.936, 61.4679, 61.2731, 61.1291, 61.1401, 61.0728, 61.1122, 61.131, 61.281, 61.3348, 61.4388, 61.2109, 61.1131, 60.9219, 61.0781, 61.708, 61.677, 61.034, 61.0099, 61.1491, 61.044, 60.9891, 61.1889, 60.9739, 61.0189, 61.1858, 61.0759, 61.085, 61.1081, 61.147, 61.167, 60.9889, 61.1432, 61.0139, 61.1291, 61.209, 61.173, 61.064, 61.038, 61.1999, 61.497, 61.2609, 61.0859, 61.013, 
Time to set up datastructures: 11622.8ms
58.4209, 58.4571, 58.4209, 58.399, 58.4691, 58.404, 58.3701, 58.4819, 58.435, 58.4331, 58.388, 58.403, 58.5151, 58.428, 58.4359, 58.4531, 58.3949, 58.3961, 58.4879, 58.44, 58.538, 58.4719, 58.45, 58.4841, 58.3239, 58.4421, 58.4919, 58.4831, 58.4099, 58.5971, 58.4328, 58.4202, 58.3611, 58.4679, 58.383, 58.4412, 58.444, 58.4559, 58.4121, 58.5108, 58.5189, 58.5301, 58.3551, 58.4538, 58.6779, 58.336, 58.4891, 58.3668, 58.4822, 58.471, 58.455, 58.486, 58.5239, 58.4579, 58.382, 58.352, 58.4621, 58.45, 58.383, 58.4419, 58.3141, 58.43, 58.5191, 58.368, 58.542, 58.419, 58.429, 58.2931, 58.326, 58.6319, 58.3901, 58.4328, 58.306, 58.347, 58.5241, 58.517, 58.6381, 58.435, 58.3661, 58.47, 58.4359, 58.3692, 58.553, 58.4691, 58.4731, 58.5508, 58.4271, 58.5229, 58.4819, 58.4311, 58.4719, 58.4409, 58.5361, 58.4741, 58.31, 58.5029, 58.5182, 58.5439, 58.4331, 58.5148, 
Time to set up datastructures: 11843.9ms
58.2471, 58.207, 58.2759, 58.2421, 58.2869, 58.32, 58.6729, 58.2941, 58.8331, 58.253, 58.2008, 58.7981, 58.181, 58.6219, 58.203, 58.203, 58.3129, 58.5911, 58.2778, 58.136, 58.269, 58.0161, 58.2581, 58.269, 58.279, 58.2249, 58.2869, 58.2941, 58.3801, 58.3289, 58.3012, 58.224, 58.275, 58.2321, 58.306, 58.2919, 58.2941, 58.198, 58.2831, 58.1319, 58.732, 58.0931, 58.1319, 58.62, 58.589, 58.156, 58.4331, 58.3081, 58.3529, 58.264, 58.2819, 58.3401, 58.29, 58.671, 58.253, 58.279, 58.378, 58.254, 58.2101, 58.3138, 58.322, 58.2719, 58.234, 58.9001, 58.264, 58.2759, 58.228, 58.2452, 58.3198, 58.2221, 58.27, 58.0339, 58.279, 58.2452, 58.347, 58.3098, 58.2721, 58.615, 58.3141, 58.0189, 58.255, 58.3491, 58.321, 58.372, 58.284, 58.2769, 58.2221, 58.702, 58.284, 58.2051, 58.2368, 58.8, 58.2681, 58.3079, 58.733, 58.3892, 58.2399, 58.342, 58.265, 58.253, 
Time to set up datastructures: 11678.7ms
56.6359, 56.664, 56.807, 56.6549, 56.6931, 56.7181, 56.613, 56.7069, 56.7849, 56.6981, 56.6089, 56.6828, 56.5901, 56.6571, 56.6421, 56.6759, 56.6931, 56.731, 56.5269, 56.5991, 56.6878, 56.5679, 56.6101, 56.746, 56.608, 56.731, 56.7009, 56.5989, 56.6621, 56.695, 56.639, 56.694, 56.637, 56.627, 56.6089, 56.7641, 56.663, 56.7648, 56.721, 56.6752, 56.705, 56.68, 56.6409, 56.7582, 56.6339, 56.6339, 56.618, 56.627, 56.5569, 56.6611, 56.6239, 56.5591, 56.5989, 56.684, 56.6761, 56.623, 56.6089, 56.5641, 56.5929, 56.6139, 56.736, 56.5882, 56.6769, 56.6311, 56.694, 56.7219, 56.654, 56.6881, 56.663, 56.7329, 56.7122, 56.7019, 56.7679, 56.7489, 56.6921, 56.644, 56.674, 56.669, 56.67, 56.7522, 56.5679, 56.5679, 56.6351, 56.6149, 56.607, 56.6111, 56.639, 56.6549, 56.5741, 56.632, 56.685, 56.638, 56.7172, 56.7579, 56.6142, 56.7009, 56.7851, 56.766, 56.7029, 56.6339, 
Running BlockCOH implementation
Time to set up datastructures: 13193ms
152.473, 152.301, 152.271, 152.207, 152.333, 152.372, 152.146, 152.313, 152.09, 152.253, 152.307, 152.178, 152.235, 152.471, 152.125, 152.384, 152.286, 152.3, 152.169, 152.161, 152.228, 152.413, 152.251, 152.237, 152.342, 152.377, 152.259, 152.354, 152.21, 152.27, 152.407, 152.554, 152.293, 152.223, 152.092, 152.24, 152.19, 152.136, 152.324, 152.314, 152.136, 152.122, 152.37, 152.245, 152.321, 152.6, 152.335, 152.224, 152.273, 152.181, 152.111, 153.059, 152.368, 152.046, 152.329, 152.379, 152.192, 152.332, 152.205, 152.144, 152.277, 152.286, 152.51, 152.214, 152.259, 152.219, 152.177, 152.346, 152.087, 152.314, 152.124, 152.166, 152.216, 152.108, 152.084, 152.3, 152.234, 152.502, 152.245, 152.3, 152.264, 152.219, 152.333, 152.27, 152.311, 152.186, 152.094, 152.329, 152.599, 152.234, 152.1, 152.296, 152.262, 152.328, 152.422, 152.595, 152.323, 152.638, 152.301, 152.087, 
Time to set up datastructures: 10793ms
148.638, 148.024, 147.988, 147.983, 147.795, 147.804, 148.383, 147.994, 147.807, 147.734, 148.006, 147.98, 148.265, 147.87, 147.933, 147.903, 147.928, 147.797, 147.919, 147.892, 148.14, 148.013, 147.87, 147.674, 147.742, 148.089, 148.053, 148.625, 148.474, 147.906, 147.847, 147.889, 147.873, 148.059, 147.973, 147.921, 147.664, 147.778, 147.947, 148.009, 147.705, 147.986, 147.767, 148.028, 147.936, 148.137, 148.378, 147.989, 148.487, 147.72, 148.063, 147.717, 148.108, 147.933, 148.604, 148.034, 147.774, 148.305, 148.207, 148.159, 147.867, 148.063, 147.949, 147.818, 147.57, 147.932, 148.219, 147.833, 148.101, 147.905, 147.777, 147.981, 147.799, 147.934, 147.943, 147.935, 147.962, 147.874, 147.771, 148.122, 147.9, 148.587, 148.132, 147.824, 148.377, 148.007, 148.166, 147.841, 147.956, 147.656, 147.833, 147.793, 147.834, 148.061, 147.78, 147.867, 148.206, 147.817, 148.073, 147.998, 
Time to set up datastructures: 10019.5ms
150.387, 150.878, 150.596, 150.622, 150.608, 150.473, 150.899, 150.653, 150.687, 151.026, 151.419, 150.667, 150.685, 150.703, 150.888, 150.443, 150.771, 150.651, 150.761, 150.743, 150.892, 150.581, 150.533, 150.758, 150.488, 150.54, 150.665, 150.967, 150.555, 150.634, 150.619, 150.449, 150.758, 150.597, 150.728, 150.696, 150.818, 150.619, 150.426, 150.508, 150.743, 150.654, 150.573, 150.608, 150.772, 150.648, 150.654, 150.696, 150.652, 150.53, 150.605, 150.659, 150.447, 150.593, 150.725, 150.539, 150.477, 150.426, 150.581, 150.703, 150.773, 150.69, 150.601, 150.516, 150.807, 150.492, 150.615, 150.679, 150.771, 150.727, 150.56, 150.637, 150.618, 150.59, 150.647, 150.692, 150.506, 150.603, 150.581, 150.526, 151.008, 150.636, 150.889, 150.611, 150.53, 150.78, 150.819, 150.842, 150.575, 150.571, 150.666, 150.559, 150.287, 150.767, 150.53, 150.563, 150.953, 150.714, 150.691, 150.533, 
Time to set up datastructures: 10146.8ms
157.966, 157.795, 157.834, 157.907, 157.845, 157.954, 157.936, 157.922, 157.954, 157.983, 157.663, 157.915, 157.965, 157.944, 157.816, 158.233, 157.86, 157.91, 157.722, 157.97, 157.933, 158.073, 157.774, 157.814, 158.037, 157.898, 157.991, 157.94, 157.947, 157.808, 157.807, 158.099, 158.006, 157.828, 157.703, 158.01, 157.883, 157.979, 157.849, 158.095, 158.033, 157.839, 157.919, 157.837, 157.92, 157.803, 157.801, 157.94, 157.963, 157.931, 157.927, 158.007, 158.074, 157.925, 157.934, 157.774, 157.936, 157.883, 157.777, 158.114, 157.797, 157.827, 158.081, 157.746, 157.754, 158.024, 157.9, 157.901, 157.868, 158.075, 157.966, 157.889, 157.967, 157.803, 157.914, 157.897, 157.741, 157.846, 158.019, 157.84, 157.801, 157.783, 158.096, 158.015, 157.985, 158.058, 157.788, 158.018, 157.667, 157.678, 157.771, 157.947, 157.745, 157.858, 157.988, 158.106, 157.931, 158.1, 157.871, 157.857, 
Time to set up datastructures: 11199.3ms
163.586, 163.928, 163.764, 163.908, 163.792, 163.716, 163.562, 163.5, 163.813, 163.948, 163.552, 163.961, 163.726, 163.583, 163.923, 163.784, 163.802, 163.717, 163.656, 163.958, 163.574, 163.845, 163.831, 163.854, 163.704, 163.921, 163.947, 163.709, 163.844, 163.529, 163.651, 163.654, 163.773, 164.513, 164.711, 163.511, 163.633, 163.771, 163.819, 163.86, 164.734, 163.788, 163.694, 163.603, 163.776, 163.721, 163.773, 163.796, 163.678, 163.57, 163.743, 163.767, 163.951, 163.486, 163.581, 163.617, 163.74, 163.767, 163.98, 163.562, 163.858, 163.685, 164.741, 163.913, 163.729, 163.807, 163.596, 163.612, 163.658, 163.64, 163.65, 163.38, 163.502, 163.671, 163.667, 163.76, 163.804, 163.845, 163.475, 163.599, 163.779, 163.477, 163.928, 163.597, 163.621, 163.721, 163.662, 163.913, 163.832, 163.956, 163.59, 163.729, 163.646, 163.814, 163.63, 163.597, 163.858, 163.708, 163.831, 163.804, 
Time to set up datastructures: 10861ms
175.565, 175.692, 175.258, 175.308, 175.46, 175.23, 175.446, 175.474, 175.326, 175.326, 175.249, 175.278, 175.501, 175.402, 175.332, 175.361, 175.456, 175.307, 175.46, 175.441, 175.282, 175.433, 175.11, 175.383, 175.405, 175.518, 175.349, 175.362, 175.337, 175.541, 175.49, 175.547, 175.45, 175.309, 175.308, 175.355, 175.29, 175.315, 175.27, 175.408, 175.502, 175.445, 175.492, 175.382, 175.378, 175.275, 175.401, 175.432, 175.331, 175.257, 175.347, 175.408, 175.322, 175.423, 175.221, 175.313, 175.44, 175.563, 175.454, 175.273, 175.37, 175.316, 175.377, 175.192, 175.431, 175.24, 175.191, 175.188, 175.185, 175.455, 175.473, 175.295, 175.403, 175.411, 175.432, 175.107, 175.465, 175.167, 175.442, 175.278, 175.22, 175.501, 175.472, 175.291, 175.304, 175.302, 175.468, 175.458, 175.221, 175.391, 175.187, 175.708, 175.705, 175.536, 175.266, 175.324, 175.582, 175.414, 175.253, 175.453, 
Time to set up datastructures: 11062ms
174.701, 174.704, 174.781, 174.627, 174.75, 174.76, 174.743, 174.523, 174.652, 174.819, 174.764, 175.063, 174.711, 174.895, 174.631, 174.711, 174.674, 174.55, 174.748, 174.677, 174.779, 174.72, 174.757, 174.679, 174.763, 174.771, 174.507, 174.554, 174.552, 174.608, 174.57, 174.546, 176.447, 174.693, 174.628, 174.577, 174.809, 174.792, 174.711, 174.697, 174.594, 174.611, 174.601, 174.593, 174.795, 174.532, 174.704, 174.815, 175.122, 174.862, 174.784, 174.675, 174.759, 174.688, 174.679, 174.657, 174.696, 174.5, 174.647, 174.619, 174.72, 174.791, 174.718, 174.651, 174.595, 174.649, 174.863, 174.65, 174.623, 174.536, 174.761, 174.623, 174.649, 174.876, 174.76, 174.716, 174.615, 174.714, 174.849, 174.653, 174.671, 174.688, 174.772, 174.748, 174.988, 174.791, 174.68, 174.699, 174.808, 174.677, 174.895, 174.575, 174.638, 174.772, 174.514, 174.715, 174.863, 174.526, 174.771, 174.607, 
Time to set up datastructures: 11198.2ms
181.854, 181.638, 181.551, 181.726, 181.588, 181.507, 181.652, 181.8, 181.599, 181.923, 181.656, 181.622, 181.309, 181.571, 181.603, 181.891, 182.024, 181.759, 181.59, 181.669, 181.935, 181.713, 181.523, 181.377, 181.663, 181.596, 181.874, 181.982, 181.582, 181.759, 181.819, 181.786, 181.833, 181.773, 181.433, 181.622, 181.724, 181.391, 181.911, 181.547, 181.575, 181.624, 181.851, 181.863, 181.595, 181.823, 181.559, 181.562, 181.713, 181.631, 181.846, 181.806, 181.943, 181.704, 181.787, 181.841, 181.772, 181.737, 181.597, 181.848, 181.815, 181.444, 181.553, 181.449, 181.769, 181.743, 181.778, 181.765, 181.568, 181.902, 181.867, 181.64, 181.459, 181.773, 181.595, 181.683, 181.862, 181.698, 181.732, 181.721, 181.727, 181.819, 182.075, 181.632, 181.713, 181.81, 181.813, 181.589, 181.673, 181.892, 181.653, 181.632, 181.825, 181.767, 181.805, 181.538, 181.629, 182, 181.662, 181.691, 
Time to set up datastructures: 10750.2ms
184.613, 185.282, 184.987, 185.044, 184.833, 184.909, 184.852, 185.09, 184.731, 184.7, 184.718, 184.828, 184.85, 184.707, 184.905, 184.706, 184.911, 184.751, 184.663, 184.779, 184.729, 187.083, 184.969, 184.623, 184.907, 184.852, 184.646, 184.888, 184.836, 184.748, 184.746, 184.955, 184.793, 184.85, 184.892, 185.562, 184.701, 184.82, 184.96, 184.736, 184.722, 184.627, 184.969, 185.052, 184.703, 184.75, 185.051, 184.751, 185.171, 184.926, 184.784, 184.803, 184.818, 184.765, 184.724, 184.879, 184.741, 184.823, 184.981, 184.746, 185.018, 184.777, 184.821, 184.632, 185.055, 184.639, 184.677, 184.876, 184.851, 184.988, 185.012, 184.734, 184.867, 184.72, 184.706, 184.941, 184.708, 184.719, 185.043, 184.765, 184.736, 185.342, 184.768, 184.77, 185.162, 184.974, 184.961, 184.798, 184.743, 184.87, 184.791, 185.103, 184.857, 184.679, 184.787, 184.949, 184.743, 185.157, 184.751, 184.883, 
Time to set up datastructures: 10675.5ms
172.897, 172.879, 172.571, 172.652, 173.381, 173.611, 172.596, 172.546, 172.827, 172.653, 172.821, 172.707, 172.738, 172.617, 173.094, 173.251, 172.755, 172.699, 172.435, 173.035, 172.956, 172.655, 172.448, 172.837, 172.58, 172.58, 172.534, 173.086, 172.758, 172.728, 172.518, 172.814, 172.736, 172.504, 172.883, 172.629, 172.517, 173.106, 172.891, 172.808, 172.779, 173.109, 172.921, 172.895, 172.606, 172.666, 172.903, 172.815, 172.578, 172.694, 172.718, 172.849, 172.749, 172.658, 172.529, 172.603, 172.709, 172.898, 172.845, 172.508, 172.751, 172.453, 172.855, 172.806, 172.68, 172.545, 172.612, 172.855, 173.747, 173.011, 172.568, 172.796, 172.74, 172.903, 173.031, 172.696, 172.579, 172.988, 173.909, 172.649, 172.809, 173.162, 172.692, 172.796, 172.804, 172.753, 172.661, 172.684, 172.672, 172.684, 172.543, 172.539, 172.776, 172.876, 172.886, 172.721, 172.751, 173.392, 172.855, 172.562, 
Time to set up datastructures: 10513.8ms
189.686, 189.5, 189.512, 189.539, 189.735, 189.676, 189.499, 189.723, 189.794, 189.799, 189.581, 189.474, 189.535, 189.549, 190.017, 190.645, 189.538, 189.666, 189.668, 189.613, 189.609, 189.838, 189.503, 189.53, 189.686, 189.574, 189.689, 189.678, 189.588, 189.45, 189.637, 189.51, 189.602, 189.478, 189.524, 189.546, 189.879, 189.743, 189.665, 189.487, 189.389, 189.678, 189.67, 189.602, 189.652, 189.485, 189.599, 189.739, 189.643, 189.637, 189.542, 189.446, 189.709, 189.638, 189.6, 189.561, 189.604, 189.735, 189.599, 189.596, 189.764, 189.685, 189.729, 189.734, 189.583, 189.57, 189.524, 189.514, 189.632, 189.59, 189.63, 189.719, 189.588, 189.805, 189.564, 189.659, 189.449, 189.657, 189.651, 189.485, 189.929, 189.693, 189.701, 189.715, 189.6, 189.487, 189.416, 189.591, 189.667, 189.61, 189.645, 189.538, 189.689, 189.309, 189.635, 189.73, 189.462, 189.682, 189.681, 189.704, 
Time to set up datastructures: 10763.9ms
191.362, 191.049, 191.218, 191.422, 191.414, 191.459, 191.514, 191.266, 191.602, 191.504, 191.368, 191.436, 191.34, 191.224, 191.363, 191.325, 191.493, 191.364, 191.391, 191.445, 191.356, 191.308, 191.35, 191.466, 191.425, 191.34, 191.182, 191.289, 191.265, 191.373, 191.081, 191.308, 191.395, 191.4, 191.378, 191.389, 191.302, 191.397, 191.246, 191.138, 191.084, 191.361, 191.167, 191.265, 191.056, 191.109, 191.072, 191.18, 191.092, 191.235, 191.336, 191.501, 191.335, 191.393, 191.412, 191.21, 191.278, 191.69, 191.417, 191.306, 191.47, 191.21, 191.348, 191.385, 191.284, 191.418, 191.408, 191.321, 191.342, 191.236, 191.397, 191.404, 191.526, 191.293, 191.272, 191.199, 191.579, 191.385, 191.248, 191.418, 191.485, 191.273, 191.451, 191.318, 191.323, 191.386, 191.163, 191.248, 191.257, 191.247, 191.155, 191.154, 191.269, 191.158, 191.168, 191.19, 191.101, 191.128, 191.214, 191.155, 
Time to set up datastructures: 10561.6ms
196.199, 196.079, 195.854, 196.281, 196.095, 195.714, 195.889, 195.532, 195.775, 195.865, 195.957, 195.812, 195.555, 195.807, 196.247, 196.235, 196.187, 196.265, 195.959, 196.148, 195.444, 195.417, 195.653, 195.42, 195.508, 195.36, 195.675, 195.498, 195.674, 195.417, 195.595, 195.587, 195.629, 195.448, 195.596, 195.669, 195.459, 195.875, 195.573, 195.573, 195.978, 195.645, 195.538, 195.359, 195.274, 195.57, 195.488, 195.339, 195.595, 195.554, 195.231, 195.915, 195.599, 195.416, 195.328, 195.737, 195.605, 195.52, 195.694, 195.655, 195.47, 195.652, 195.726, 195.539, 195.699, 195.499, 195.512, 195.334, 195.608, 195.387, 195.565, 195.642, 195.456, 195.514, 195.559, 195.474, 195.63, 195.774, 195.411, 195.628, 195.705, 195.363, 195.648, 195.598, 195.375, 195.416, 195.329, 195.446, 195.634, 195.533, 195.471, 195.6, 195.649, 195.378, 195.378, 195.443, 195.611, 195.693, 195.551, 195.591, 

run on commit: 13f96d2691d15f1db9e6fbb123ed75819301c34d