2 3 4 5 6 7 8 9 10 11 12 13 14
Running sequential algorithm
Time to set up datastructures: 5334.37ms
134.234, 135.049, 134.76, 134.14, 134.191, 134.003, 134.027, 134.159, 133.999, 134.454, 134.097, 133.963, 133.838, 135.387, 134.414, 134.605, 133.976, 134.533, 134.099, 133.895, 134.047, 134.029, 133.921, 135.155, 135.256, 134.109, 133.857, 134.377, 134.615, 133.95, 134.111, 134.162, 134.215, 134.017, 133.919, 135.167, 134.383, 134.003, 134.41, 134.47, 134.031, 134.183, 134.445, 134.325, 133.853, 134.047, 133.939, 135.408, 133.916, 133.933, 134.196, 134.041, 134.465, 134.414, 134.045, 133.999, 134.083, 134.27, 135.158, 133.959, 133.892, 134.133, 134.714, 133.812, 133.94, 134.116, 133.911, 134.081, 134.594, 134.755, 134.949, 135.052, 134.131, 133.948, 134.419, 134.852, 134.763, 134.165, 134.053, 134.176, 134.156, 135.052, 134.061, 134.63, 133.901, 133.969, 133.988, 134.045, 133.954, 133.979, 134.009, 133.93, 136.216, 134.173, 133.837, 134.04, 134.003, 134.274, 135.996, 134.277, 
Running OpenMP implementation
Time to set up datastructures: 8698.93ms
72.89, 72.9818, 72.907, 72.897, 72.952, 72.9749, 72.962, 72.9101, 72.9589, 72.8061, 72.988, 73.0228, 72.993, 72.8951, 72.9389, 73.0021, 73.0789, 72.9251, 72.7801, 73.123, 73.123, 72.875, 72.845, 72.8729, 72.9401, 72.9029, 72.9201, 72.9291, 72.9709, 73.086, 73.0021, 72.9351, 72.8719, 72.9229, 72.8221, 72.8559, 72.9749, 73.0541, 72.8669, 72.8381, 72.957, 72.87, 72.8061, 73.077, 72.8979, 72.7711, 72.8509, 73.235, 72.9811, 72.8729, 72.912, 72.859, 72.912, 72.9661, 73.0119, 73.1201, 72.9699, 72.932, 73.041, 72.85, 73.0841, 72.9001, 72.907, 72.897, 72.932, 73.0572, 72.9189, 72.9139, 72.8948, 72.8772, 73.071, 73.0178, 72.824, 72.9179, 72.9599, 73.0882, 72.9251, 72.9249, 72.921, 72.803, 73.0541, 72.932, 72.9339, 73.0491, 73.1261, 73.005, 72.8309, 72.896, 72.916, 72.8929, 72.9399, 72.9601, 73.0579, 72.9861, 72.8309, 72.8779, 72.902, 72.9861, 72.881, 72.8359, 
Time to set up datastructures: 6619.71ms
60.22, 60.488, 60.2021, 60.204, 60.22, 60.2281, 60.2329, 60.1392, 60.215, 60.159, 60.2322, 60.2298, 60.3058, 60.209, 60.4742, 60.2429, 60.2231, 60.1699, 60.2009, 60.149, 60.1749, 60.297, 60.1881, 60.2291, 60.1859, 60.1912, 60.2179, 60.2832, 60.163, 60.261, 60.194, 60.1699, 60.2582, 60.2219, 60.5872, 60.2138, 60.2679, 60.2241, 60.236, 60.2438, 60.1878, 60.1668, 60.153, 60.2291, 60.216, 60.2241, 60.235, 60.3871, 60.3371, 60.147, 60.1468, 60.2319, 60.2109, 60.272, 60.3158, 60.2961, 60.421, 60.4851, 60.281, 60.1821, 60.216, 60.3011, 60.2288, 60.0691, 60.185, 60.2791, 60.133, 60.4141, 60.5171, 60.2109, 60.2911, 60.266, 60.24, 60.1909, 60.2028, 60.1671, 60.1552, 60.1609, 60.2298, 60.2598, 60.2341, 60.4761, 60.1869, 60.1768, 60.132, 60.334, 60.426, 60.1709, 60.333, 60.359, 60.2851, 60.2131, 60.2169, 60.2951, 60.2059, 60.2281, 60.22, 60.1819, 60.2062, 60.21, 
Time to set up datastructures: 11373.9ms
56.849, 56.8349, 56.782, 56.9241, 56.843, 56.896, 56.7989, 56.8228, 56.8631, 56.7832, 56.8459, 56.875, 56.8831, 56.8321, 56.8368, 56.6161, 56.8411, 56.855, 56.7651, 56.8819, 56.818, 56.859, 56.9019, 56.8399, 56.854, 56.828, 56.803, 56.8349, 56.8888, 56.8402, 56.855, 56.7999, 56.859, 56.8912, 56.8788, 56.8039, 56.8759, 56.8111, 56.8271, 56.8209, 56.8221, 56.8321, 56.8409, 56.8452, 56.8478, 56.8571, 56.855, 56.9701, 56.8969, 56.88, 56.6781, 56.839, 56.839, 56.8831, 56.8049, 56.8731, 56.8249, 56.926, 56.8252, 56.8118, 56.8411, 56.8271, 56.8528, 56.865, 56.7989, 56.808, 56.854, 56.864, 56.854, 56.9592, 56.8399, 56.7851, 56.7858, 56.793, 56.8461, 56.88, 56.814, 56.8361, 56.844, 56.8738, 56.8409, 56.906, 56.8011, 56.819, 56.8521, 56.886, 56.6809, 56.8361, 56.849, 56.8731, 56.7548, 56.803, 56.85, 56.859, 56.8509, 56.8931, 56.7989, 56.8709, 56.8352, 56.7749, 
Time to set up datastructures: 10813.2ms
56.0391, 57.3828, 56.0548, 55.9678, 55.8939, 55.9609, 56.0031, 55.9249, 55.9678, 55.9442, 55.9499, 56, 56.0601, 55.9869, 55.9402, 55.948, 55.9618, 56.004, 55.9702, 55.9039, 55.927, 55.876, 55.948, 55.968, 55.9008, 55.9719, 55.9051, 56.0369, 55.9821, 55.9881, 55.8889, 55.9702, 55.8839, 55.9151, 55.932, 55.964, 55.9769, 55.9962, 55.933, 55.9449, 55.939, 55.9261, 55.9161, 55.953, 55.922, 55.9609, 56.1671, 55.948, 55.964, 55.9471, 55.9111, 55.9089, 55.912, 55.9471, 55.9289, 55.902, 55.907, 55.9402, 55.9859, 55.9552, 55.913, 55.985, 55.9371, 55.975, 56.0291, 55.9461, 55.9449, 55.944, 56.0191, 55.9881, 55.923, 55.9671, 55.9149, 56.015, 55.9649, 55.912, 55.948, 55.934, 55.898, 55.903, 55.9418, 55.97, 55.9671, 55.97, 55.969, 55.9268, 55.9411, 55.8681, 55.9089, 55.9111, 56.2129, 55.9471, 55.994, 55.969, 55.86, 55.933, 55.97, 55.974, 55.9242, 55.9468, 
Time to set up datastructures: 11413.4ms
55.861, 55.856, 55.8851, 55.8431, 55.851, 55.8369, 55.829, 55.788, 55.8741, 55.8648, 55.8648, 55.84, 55.8119, 55.799, 55.845, 55.7649, 55.8512, 55.8889, 55.855, 55.9211, 55.8569, 56.2479, 55.845, 55.866, 55.8269, 55.814, 55.82, 55.809, 55.8548, 55.7921, 55.825, 55.861, 55.831, 55.8321, 55.8419, 55.809, 55.824, 55.81, 55.8541, 55.8619, 55.855, 55.9289, 55.876, 55.83, 55.8672, 55.8479, 55.835, 55.8319, 55.845, 55.8178, 55.8341, 55.7871, 55.8689, 55.9101, 55.7649, 55.805, 55.8438, 55.764, 55.7649, 55.867, 55.793, 55.8071, 55.856, 55.8989, 55.8009, 55.799, 55.866, 55.8472, 55.8188, 55.768, 55.7709, 55.84, 55.922, 55.8159, 55.8171, 55.8548, 55.8009, 55.865, 55.784, 55.815, 55.8131, 55.8829, 55.861, 55.8341, 55.8629, 55.788, 55.793, 55.8441, 55.83, 55.824, 55.8279, 55.82, 55.8019, 55.7621, 55.81, 55.8591, 55.8228, 55.7711, 55.8379, 55.784, 
Time to set up datastructures: 13014.6ms
55.9299, 55.8412, 55.8889, 55.881, 55.86, 55.8739, 55.912, 55.8901, 55.8839, 55.8491, 55.871, 55.867, 55.846, 55.86, 55.8581, 55.8529, 55.902, 55.9111, 55.788, 55.8619, 55.8381, 55.8732, 55.8689, 55.8469, 55.913, 55.9108, 55.8801, 55.8631, 55.912, 55.897, 55.855, 55.944, 55.8789, 55.9001, 55.8419, 55.9199, 55.886, 55.8701, 55.8419, 55.8572, 55.8698, 55.8431, 55.867, 55.846, 55.886, 55.8321, 55.897, 55.8269, 55.9161, 55.891, 55.831, 55.872, 55.8641, 55.9649, 55.85, 55.8221, 55.8329, 55.85, 55.897, 55.9051, 55.8941, 55.856, 55.877, 55.86, 55.9599, 55.923, 55.8321, 55.851, 55.8789, 55.865, 55.8929, 55.8472, 55.8438, 55.887, 55.8341, 55.8481, 55.9149, 55.9762, 55.9518, 55.846, 55.8472, 55.887, 55.867, 55.867, 55.871, 55.814, 55.877, 55.831, 55.8641, 55.9499, 55.8739, 55.9101, 55.897, 55.86, 55.8491, 55.9039, 55.886, 55.8341, 55.8901, 55.8901, 
Time to set up datastructures: 11771.6ms
56.2272, 56.2408, 56.257, 56.309, 56.2341, 56.2239, 56.1712, 56.1559, 56.268, 56.216, 56.226, 56.2041, 56.2029, 56.258, 56.2668, 56.2592, 56.3369, 56.2751, 56.174, 56.2611, 56.283, 56.2229, 56.5481, 56.2658, 56.2801, 56.217, 56.1841, 56.2088, 56.2921, 56.2332, 56.314, 56.1869, 56.5009, 56.303, 56.263, 56.2742, 56.2689, 56.2699, 56.313, 56.2, 56.1721, 56.2668, 56.303, 56.227, 56.3278, 56.2742, 56.195, 56.2129, 56.251, 56.3009, 56.241, 56.263, 56.2761, 56.33, 56.2301, 56.334, 56.2491, 56.175, 56.2921, 56.2129, 56.2279, 56.231, 56.2818, 56.2871, 56.299, 56.1781, 56.278, 56.251, 56.2029, 56.2761, 56.16, 56.246, 56.2661, 56.17, 56.174, 56.2561, 56.206, 56.2811, 56.2439, 56.237, 56.283, 56.242, 56.2491, 56.262, 56.191, 56.1891, 57.3008, 56.803, 56.2148, 56.242, 56.1771, 56.3171, 56.268, 56.2739, 56.113, 56.2871, 56.2479, 56.195, 56.2761, 56.324, 
Time to set up datastructures: 11953.6ms
56.1972, 56.231, 56.169, 56.217, 56.113, 56.21, 56.1969, 56.175, 56.1872, 56.231, 56.1979, 56.186, 56.144, 56.175, 56.1738, 56.1509, 56.165, 56.215, 56.205, 56.1821, 56.1538, 56.2551, 56.191, 56.191, 56.1459, 56.185, 56.1891, 56.159, 56.1321, 56.232, 56.1509, 56.1862, 56.2229, 56.0949, 56.1938, 56.1118, 56.1738, 56.1771, 56.1731, 56.216, 56.1631, 56.159, 56.113, 56.196, 56.206, 56.206, 56.1771, 56.175, 56.1759, 56.175, 56.2112, 56.165, 56.1759, 56.1581, 56.2658, 56.1962, 56.0958, 56.2181, 56.2649, 56.175, 56.1311, 56.1409, 56.1621, 56.226, 56.191, 56.164, 56.083, 56.237, 56.1979, 56.1891, 56.1759, 56.215, 56.1891, 56.222, 56.118, 56.2069, 56.0961, 56.1299, 56.1481, 56.124, 56.222, 56.2129, 56.2279, 56.1328, 56.1559, 56.201, 56.2501, 56.1371, 56.222, 56.2019, 56.1841, 56.1271, 56.237, 56.2029, 56.2291, 56.211, 56.1681, 56.1769, 56.169, 56.222, 
Time to set up datastructures: 12002.9ms
56.2701, 56.2189, 56.3421, 56.4449, 56.2761, 56.2651, 56.3509, 56.2081, 56.2758, 56.293, 56.3462, 56.2909, 56.2701, 56.2758, 56.2749, 56.3309, 56.3622, 56.3049, 56.303, 56.2689, 56.3111, 56.3738, 56.268, 56.318, 56.344, 56.241, 56.3369, 56.2768, 56.293, 56.278, 56.3169, 56.2851, 56.2561, 56.262, 56.406, 56.314, 56.298, 56.262, 56.308, 56.3118, 56.3002, 56.2868, 56.2491, 56.2811, 56.325, 56.2899, 56.3641, 56.3741, 56.298, 56.371, 56.241, 56.283, 56.3011, 56.2868, 56.2868, 56.241, 56.3068, 56.215, 56.2329, 56.2801, 56.3419, 56.3538, 56.3021, 56.314, 56.272, 56.313, 56.33, 56.2441, 56.284, 56.32, 56.3111, 56.2611, 56.3049, 56.268, 56.4032, 56.2429, 56.3171, 56.242, 56.2358, 56.303, 56.2739, 56.3331, 56.2088, 56.308, 56.2701, 56.2758, 56.3612, 56.262, 56.324, 56.288, 56.247, 56.2499, 56.3018, 56.252, 56.3459, 56.304, 56.2201, 56.335, 56.221, 56.299, 
Time to set up datastructures: 11884.4ms
56.52, 56.462, 56.51, 56.4141, 56.5209, 56.5391, 56.479, 56.6149, 56.5681, 56.7029, 56.5729, 56.633, 56.5059, 56.4711, 56.4189, 56.6778, 56.555, 56.514, 56.556, 56.608, 56.519, 56.5391, 56.5522, 56.4649, 56.493, 56.5259, 56.4489, 56.4382, 56.5128, 56.5462, 56.3879, 56.3371, 56.6778, 56.608, 56.8769, 56.5221, 56.515, 56.4301, 56.4499, 56.5059, 56.3681, 56.483, 56.6211, 56.597, 56.427, 56.524, 56.4559, 56.5441, 56.541, 56.4191, 56.428, 56.597, 56.545, 56.5441, 56.592, 56.5419, 56.5908, 56.4151, 56.488, 56.4859, 56.5598, 56.567, 56.426, 56.5131, 56.489, 56.479, 56.5329, 56.426, 56.555, 56.5321, 56.5999, 56.5231, 56.452, 56.4809, 56.402, 56.5228, 56.581, 56.4079, 56.673, 56.5369, 56.5081, 56.4339, 56.56, 56.515, 56.582, 56.555, 56.51, 56.5431, 56.519, 56.5331, 56.572, 56.392, 56.679, 56.411, 56.469, 56.462, 56.4849, 56.4539, 56.39, 56.495, 
Time to set up datastructures: 11954.6ms
57.148, 56.967, 57.0261, 57.0369, 56.7269, 57.0002, 56.9999, 56.983, 56.819, 56.834, 56.8402, 56.9289, 56.8531, 57.045, 57.0681, 56.833, 57.0478, 57.004, 57.0011, 56.953, 57.1351, 57.009, 57.019, 57.0421, 57.081, 57.0841, 56.9668, 56.8719, 56.869, 56.9539, 56.9632, 56.9978, 56.911, 57.0259, 56.9611, 57.009, 57.066, 56.972, 57.023, 56.8151, 56.874, 56.9909, 56.936, 57.0021, 56.8821, 57.0679, 57.1129, 56.952, 57.0209, 57.003, 56.9901, 57.1749, 56.849, 56.9899, 56.9122, 56.953, 57.0259, 56.9501, 57.029, 57.0281, 56.895, 56.958, 57.0011, 57.0469, 56.987, 56.8969, 56.8259, 56.8609, 56.9708, 56.808, 56.999, 57.096, 56.8891, 56.9479, 56.9601, 56.9038, 57.086, 56.762, 57.0941, 56.9119, 57.0421, 57.06, 56.886, 57.056, 56.9611, 56.999, 57.0571, 56.8829, 57.014, 57.0521, 56.9251, 56.859, 57.0509, 57.0631, 56.8631, 56.9239, 57.0011, 56.865, 56.921, 56.8841, 
Time to set up datastructures: 12060.7ms
56.5872, 56.7069, 56.6869, 56.699, 56.663, 56.6189, 56.6268, 56.8402, 56.807, 56.8209, 56.6649, 56.6912, 56.803, 56.74, 56.7379, 56.7181, 56.6931, 56.6869, 56.5941, 56.592, 56.7589, 56.5841, 56.6909, 56.7899, 56.6828, 56.7179, 56.6859, 56.669, 56.7851, 56.8061, 56.8619, 56.7641, 56.814, 56.628, 56.659, 56.6909, 56.6442, 56.6819, 56.5481, 56.566, 56.7069, 56.761, 56.637, 56.6981, 56.7348, 56.7079, 56.7131, 56.8359, 56.7682, 56.859, 56.6528, 56.6962, 56.812, 56.7398, 56.7131, 56.704, 56.73, 56.694, 56.597, 56.5379, 56.854, 56.8638, 56.7312, 56.6649, 56.7999, 56.5681, 56.577, 56.802, 56.772, 56.726, 56.716, 56.56, 56.7601, 56.6711, 56.6919, 56.6261, 56.633, 56.6411, 56.5569, 56.848, 56.7501, 56.6571, 56.7598, 56.6359, 56.7291, 56.823, 56.632, 56.7899, 56.6502, 56.69, 56.6859, 56.7122, 56.8259, 56.653, 56.7892, 56.7329, 56.5801, 56.885, 56.7241, 56.808, 
Time to set up datastructures: 12010.9ms
56.932, 57.0481, 57.127, 57.092, 57.112, 57.1048, 57.1132, 57.1699, 57.137, 56.957, 57.1051, 56.9639, 56.9379, 56.963, 57.013, 57.0469, 57.055, 57.121, 57.0982, 57.142, 57.1709, 57.0629, 57.2681, 57.0979, 57.2281, 57.188, 57.097, 56.9899, 57.07, 57.049, 57.122, 57.059, 57.004, 57.0991, 57.1208, 57.034, 56.9661, 57.04, 57.0459, 56.9441, 57.081, 57.076, 56.9589, 57.1022, 57.174, 57.1771, 57.1818, 57.173, 57.126, 57.2011, 56.9689, 57.0099, 57.039, 56.9551, 57.122, 57.076, 57.092, 57.019, 57.076, 57.1358, 57.091, 57.075, 56.9141, 57.0459, 57.0021, 56.9689, 57.1201, 57.1539, 57.1451, 57.116, 56.963, 57.008, 56.9351, 57.0259, 57.2412, 57.0409, 56.8519, 57.0378, 57.1861, 56.9999, 57.4031, 57.0331, 57.1098, 57.085, 57.101, 57.0672, 57.0331, 57.1239, 57.1899, 57.1001, 57.0331, 57.1589, 57.0409, 57.184, 57.1241, 57.0509, 57.0641, 57.1089, 57.1651, 56.989, 
Running TBB implementation
Time to set up datastructures: 8569.63ms
76.441, 76.5319, 76.829, 76.5419, 76.3531, 76.5779, 76.5321, 76.5209, 76.658, 76.4961, 76.4189, 76.7212, 76.4718, 76.3621, 76.3679, 76.365, 76.5731, 76.52, 76.5541, 76.525, 76.4129, 76.5719, 76.5021, 76.4699, 77.0361, 76.7379, 76.4921, 76.5359, 76.736, 76.4821, 76.5622, 76.4189, 77.04, 76.2992, 76.473, 76.4999, 76.5851, 76.714, 76.4809, 76.467, 76.771, 76.4711, 76.483, 76.911, 76.5841, 76.438, 76.4589, 76.611, 76.4971, 76.622, 76.628, 76.5221, 76.3459, 76.54, 76.607, 76.4911, 76.714, 76.5119, 77.024, 76.441, 76.596, 76.5929, 76.4692, 76.494, 76.489, 76.6959, 76.5731, 76.5629, 76.3612, 76.5469, 76.4232, 76.607, 76.52, 76.551, 76.5152, 76.498, 76.4558, 76.34, 76.4751, 76.4871, 76.6339, 76.503, 76.5059, 76.432, 76.6921, 76.5429, 76.755, 76.3772, 76.4949, 76.4129, 76.6351, 76.4229, 76.4329, 76.5052, 76.4949, 76.54, 76.7012, 76.546, 76.411, 76.483, 
Time to set up datastructures: 6583.29ms
61.5449, 61.326, 61.4531, 61.7628, 61.5752, 61.8169, 61.353, 61.4061, 61.3518, 61.3892, 61.3759, 61.4741, 61.3649, 61.388, 61.3751, 61.409, 61.3101, 61.41, 61.46, 61.517, 61.3661, 61.3871, 61.362, 61.4738, 61.522, 61.5768, 61.341, 61.4882, 61.3029, 61.444, 61.6081, 61.455, 61.496, 61.4181, 61.466, 61.218, 61.305, 61.3821, 61.4049, 61.4998, 61.403, 61.4631, 61.3749, 61.331, 61.4061, 61.4169, 61.528, 61.516, 61.3742, 61.312, 61.7321, 61.7509, 61.3441, 61.4119, 61.4371, 61.691, 61.7139, 61.5079, 61.5871, 61.4901, 61.2509, 61.3751, 61.456, 61.408, 61.496, 61.415, 61.446, 61.4102, 61.553, 61.6279, 61.8632, 61.3348, 61.3241, 61.439, 61.456, 61.4491, 61.4111, 61.2879, 61.5549, 61.419, 61.691, 61.5041, 61.465, 61.439, 61.6288, 61.4002, 61.4641, 61.518, 61.3859, 61.357, 61.6031, 61.506, 61.4231, 61.4078, 61.2781, 61.424, 61.4231, 61.6848, 61.466, 61.3818, 
Time to set up datastructures: 11505ms
57.5118, 57.2951, 57.663, 57.5221, 57.2481, 57.6429, 57.4789, 57.4832, 57.2338, 57.6391, 57.1971, 57.2999, 57.5051, 57.323, 57.683, 57.219, 57.6389, 57.4791, 57.4849, 57.3821, 57.163, 57.3671, 57.2069, 57.3261, 57.3499, 57.539, 57.395, 57.6222, 57.4579, 57.466, 57.2441, 57.6069, 57.579, 57.409, 57.5578, 57.1961, 57.308, 57.62, 57.2209, 57.5941, 57.1921, 57.3449, 57.4951, 57.4539, 57.41, 57.137, 57.375, 57.477, 57.5562, 57.2829, 57.394, 57.6279, 57.2751, 57.5061, 57.6339, 57.224, 57.3671, 57.5509, 57.3461, 57.3981, 57.4419, 57.368, 57.5039, 57.409, 57.5011, 57.4589, 57.2481, 57.3559, 57.405, 57.6239, 57.2231, 57.3521, 57.4028, 57.7669, 57.5421, 57.1828, 57.466, 57.4591, 57.662, 57.272, 57.3881, 57.312, 57.548, 57.518, 57.2948, 57.3752, 57.452, 57.4911, 57.179, 57.503, 57.651, 57.2588, 57.5161, 57.04, 57.6382, 57.199, 57.461, 57.6138, 57.41, 57.327, 
Time to set up datastructures: 10937.1ms
56.067, 56.3931, 56.2019, 56.4141, 56.006, 56.031, 56.4151, 56.2849, 56.366, 56.267, 56.3371, 55.9769, 56.3061, 56.1419, 56.3881, 56.2589, 56.1011, 56.072, 56.2909, 56.2918, 56.052, 56.3579, 56.226, 56.1681, 56.3428, 56.2131, 56.0651, 56.1659, 56.4559, 56.143, 56.0031, 56.1469, 56.4561, 56.2201, 56.179, 56.1569, 56.211, 56.4032, 56.004, 56.4189, 56.5829, 56.0601, 56.4291, 56.1059, 56.2618, 56.1318, 56.308, 56.0751, 56.1199, 56.118, 56.283, 56.1111, 56.4311, 56.154, 56.2959, 56.2561, 56.042, 56.1421, 56.2141, 56.1519, 56.4291, 56.0689, 56.195, 56.19, 56.109, 56.4389, 56.0031, 56.3359, 56.0789, 56.1831, 56.2239, 56.2181, 56.4308, 56.3929, 56.0601, 56.0119, 56.2661, 56.484, 55.933, 56.515, 56.0651, 56.3369, 56.3061, 56.005, 56.149, 56.361, 56.7091, 56.288, 56.5081, 56.0579, 56.1211, 56.375, 56.5, 56.1099, 56.072, 56.237, 56.484, 56.4001, 56.1461, 56.191, 
Time to set up datastructures: 11715.7ms
55.912, 55.583, 55.532, 55.8031, 55.3119, 55.7191, 55.7449, 55.9621, 55.6159, 55.8271, 55.752, 55.479, 55.8259, 55.8889, 55.8751, 55.6581, 55.6839, 55.748, 55.881, 55.63, 55.831, 55.6979, 55.397, 55.8271, 55.8689, 55.8331, 55.871, 55.6281, 55.9099, 55.836, 55.6662, 55.8388, 55.9151, 55.8171, 55.784, 55.9978, 55.7592, 56.0019, 55.7549, 55.717, 55.4781, 56.0911, 55.8729, 55.8121, 55.6939, 55.886, 55.8131, 55.917, 55.6459, 55.721, 55.9661, 55.6901, 55.8498, 56.015, 55.737, 55.6989, 55.8102, 55.877, 55.8701, 55.4609, 55.959, 55.8331, 55.6099, 55.8131, 56.0861, 55.7411, 55.892, 55.613, 55.815, 55.527, 55.841, 55.548, 56.011, 55.6319, 56.0431, 55.5859, 55.9721, 55.9559, 55.613, 55.9101, 55.7821, 55.6109, 55.824, 55.7969, 55.701, 55.563, 55.6049, 56.067, 55.793, 55.5689, 55.6569, 55.794, 55.819, 55.8591, 55.6259, 55.9399, 55.7451, 55.5711, 55.98, 55.7981, 
Time to set up datastructures: 11904.3ms
56.2, 56.073, 56.2329, 55.9211, 55.835, 56.1061, 56.1399, 56.283, 55.861, 56.031, 56.2041, 56.0279, 55.686, 55.866, 56.3719, 56.0679, 55.738, 56.02, 55.8119, 56.056, 56.222, 56.1221, 55.6951, 55.8, 56.0071, 56.0379, 56.0939, 56.205, 56.0091, 55.9781, 56.2868, 55.9242, 56.0169, 56.0191, 56.0451, 55.9518, 56.3059, 55.8891, 56.1628, 56.1481, 56.134, 56.1121, 55.7599, 56.0749, 55.7981, 56.0071, 56.1779, 56.047, 55.8622, 56.144, 56.1149, 55.9599, 56.262, 55.9962, 55.8739, 55.697, 56.0341, 56.042, 56.1471, 56.093, 55.654, 55.903, 56.2241, 55.7649, 56.1991, 56.1759, 56.072, 56.0479, 56.031, 55.7551, 56.1168, 56.102, 56.123, 56.133, 56.1969, 56.005, 55.8441, 55.9621, 56.123, 55.675, 56.2639, 55.934, 56.0682, 56.0288, 56.175, 56.0741, 55.8739, 55.943, 56.1361, 56.0069, 56.2181, 56.361, 56.0079, 55.7311, 55.989, 55.974, 56.0131, 55.831, 56.149, 55.9521, 
Time to set up datastructures: 11912ms
55.7351, 55.7599, 55.7032, 55.7799, 55.7661, 56.0498, 56.124, 55.6161, 55.887, 56.1771, 56.006, 56.102, 55.6321, 55.825, 56.1619, 56.0291, 56.1099, 55.9731, 56.1481, 56.1411, 55.8259, 56.1581, 55.7439, 56.3631, 56.0439, 56.0551, 55.9971, 55.9061, 56.113, 56.179, 55.9108, 56.2692, 55.7969, 55.999, 56.005, 55.8732, 56.268, 56.0741, 55.8348, 55.8131, 56.2019, 55.7718, 55.9821, 56.1371, 55.9139, 56.036, 55.805, 56.057, 55.8691, 55.8619, 56.123, 56.123, 55.953, 55.928, 56.2439, 55.933, 55.6691, 55.8372, 56.251, 55.6009, 56.17, 55.9571, 55.829, 55.7408, 56.2811, 55.665, 55.8231, 55.9039, 56.1509, 55.8672, 56.4198, 56.0939, 56.0591, 55.8469, 55.943, 55.9871, 55.7671, 55.6688, 56.2942, 56.056, 56.067, 55.341, 56.3359, 56.092, 55.861, 55.8779, 56.0179, 55.676, 56.2241, 55.6021, 56.0448, 56.0341, 55.944, 55.8221, 56.1061, 55.9478, 56.1831, 56.035, 56.118, 55.9361, 
Time to set up datastructures: 12304.5ms
56.1368, 56.2091, 55.727, 56.2611, 55.9969, 56.1092, 56.011, 56.36, 56.052, 56.1869, 56.0229, 56.366, 55.7461, 56.159, 55.9311, 56.155, 56.1008, 56.0801, 56.1769, 55.83, 56.2968, 56.2851, 55.9518, 55.9902, 55.8999, 55.877, 56.4182, 56.047, 56.062, 56.2789, 55.5751, 56.3099, 55.917, 56.201, 55.5389, 55.85, 55.6619, 55.892, 55.9418, 55.9092, 56.217, 56.2079, 55.7601, 55.9199, 56.2141, 56.133, 56.1049, 56.1872, 56.0329, 55.7292, 55.723, 56.155, 56.0169, 55.9192, 55.7699, 56.154, 56.2749, 55.7461, 56.2739, 55.9981, 56.2479, 56.072, 56.108, 56.272, 55.5689, 55.99, 56.1371, 56.0899, 55.9502, 56.2179, 55.9969, 55.994, 55.768, 56.4132, 55.764, 56.299, 56.1049, 56.0641, 55.8491, 55.7878, 55.8038, 56.025, 55.882, 55.8681, 56.042, 55.6879, 55.6061, 56.2439, 55.8732, 55.8329, 56.0331, 56.267, 56.0379, 56.0541, 55.7249, 56.0081, 56.072, 56.036, 55.9452, 56.2689, 
Time to set up datastructures: 12069.1ms
56.237, 55.968, 55.963, 56.052, 55.9111, 56.4828, 56.0491, 56.066, 56.371, 56.0889, 56.4241, 56.1891, 55.97, 56.2561, 56.1719, 56.1161, 56.227, 56.164, 56.2301, 56.4039, 55.985, 56.0608, 56.098, 56.545, 55.629, 56.375, 55.84, 56.2479, 56.376, 56.0131, 55.712, 56.056, 56.433, 55.892, 56.479, 55.7799, 56.2491, 56.19, 56.272, 56.2479, 55.9099, 56.3731, 56.2451, 56.3848, 56.344, 56.1831, 55.9621, 55.97, 56.0949, 56.1481, 56.294, 56.16, 56.0219, 56.6161, 55.861, 56.608, 56.2701, 55.9969, 56.3421, 56.3259, 55.9821, 56.072, 56.1419, 56.114, 55.98, 56.3538, 55.759, 56.262, 55.831, 56.273, 56.1769, 56.4921, 56.416, 56.5059, 56.206, 56.2191, 56.3221, 56.2549, 56.4301, 56.2599, 55.9971, 56.4289, 56.2069, 56.314, 55.9812, 56.3319, 56.284, 56.2358, 55.9971, 56.1569, 56.1042, 56.2649, 56.0782, 56.519, 56.1888, 56.138, 56.1922, 56.0958, 56.237, 56.3879, 
Time to set up datastructures: 11851.7ms
55.9211, 56.6499, 56.4082, 56.354, 56.319, 56.304, 56.824, 56.3171, 56.458, 56.061, 56.684, 55.81, 55.9289, 55.7389, 56.319, 55.9402, 56.319, 56.32, 56.2069, 56.3841, 55.9368, 56.6471, 56.4899, 56.365, 56.2508, 56.5381, 56.237, 56.4251, 56.4878, 56.2029, 56.1502, 56.8128, 55.9709, 56.355, 56.309, 56.7241, 56.0801, 56.4771, 55.9039, 56.1829, 56.1879, 55.9301, 56.2549, 56.4702, 56.5369, 56.107, 56.1659, 56.4981, 56.5929, 56.391, 56.4029, 56.392, 56.5581, 56.3769, 56.8571, 56.2139, 56.3509, 56.1171, 56.0989, 56.3452, 56.4098, 56.0651, 56.6809, 56.1121, 56.304, 56.3719, 56.52, 56.494, 56.3021, 56.52, 56.309, 56.1941, 56.735, 56.3149, 56.2, 56.5619, 56.6468, 55.871, 56.8242, 56.1349, 56.649, 56.407, 55.98, 56.2789, 56.5741, 56.236, 56.4039, 56.1211, 56.5691, 56.0069, 56.309, 56.87, 56.416, 56.0231, 56.4899, 56.705, 56.7729, 56.1302, 56.4358, 56.4921, 
Time to set up datastructures: 11848.6ms
56.674, 56.792, 56.5579, 56.417, 56.917, 56.7911, 56.6339, 56.7632, 57.261, 57.6999, 56.278, 56.9541, 56.294, 56.4439, 56.9649, 56.623, 56.196, 56.5071, 56.8011, 56.74, 56.5069, 56.905, 56.7942, 55.8689, 56.205, 56.8681, 56.9119, 56.8342, 56.792, 56.972, 56.7329, 56.5841, 56.1678, 57.04, 56.6492, 57.045, 56.8678, 56.565, 56.6912, 56.855, 56.4461, 56.7338, 56.3071, 56.9801, 56.9229, 56.9179, 56.2391, 56.592, 57.0059, 56.9341, 56.5071, 57.0078, 56.5701, 56.72, 56.983, 56.1779, 56.3741, 56.4189, 56.767, 56.987, 55.8681, 56.7329, 56.91, 57.0159, 56.195, 56.9069, 55.8848, 57.265, 56.4511, 56.4229, 57.137, 56.6559, 56.7801, 56.284, 56.7391, 56.9139, 56.8321, 57.0381, 56.5209, 56.5989, 56.5591, 56.721, 56.818, 56.705, 56.694, 57.0371, 56.643, 56.9739, 56.6971, 56.2849, 56.994, 56.664, 56.7071, 56.4671, 56.695, 56.0699, 57.1101, 56.8101, 56.8171, 56.417, 
Time to set up datastructures: 11889.7ms
56.653, 56.129, 56.9, 57.0302, 55.871, 57.1818, 56.4799, 56.3519, 56.561, 56.5431, 56.9239, 56.8202, 56.9739, 56.8292, 56.581, 56.808, 56.6161, 56.9808, 56.829, 56.4561, 56.8631, 56.9301, 56.879, 57.004, 56.658, 56.9301, 57.117, 56.505, 57.0519, 56.9561, 56.9031, 56.848, 56.4709, 57.0331, 56.2029, 56.7482, 56.6781, 56.766, 57.194, 56.915, 56.88, 57.158, 57.003, 56.2999, 56.9501, 56.165, 57.3211, 56.8869, 56.783, 57.0202, 56.9298, 56.4132, 56.8118, 57.1918, 56.767, 57.086, 56.8938, 56.6871, 56.3309, 56.5491, 56.5059, 56.5112, 57.2438, 56.818, 56.936, 56.7629, 56.958, 56.849, 56.601, 56.566, 56.8011, 56.7739, 56.5751, 56.587, 56.988, 56.0679, 56.9401, 56.638, 56.8981, 56.7629, 56.776, 56.7129, 57.0741, 56.226, 56.7691, 56.7219, 56.915, 56.5262, 56.458, 57.071, 56.2329, 56.529, 56.721, 56.4361, 57.2309, 56.803, 56.968, 56.4408, 56.7372, 56.2639, 
Time to set up datastructures: 12061.5ms
56.6192, 55.882, 57.4329, 56.6571, 56.843, 56.8399, 56.443, 56.792, 56.601, 56.4079, 56.7372, 57.4698, 56.2582, 57.5538, 56.1712, 56.7749, 56.7191, 57.092, 56.4811, 56.5419, 56.298, 57.245, 56.3941, 57.343, 56.2339, 56.761, 56.428, 56.2489, 57.173, 56.3581, 57.1239, 56.6781, 57.0321, 56.145, 56.5548, 56.5, 56.973, 56.1619, 56.998, 56.725, 56.0369, 56.843, 56.3691, 57.0531, 56.8948, 56.6771, 57.0171, 57.153, 57.0531, 56.4029, 56.9949, 57.1661, 57.2131, 56.494, 57.1101, 56.5879, 56.1261, 56.6928, 57.4021, 56.0141, 56.433, 56.9029, 57.2832, 57.0488, 56.0708, 56.4332, 57.6549, 57.0202, 56.6649, 56.9, 57.3571, 56.1829, 56.668, 56.2761, 56.7331, 57.255, 56.123, 57.05, 56.488, 57.168, 56.9589, 56.3681, 56.4239, 56.535, 56.9022, 57.2338, 56.8461, 56.8399, 56.8011, 57.0669, 56.973, 56.4289, 57.2779, 56.6421, 56.6089, 57.514, 56.7141, 56.67, 56.4029, 56.6292, 
Running TBB_graphs implementation with double the amount of partitions than threads
Time to set up datastructures: 5331.44ms
85.135, 85.696, 83.2112, 83.2889, 83.4961, 83.6198, 84.1801, 83.9181, 83.5378, 83.4801, 83.0469, 82.8881, 86.1549, 83.02, 83.329, 82.1111, 81.917, 82.314, 85.8669, 83.2739, 86.0341, 83.7121, 84.0518, 86.252, 82.6049, 83.338, 83.318, 83.431, 83.4062, 84.8689, 84.0571, 83.813, 85.9618, 85.4211, 84.882, 83.708, 83.1249, 85.463, 84.9011, 82.8769, 82.485, 82.4242, 82.032, 86.581, 84.1639, 84.332, 84.3091, 82.4969, 85.1021, 82.5081, 84.549, 86.0109, 85.2621, 84.964, 83.745, 83.6589, 82.72, 85.403, 84.0461, 84.311, 83.0319, 83.153, 82.8028, 82.685, 84.3921, 83.8661, 82.5648, 83.7991, 83.488, 85.402, 82.077, 83.781, 83.5011, 83.2431, 83.0989, 83.2801, 82.9799, 82.7181, 82.2549, 82.5791, 82.4809, 83.8141, 84.5959, 85.887, 86.241, 86.3349, 83.6248, 82.6211, 83.765, 86.1111, 82.2349, 82.761, 84.769, 86.7791, 84.3689, 83.1831, 84.2121, 82.5579, 82.376, 82.505, 
Time to set up datastructures: 5311.26ms
73.123, 68.887, 68.279, 68.0611, 70.035, 69.4001, 69.6571, 70.2789, 69.8171, 68.8028, 69.9859, 68.696, 77.765, 71.023, 73.5629, 69.9451, 68.553, 69.056, 67.9231, 67.672, 70.514, 71.5721, 68.552, 69.0639, 70.791, 69.5829, 68.4781, 67.7941, 68.8469, 70.565, 68.7361, 70.2078, 70.1871, 69.2279, 73.483, 69.4151, 69.5651, 68.6738, 69.689, 68.6569, 70.147, 72.5491, 72.448, 72.628, 69.8578, 70.3011, 70.0331, 70.4019, 69.5381, 73.3809, 72.737, 69.8471, 70.946, 71.799, 70.5261, 68.9859, 69.52, 73.323, 69.2151, 69.299, 68.6851, 68.9671, 69.798, 68.6579, 70.996, 71.6419, 69.521, 68.7041, 73.1759, 69.1922, 69.4768, 69.7141, 70.688, 76.293, 71.615, 69.473, 69.6499, 69.4911, 70.6379, 69.834, 69.5109, 73.3051, 68.706, 73.107, 69.926, 68.2878, 69.2511, 67.77, 72.8509, 69.3691, 69.1409, 69.303, 68.645, 69.695, 70.5891, 69.5689, 67.4992, 67.699, 69.2501, 70.5049, 
Time to set up datastructures: 5337.59ms
67.6091, 61.6331, 69.1328, 64.743, 62.4301, 62.341, 62.64, 65.2349, 62.752, 68.9411, 64.8379, 67.7929, 63.21, 65.49, 63.9498, 63.179, 68.079, 63.463, 63.1831, 64.4891, 67.888, 63.7808, 61.5041, 68.3451, 64.3828, 64.3821, 65.4461, 64.0039, 62.2649, 62.6428, 71.583, 62.0999, 61.9092, 62.8819, 64.9681, 61.98, 64.4898, 62.6709, 64.955, 63.791, 62.304, 62.464, 64.7922, 62.464, 63.1759, 65.4361, 61.852, 64.5659, 65.614, 64.2209, 64.7221, 69.0169, 65.062, 63.05, 67.384, 63.889, 64.2478, 62.3441, 62.444, 61.98, 64.224, 62.8109, 62.5129, 62.7401, 62.5129, 63.0891, 67.3201, 65.2399, 62.288, 62.4979, 62.211, 62.8991, 62.1982, 69.8428, 66.1111, 66.335, 66.01, 64.3561, 68.393, 63.5779, 66.746, 64.7552, 65.532, 64.0879, 63.75, 68.8298, 64.6091, 61.672, 65.4001, 62.856, 61.1131, 64.2319, 64.6789, 63.133, 61.657, 62.0029, 67.3041, 63.405, 65.608, 64.6439, 
Time to set up datastructures: 5312.8ms
59.701, 63.499, 62.535, 65.733, 58.6562, 59.1998, 58.933, 62.9201, 63.087, 63.874, 62.367, 59.9029, 59.4642, 62.3059, 63.2041, 62.2289, 64.518, 62.86, 62.6481, 60.483, 62.9692, 60.395, 66.3319, 59.2928, 59.736, 59.953, 61.6829, 62.2001, 59.7999, 66.37, 63.957, 60.461, 64.054, 64.2481, 59.866, 62.6409, 62.0611, 59.257, 61.95, 58.5752, 59.7758, 59.3939, 62.8841, 59.3131, 62.021, 65.989, 61.9118, 62.0561, 63.4921, 59.2821, 59.6578, 59.231, 58.6901, 66.628, 62.278, 62.9439, 60.2028, 62.705, 58.902, 58.5551, 59.392, 62.578, 62.3839, 62.294, 62.2869, 62.289, 59.1311, 61.553, 58.7139, 62.5172, 62.1951, 62.084, 63.287, 62.144, 59.5729, 62.705, 63.2889, 62.0751, 62.5629, 62.289, 61.2471, 62.279, 63.323, 62.7298, 62.7151, 59.3669, 63.8859, 59.1071, 59.227, 62.705, 60.441, 58.8551, 63.8111, 59.684, 59.5698, 58.63, 62.485, 59.9301, 59.5541, 59.761, 
Time to set up datastructures: 5332.01ms
58.2359, 58.6159, 58.4888, 64.6679, 61.9149, 58.331, 58.4621, 62.0449, 58.3282, 57.936, 62.613, 65.2421, 58.4421, 58.9471, 62.2709, 62.362, 58.3022, 62.2909, 62.242, 57.8229, 61.373, 58.14, 58.3279, 58.4631, 61.404, 57.9469, 58.0492, 58.351, 58.0819, 58.3231, 62.29, 58.29, 58.363, 62.3829, 58.151, 62.2618, 62.2451, 58.548, 62.2029, 58.3241, 61.897, 61.99, 58.445, 62.108, 65.2568, 58.1522, 58.13, 58.3429, 62.5839, 61.981, 61.7752, 61.64, 62.3088, 58.0199, 62.2101, 61.8229, 62.5038, 58.7442, 64.9068, 57.399, 62.6981, 61.523, 61.6121, 61.4939, 58.1691, 57.951, 61.2161, 64.9359, 61.949, 64.394, 61.8861, 57.8871, 62.5579, 58.1, 65.1422, 61.146, 62.686, 61.9469, 61.9538, 61.6641, 58.3489, 62.1581, 65.1131, 65.29, 62.6671, 61.6391, 61.4109, 62.351, 59.1221, 62.1889, 62.6302, 57.595, 61.2869, 58.5439, 58.162, 58.8689, 58.445, 58.7251, 65.4809, 62.083, 
Time to set up datastructures: 5310.06ms
61.6169, 61.1281, 61.1949, 61.6441, 61.7929, 61.4691, 61.553, 56.8571, 61.42, 61.3379, 56.896, 56.8321, 57.395, 63.849, 56.9069, 62.4602, 57.0979, 57.857, 59.8931, 61.4779, 57.3571, 57.3652, 61.9228, 57.7612, 61.707, 64.1069, 61.6701, 57.3449, 57.1949, 63.0782, 61.5969, 57.1959, 57.322, 60.545, 61.5771, 56.88, 57.395, 58.8732, 57.6508, 62.0072, 62.4759, 61.851, 57.451, 61.219, 58.8169, 62.041, 59.5469, 61.347, 57.0982, 57.1489, 59.0491, 63.6981, 57.4858, 63.7701, 57.6551, 57.62, 59.9, 57.0948, 63.6251, 61.2509, 61.3911, 61.8041, 61.312, 57.0819, 56.4771, 64.3151, 63.9908, 61.388, 57.4598, 60.235, 61.208, 56.8771, 63.5529, 61.8281, 59.799, 57.8949, 57.3759, 61.9481, 57.4751, 57.4579, 56.9482, 57.9169, 57.358, 57.7681, 57.6699, 62.408, 61.6271, 57.5619, 61.5702, 57.225, 64.142, 57.699, 57.009, 57.641, 60.7071, 57.055, 61.4529, 61.5301, 57.339, 61.4171, 
Time to set up datastructures: 5334.94ms
57.318, 63.3531, 57.3349, 61.6021, 63.813, 61.0781, 57.302, 60.8718, 63.3841, 61.559, 57.7221, 57.4441, 57.719, 56.819, 60.9059, 61.0511, 57.457, 61.5671, 61.409, 63.2429, 57.646, 57.373, 57.575, 57.2791, 60.1928, 61.5952, 57.4448, 61.4741, 56.9921, 57.7741, 57.5829, 61.492, 57.4992, 63.431, 61.29, 61.4359, 59.5901, 57.4419, 61.3101, 61.6388, 61.0671, 58.574, 61.903, 61.6, 62.8741, 59.171, 57.5328, 57.544, 59.4211, 61.1241, 61.4541, 61.4789, 57.2701, 59.0391, 57.276, 63.4439, 60.899, 61.0321, 57.22, 57.744, 57.5969, 61.6341, 60.909, 61.0938, 61.3039, 61.959, 57.3971, 57.554, 57.138, 57.483, 64.3539, 57.4241, 57.6749, 61.6081, 57.363, 63.3359, 61.4471, 61.26, 56.9699, 61.4321, 63.314, 57.4791, 57.3499, 61.6491, 61.08, 62.907, 59.4459, 57.281, 57.5771, 57.373, 60.9078, 57.4372, 61.3539, 57.277, 61.5191, 61.065, 61.7311, 57.3809, 63.7062, 57.4911, 
Time to set up datastructures: 5323.28ms
57.446, 57.3041, 57.404, 57.538, 61.0509, 60.636, 60.1211, 63, 60.7629, 56.987, 60.7371, 60.6971, 57.354, 61.048, 57.256, 60.715, 57.385, 57.544, 60.5729, 58.615, 57.714, 57.646, 57.8411, 60.262, 60.5152, 57.549, 60.3828, 57.1651, 57.482, 57.5891, 60.7028, 61.0652, 60.5249, 60.437, 62.3701, 57.0979, 56.9141, 57.3559, 57.4811, 57.8201, 57.209, 57.3988, 57.06, 58.567, 60.5731, 57.687, 57.38, 61.06, 60.8451, 62.4509, 57.0462, 57.5609, 57.169, 59.274, 57.4639, 60.4291, 58.4359, 60.9059, 60.6551, 60.915, 57.5681, 57.5829, 61.131, 57.4381, 61.033, 56.881, 60.4191, 57.178, 62.3341, 60.7021, 57.94, 57.287, 60.9, 62.8271, 60.8149, 57.039, 57.4391, 62.4421, 60.0529, 57.0531, 57.667, 57.6129, 57.632, 60.9772, 61.0089, 60.2019, 57.5032, 57.323, 61.0421, 60.396, 61.1789, 57.1611, 58.9869, 57.229, 61.2199, 60.755, 60.4911, 60.4551, 58.3069, 58.5279, 
Time to set up datastructures: 5307.73ms
57.4121, 57.704, 60.7319, 60.37, 58.4021, 62.1381, 57.807, 60.904, 60.74, 60.339, 57.8151, 60.2999, 57.3721, 60.7691, 60.6189, 60.3471, 62.4549, 57.374, 59.6561, 58.311, 61.065, 57.6789, 58.0671, 57.6811, 58.502, 57.8279, 58.0559, 58.6381, 57.9009, 58.0051, 58.7699, 59.4602, 57.7519, 62.223, 60.168, 60.5822, 57.4801, 57.276, 57.5688, 57.9031, 60.8079, 57.7362, 60.7309, 60.71, 57.2081, 57.8032, 60.8139, 57.6901, 62.222, 57.1339, 57.833, 57.821, 60.6861, 58.6228, 60.37, 57.7149, 60.7309, 59.7601, 60.5159, 61.2462, 60.4289, 57.373, 60.2121, 57.3599, 57.523, 60.1392, 60.2388, 57.5151, 57.8759, 57.92, 57.8671, 60.3569, 57.9, 59.144, 57.39, 61.188, 60.5769, 57.6601, 60.5931, 57.3161, 60.2019, 61.7921, 57.596, 57.359, 59.7291, 57.9031, 57.689, 60.6179, 57.5781, 57.4899, 57.9071, 58.954, 57.59, 57.6351, 57.6859, 57.5562, 57.78, 57.9848, 60.7741, 57.519, 
Time to set up datastructures: 5320.25ms
60.4711, 61.367, 60.082, 57.677, 57.9851, 60.7269, 57.4791, 60.4579, 57.5731, 58.0659, 57.498, 61.1579, 57.59, 60.4031, 61.2721, 60.082, 57.3459, 57.6491, 57.9948, 61.9612, 58.2058, 57.6072, 57.8279, 60.6799, 57.348, 62.1068, 60.8211, 57.6711, 57.6649, 57.5471, 57.415, 57.9491, 58.918, 59.9911, 57.2209, 57.3249, 57.5511, 58.1009, 57.3349, 60.2589, 58.058, 60.4351, 60.111, 57.9219, 58.4512, 60.9069, 58.0821, 57.194, 57.95, 57.745, 61.3639, 57.1201, 57.894, 60.1721, 59.689, 58.08, 57.508, 57.658, 59.514, 58.3031, 57.5709, 60.57, 57.5731, 60.2379, 60.6022, 57.2538, 59.9132, 58.5549, 57.821, 59.696, 58.0652, 61.1999, 57.548, 57.754, 59.8669, 59.5422, 57.4219, 60.5741, 60.5459, 57.5111, 60.41, 58.409, 59.9341, 58.0108, 61.1489, 59.6101, 61.306, 59.6998, 57.4861, 60.292, 57.5981, 57.884, 57.565, 58.0351, 57.6019, 60.236, 58.243, 58.4791, 60.5319, 59.7231, 
Time to set up datastructures: 5342.26ms
59.8989, 60.3051, 60.307, 59.4311, 57.4629, 57.9121, 58.9108, 60.513, 59.5121, 57.714, 61.672, 59.8819, 57.7662, 58.0139, 57.591, 58.579, 60.616, 60.102, 57.8511, 57.8721, 57.8439, 59.9952, 59.9918, 59.9899, 60.5071, 60.215, 57.554, 58.147, 60.1819, 57.93, 60.133, 57.405, 59.2749, 60.6251, 57.9879, 60.425, 58.0039, 57.446, 61.2142, 58.1739, 60.2572, 60.246, 58.075, 58.2418, 57.8899, 60.621, 57.8299, 61.6488, 57.5941, 60.2641, 57.7269, 57.6789, 58.1291, 57.6689, 60.0772, 60.1299, 57.9779, 59.7689, 58.0401, 58.0189, 61.5699, 57.3661, 58.136, 60.575, 57.698, 58.141, 58.0559, 60.483, 61.47, 59.6719, 60.2319, 58.1121, 57.9729, 57.6131, 60.746, 60.0209, 57.924, 57.7879, 57.7831, 58.2049, 59.936, 59.3011, 60.56, 57.7559, 58.0471, 58.013, 57.621, 58.1691, 60.256, 57.5039, 58.1911, 58.634, 57.9648, 59.623, 57.405, 60.1499, 59.834, 57.5249, 62.5992, 60.159, 
Time to set up datastructures: 5333.19ms
60.183, 57.6799, 60.638, 57.8592, 60.348, 59.1609, 57.986, 58.0029, 57.5621, 60.9119, 57.7991, 60.245, 59.8831, 57.9889, 58.284, 60.436, 57.6429, 59.0651, 57.4269, 60.5531, 59.037, 60.0159, 59.849, 59.742, 60.5421, 58.6729, 58.0769, 60.533, 57.7822, 59.9048, 60.4758, 60.0722, 58.224, 58.1169, 60.194, 57.7991, 60.5011, 60.2839, 59.7939, 57.4291, 61.2371, 58.002, 59.8822, 59.953, 59.9968, 60.76, 60.4072, 57.632, 59.9408, 57.9481, 57.8189, 62.18, 58.9571, 61.2919, 60.0131, 57.9581, 58.3189, 60.4701, 58.4819, 58.888, 57.9891, 57.9491, 60.0889, 57.565, 57.9438, 58.1689, 57.7772, 57.786, 58.085, 58.0509, 58.0952, 58.3038, 60.3302, 57.806, 58.316, 60.457, 60.9689, 57.497, 62.1622, 61.1098, 58.1129, 60.585, 60.895, 59.9961, 57.9441, 57.9519, 58.121, 60.2729, 57.641, 59.1481, 61.904, 60.5471, 57.7829, 60.122, 57.7819, 57.9169, 61.574, 57.822, 58.0719, 58.1021, 
Time to set up datastructures: 5314.79ms
58.5191, 59.4778, 59.1571, 57.9019, 60.1752, 59.9768, 59.921, 59.9501, 57.6959, 60.9281, 59.2251, 58.264, 59.7339, 59.5, 60.533, 59.957, 60.0631, 59.773, 58.259, 58.2578, 58.562, 59.9611, 57.4999, 57.848, 61.1589, 60.153, 59.998, 58.0821, 60.082, 60.147, 58.327, 60.1361, 58.074, 57.905, 59.5751, 60.9229, 59.473, 60.07, 58.0571, 59.7038, 57.8492, 59.9279, 58.203, 61.3041, 58.116, 59.6979, 60.5631, 59.752, 59.895, 58.574, 59.1028, 58.089, 58.253, 58.0831, 57.766, 58.0001, 58.1119, 60.24, 58.027, 59.1199, 58.4531, 59.787, 57.4801, 58.157, 57.97, 58.1729, 59.9699, 60.1211, 59.881, 60.051, 61.5151, 58.9221, 60.5791, 60.4608, 59.7222, 58.5978, 58.064, 60.2288, 59.0351, 57.6851, 58.224, 60.1139, 60.3881, 58.4481, 61.4119, 58.147, 60.2622, 58.2678, 57.9062, 58.4099, 57.9259, 57.6992, 61.8248, 58.0962, 60.19, 57.8771, 58.383, 59.7351, 59.1528, 60.8749, 
Running Threadpool implementation with double the amount of partitions than threads
Time to set up datastructures: 5495.76ms
83.5922, 84.631, 83.941, 84.44, 84.1839, 84.3902, 83.7569, 83.8881, 84.0271, 84.3952, 84.116, 83.89, 83.777, 83.802, 84.4431, 83.883, 84.0471, 84.3, 84.049, 83.9849, 83.5352, 88.176, 84.9478, 84.1031, 84.028, 84.1792, 83.7288, 84.0831, 84.3191, 83.9798, 83.6101, 83.8339, 83.7941, 84.146, 84.0759, 84.703, 84.4791, 83.5061, 87.9738, 84.8351, 83.8261, 84.9519, 84.8422, 84.193, 83.76, 87.9691, 84.7719, 84.161, 84.0509, 84.1892, 84.352, 84.0549, 86.488, 92.376, 85.921, 83.7851, 84.368, 83.9269, 83.447, 84.3451, 84.2581, 84.003, 84.42, 83.8332, 84.1038, 83.7891, 89.509, 85.186, 83.842, 84.0969, 84.2249, 84.136, 83.611, 83.7409, 84.1198, 83.9021, 83.935, 84.615, 83.91, 84.2052, 83.6289, 84.4178, 84.322, 88.752, 83.3192, 92.104, 89.33, 84.6071, 84.2979, 84.048, 84.1541, 84.358, 83.755, 83.822, 83.8771, 84.1479, 83.8819, 83.904, 83.8931, 84.301, 
Time to set up datastructures: 5493.72ms
69.4139, 69.5419, 70.585, 71.131, 68.907, 69.999, 67.934, 69.4818, 67.7311, 69.8559, 68.1431, 69.86, 67.6939, 70.0881, 69.3219, 69.293, 69.6931, 68.115, 69.6449, 67.6661, 68.131, 71.759, 70.895, 71.7661, 68.2771, 69.108, 69.8669, 69.484, 69.241, 69.557, 68.9971, 69.4399, 67.6229, 69.9921, 68.0461, 70.4839, 69.474, 68.1581, 70.559, 69.9489, 69.8211, 67.966, 68.9631, 67.6849, 69.5632, 68.542, 68.2409, 69.3052, 69.4199, 70.179, 67.8971, 69.4439, 69.4339, 68.284, 69.72, 69.4671, 69.376, 68.3022, 70.0948, 68.505, 70.0321, 69.5829, 71.3961, 69.191, 67.9901, 71.588, 70.6329, 70.0631, 69.9458, 67.708, 69.7098, 68.9251, 69.943, 68.4681, 69.447, 67.4989, 69.917, 67.3451, 70.1408, 68.3382, 69.8159, 68.928, 69.875, 68.372, 69.9391, 69.458, 68.5611, 69.567, 70.5729, 76.4952, 69.587, 68.4462, 68.7568, 69.562, 69.808, 68.8779, 67.843, 69.36, 69.402, 69.1791, 
Time to set up datastructures: 5472.01ms
63.9451, 63.0269, 62.917, 63.719, 63.406, 62.7999, 64.9369, 62.701, 64.456, 62.6941, 64.6181, 63.41, 64.3518, 65.201, 63.4658, 62.458, 62.7589, 63.1912, 63.1468, 64.0771, 63.653, 63.7901, 64.9838, 62.7, 64.5201, 64.9369, 64.482, 63.678, 65.9831, 62.7649, 62.695, 63.561, 63.5021, 63.6389, 63.2811, 63.1549, 65.0439, 64.116, 63.247, 63.175, 63.216, 63.539, 62.4521, 63.168, 62.7129, 64.1301, 65.4941, 64.0221, 63.5219, 62.9988, 62.5691, 63.349, 63.1919, 63.9551, 63.4181, 63.9639, 62.8731, 63.309, 62.8989, 64.5752, 63.6969, 64.81, 64.0681, 63.076, 63.2141, 62.4259, 63.458, 63.4339, 62.551, 64.399, 62.7561, 61.9841, 63.201, 64.142, 63.575, 64.0562, 62.8948, 63.2801, 63.5891, 62.6898, 63.3478, 62.6571, 64.2331, 63.741, 63.354, 63.1089, 65.156, 63.6389, 63.153, 62.618, 62.952, 63.4379, 63.6499, 63.3399, 63.9191, 65.017, 62.5241, 64.4889, 61.5201, 64.749, 
Time to set up datastructures: 5462.87ms
60.2629, 60.219, 59.819, 59.1242, 59.8879, 59.5231, 60.05, 60.1439, 60.215, 60.0982, 58.826, 60.6351, 60.5628, 59.804, 59.0901, 60.6499, 60.1811, 60.2, 58.9311, 60.3528, 58.9859, 61.0919, 59.7498, 59.885, 59.994, 59.8161, 60.4179, 60.23, 60.462, 60.3471, 60.3371, 60.179, 59.9539, 59.926, 60.0441, 59.155, 60.3909, 60.333, 60.138, 60.3399, 60.2219, 60.1959, 59.8931, 60.3318, 58.867, 60.1089, 60.0979, 60.318, 59.0582, 60.8029, 60.082, 60.262, 60.5989, 60.6441, 60.1239, 59.8512, 60.004, 59.721, 59.9, 60.2999, 60.061, 59.8052, 60.143, 60.4279, 60.118, 59.8431, 59.9711, 59.963, 60.0259, 60.689, 60.5071, 60.5412, 60.5979, 60.03, 59.9561, 60.1091, 58.949, 60.2639, 60.2438, 60.008, 60.339, 58.9161, 61.2261, 60.0629, 58.713, 60.6091, 60.3559, 60.2272, 60.169, 60.1029, 58.743, 60.4391, 60.463, 59.701, 59.191, 61.738, 60.415, 60.3621, 59.9449, 59.304, 
Time to set up datastructures: 5468.03ms
58.423, 57.586, 58.4462, 58.563, 58.337, 58.733, 58.619, 58.475, 58.723, 58.444, 58.044, 58.368, 58.8179, 58.1892, 58.316, 58.1579, 57.781, 58.1951, 58.6329, 58.5279, 58.2809, 58.3491, 58.665, 58.5918, 58.2809, 58.1138, 58.398, 58.46, 58.3858, 58.305, 58.162, 58.4991, 58.3341, 58.718, 58.8651, 58.116, 57.359, 58.3339, 58.2738, 58.4939, 57.9691, 58.537, 58.8169, 58.234, 58.0761, 58.46, 58.3379, 58.423, 58.3849, 58.4269, 57.179, 58.2612, 57.2469, 58.5802, 58.4509, 58.7261, 59.1159, 58.3541, 58.3858, 58.4822, 58.697, 58.841, 58.368, 58.2709, 58.4838, 58.624, 58.3231, 58.2678, 58.5091, 58.3141, 58.3749, 57.349, 58.4018, 58.3732, 58.3298, 58.044, 58.2449, 58.3541, 58.4788, 58.7099, 57.5731, 58.367, 58.1388, 58.47, 58.2731, 58.1081, 58.2318, 58.4052, 57.658, 58.3742, 58.3739, 58.2421, 58.3279, 58.2199, 58.31, 58.2981, 58.4109, 58.3222, 58.259, 58.4629, 
Time to set up datastructures: 5468.63ms
57.791, 57.7252, 58.4149, 57.8401, 57.188, 57.6339, 57.73, 57.929, 57.8451, 57.4291, 57.7919, 57.7309, 57.9572, 58.1739, 57.6699, 57.682, 57.6491, 57.864, 57.0779, 57.7941, 57.584, 57.826, 57.682, 58.182, 57.6141, 57.9219, 57.4741, 58.1188, 57.8291, 57.9801, 57.929, 57.914, 57.842, 57.663, 57.5931, 57.9278, 57.3258, 57.8771, 57.888, 57.6739, 57.811, 58.135, 57.59, 57.5621, 57.7829, 57.7521, 58.1031, 58.1369, 57.8339, 58.115, 57.8351, 57.9028, 57.3182, 57.9989, 57.863, 58.0239, 57.6041, 57.651, 57.843, 57.7831, 57.9441, 57.656, 57.704, 58.1479, 57.797, 58.0108, 57.8852, 57.9319, 57.668, 57.8351, 57.879, 58.152, 57.631, 57.636, 57.8458, 57.7362, 57.4689, 57.873, 57.687, 58.2039, 57.616, 58.3231, 58.1069, 58.1901, 57.689, 57.8921, 57.5349, 57.795, 57.7829, 58.054, 57.8029, 57.9779, 57.905, 57.8301, 57.7109, 57.9109, 58.2142, 57.3399, 57.8589, 57.775, 
Time to set up datastructures: 5491.16ms
57.703, 57.6222, 57.5998, 57.5478, 57.6012, 57.55, 57.6899, 57.4851, 57.5168, 57.6129, 57.574, 57.5871, 57.559, 57.667, 57.4479, 57.6079, 57.616, 57.3652, 57.4751, 57.6439, 57.632, 57.6699, 57.488, 57.7621, 57.678, 57.482, 57.6689, 57.518, 57.6122, 57.6079, 57.5211, 57.3928, 57.615, 57.6401, 57.822, 57.6019, 57.1461, 57.6961, 57.735, 57.627, 57.7011, 57.7061, 57.235, 57.7459, 57.6351, 57.5671, 57.5068, 57.492, 57.5671, 57.7149, 57.657, 57.6091, 57.3351, 57.6358, 57.6942, 57.725, 57.5931, 57.4529, 57.616, 57.373, 57.615, 57.452, 57.5922, 57.4539, 57.6079, 57.518, 57.651, 57.569, 57.4961, 58.0049, 57.5161, 57.5349, 57.3912, 57.6649, 57.426, 57.5912, 57.7018, 57.5471, 57.626, 57.651, 57.5762, 57.6859, 57.574, 57.7049, 57.5721, 57.683, 57.6692, 57.3189, 57.4319, 57.4632, 57.6189, 57.656, 57.436, 57.621, 57.585, 57.652, 57.7381, 57.5421, 57.5509, 57.6191, 
Time to set up datastructures: 5500ms
57.5991, 57.534, 57.627, 57.518, 57.631, 57.6079, 57.6131, 57.503, 57.5731, 57.5631, 57.694, 57.4689, 57.6551, 57.647, 57.6131, 57.6859, 57.6191, 57.5399, 57.6012, 57.534, 57.5039, 57.431, 57.5411, 57.636, 57.5318, 57.6429, 57.606, 57.6391, 57.4439, 57.5681, 57.621, 57.651, 57.502, 57.725, 58.423, 58.11, 57.718, 57.5159, 57.446, 57.6971, 57.425, 57.5631, 57.528, 57.544, 57.9619, 57.5941, 57.4601, 57.554, 57.5149, 57.6661, 57.5421, 57.6589, 57.5452, 57.6138, 57.591, 57.641, 57.6599, 57.6282, 57.6019, 57.7211, 57.3909, 57.584, 57.6, 57.5218, 57.586, 57.482, 57.677, 57.4529, 57.59, 57.6761, 57.5769, 57.461, 57.703, 57.395, 57.5321, 57.5941, 57.4679, 57.637, 57.524, 57.6069, 57.616, 57.3699, 57.5871, 57.514, 57.6, 57.3852, 57.493, 57.5018, 57.6472, 57.5109, 57.5461, 57.5359, 57.596, 57.616, 57.415, 57.559, 57.59, 57.4172, 57.6711, 57.5919, 
Time to set up datastructures: 5487.83ms
57.801, 57.7321, 58.069, 57.76, 57.8589, 58.008, 57.961, 57.863, 57.8508, 57.8611, 57.8439, 57.77, 57.869, 57.7872, 57.8339, 57.936, 57.801, 57.8442, 57.9329, 57.7729, 57.8651, 57.7519, 57.7681, 58.0411, 57.972, 57.802, 57.8792, 57.8508, 57.827, 57.8811, 57.663, 57.904, 57.7531, 57.9469, 57.8351, 57.6699, 57.8191, 57.7769, 57.6229, 57.7569, 57.7831, 57.873, 57.951, 57.5719, 57.8511, 57.899, 57.873, 57.811, 57.8179, 57.864, 57.848, 57.9731, 57.9131, 57.874, 57.745, 57.936, 57.9159, 57.853, 57.9069, 57.8701, 57.759, 57.9939, 57.925, 57.929, 57.656, 57.92, 57.8492, 57.827, 57.852, 57.9009, 57.7879, 57.74, 57.8458, 57.7629, 57.827, 57.8339, 57.8961, 57.683, 57.847, 57.941, 57.817, 57.8229, 57.584, 57.694, 57.7991, 57.889, 57.826, 57.6148, 57.8461, 57.7259, 57.832, 58.0401, 57.831, 57.9031, 57.77, 57.858, 57.966, 57.806, 57.8868, 57.9171, 
Time to set up datastructures: 5498.47ms
58.0301, 57.982, 57.9541, 57.9879, 57.955, 57.9031, 57.961, 57.9929, 57.8742, 57.925, 57.929, 57.925, 57.899, 57.8971, 58.0049, 57.8861, 57.9131, 57.9789, 58.0151, 57.905, 57.831, 57.8921, 57.9319, 57.9281, 57.9309, 57.7791, 57.9381, 57.9391, 57.96, 57.8969, 57.9062, 57.7941, 57.9588, 57.8711, 57.9882, 57.9438, 57.929, 57.9062, 57.919, 57.935, 57.9641, 57.966, 57.9939, 57.8942, 57.884, 57.94, 57.8671, 57.9529, 57.9212, 57.9629, 57.9588, 58.053, 57.8589, 57.8899, 57.843, 58.0058, 57.9281, 58.018, 57.879, 57.8649, 57.9591, 58.001, 57.8768, 57.9031, 57.8852, 58.0449, 57.915, 57.8721, 57.837, 58.0351, 57.8768, 57.9059, 57.8599, 57.8601, 57.894, 57.8389, 57.8561, 57.8971, 57.929, 57.8659, 57.8802, 57.8439, 57.827, 58.0468, 57.8432, 57.8489, 57.9431, 57.946, 57.9019, 57.9019, 57.8291, 57.9481, 58.1269, 57.9019, 58.0831, 57.9131, 57.914, 57.822, 57.8551, 57.8558, 
Time to set up datastructures: 5466.41ms
58.4059, 58.4009, 58.413, 58.4559, 58.392, 58.7301, 58.4919, 58.5229, 58.4712, 58.3949, 58.3889, 58.4249, 58.46, 58.409, 58.4829, 58.4671, 58.4528, 58.2938, 58.279, 58.3682, 58.4009, 58.279, 58.2881, 58.444, 58.336, 58.3699, 58.3589, 58.377, 58.382, 58.2919, 58.3961, 58.176, 58.239, 58.429, 58.3532, 58.363, 58.305, 58.4221, 58.3749, 58.3751, 58.434, 58.4111, 58.306, 58.3389, 58.238, 58.4002, 58.373, 58.326, 58.203, 58.3241, 58.357, 58.3589, 58.3551, 58.3019, 58.3401, 58.243, 58.3839, 58.4178, 58.264, 58.3959, 58.306, 58.444, 58.4142, 58.3558, 58.3482, 58.3408, 58.326, 58.342, 58.337, 58.4149, 58.424, 58.3441, 58.327, 58.357, 58.3341, 58.336, 58.368, 58.4531, 58.434, 58.501, 58.382, 58.471, 58.229, 58.3782, 58.393, 58.3119, 58.4199, 58.347, 58.4371, 58.3651, 58.3858, 58.455, 58.3279, 58.3611, 58.3611, 58.404, 58.3069, 58.229, 58.2778, 58.4152, 
Time to set up datastructures: 5456.06ms
58.517, 58.5141, 58.429, 58.367, 58.485, 58.5608, 58.3818, 58.4469, 58.373, 58.4829, 58.5761, 58.4149, 58.5079, 58.414, 58.4619, 58.5799, 58.5132, 58.3999, 58.4021, 58.3649, 58.3792, 58.3858, 58.495, 58.332, 58.4052, 58.4099, 58.4021, 58.5041, 58.4989, 58.5442, 58.552, 58.511, 58.5339, 58.4261, 58.517, 58.481, 58.435, 58.5179, 58.5561, 58.4409, 58.5251, 58.428, 58.5182, 58.4848, 58.459, 58.497, 58.4888, 58.5039, 58.5091, 58.4719, 58.538, 58.521, 58.4831, 58.3599, 58.4249, 58.2919, 58.5999, 58.491, 58.4919, 58.4049, 58.47, 58.496, 58.4311, 58.461, 58.4891, 58.373, 58.8109, 58.2612, 58.5089, 58.3901, 58.49, 58.543, 58.44, 58.4409, 58.48, 58.4481, 58.4631, 58.6801, 58.424, 58.3849, 58.511, 58.5091, 58.5759, 58.47, 58.4671, 58.4588, 58.547, 58.3582, 58.4099, 58.4641, 58.4719, 58.475, 58.527, 58.4128, 58.3022, 58.465, 58.4331, 58.5518, 58.5952, 58.655, 
Time to set up datastructures: 5460.99ms
58.7571, 58.625, 58.6109, 58.727, 58.614, 58.6832, 58.65, 59.005, 58.6889, 58.7261, 58.6851, 58.604, 58.6889, 58.672, 58.5232, 58.6379, 58.707, 58.6572, 58.5299, 58.6231, 58.7111, 58.66, 58.6939, 58.6228, 58.5971, 58.7399, 58.6882, 58.7361, 58.6729, 58.706, 59.0079, 59.8722, 58.8579, 58.6951, 58.723, 58.6848, 58.6591, 58.64, 58.6209, 58.5618, 58.6262, 58.701, 58.696, 58.6369, 58.697, 58.5771, 58.7339, 58.723, 58.6181, 58.6572, 58.646, 58.7111, 58.532, 58.598, 58.6438, 58.614, 58.701, 58.6212, 58.7718, 58.8632, 58.706, 58.6309, 58.7349, 58.682, 58.5871, 58.6801, 58.6231, 58.636, 58.672, 58.5718, 58.7239, 58.6691, 59.305, 62.8161, 61.5089, 60.708, 60.4479, 59.5901, 59.0639, 61.0549, 60.3549, 59.9589, 58.7559, 58.5532, 58.697, 58.7649, 58.656, 58.6381, 58.6159, 58.5749, 58.702, 58.7518, 58.7561, 58.814, 58.754, 58.82, 58.6982, 58.6159, 58.7361, 58.6059, 
Running CRSMerge implementation
Time to set up datastructures: 8731.71ms
82.8819, 83.02, 82.9301, 82.9208, 82.937, 82.7851, 82.777, 82.675, 82.835, 83.0791, 82.7639, 82.9771, 83.0641, 86.7059, 88.6791, 86.7579, 83.6301, 83.106, 82.9501, 83.0259, 82.6249, 82.7868, 82.942, 82.818, 83.066, 83.1001, 83.0791, 82.6499, 85.958, 90.344, 89.9391, 90.2309, 90.1582, 90.076, 89.9198, 90.0152, 90.0431, 89.4608, 88.0949, 88.8271, 91.327, 90.7731, 91.5039, 90.4222, 87.976, 88.083, 91.2409, 90.894, 93.4141, 90.5211, 90.1699, 90.2081, 91.1899, 88.362, 85.7799, 84.7511, 83.436, 83.21, 82.7808, 82.6612, 82.7219, 82.689, 82.937, 82.8269, 82.813, 83.0061, 83.2078, 82.8629, 82.9151, 83.112, 82.757, 82.9649, 83.004, 82.8211, 82.8309, 82.566, 82.9041, 82.7889, 82.8891, 83.1051, 83.1821, 82.6581, 82.6399, 83.0791, 82.8078, 83.0331, 82.912, 82.9501, 82.866, 82.896, 83.364, 82.7892, 83.293, 82.8731, 82.9449, 82.768, 82.8278, 82.5129, 83.0431, 82.83, 
Time to set up datastructures: 6625.3ms
72.0301, 71.9929, 71.8539, 71.954, 71.996, 71.933, 71.9669, 72.067, 71.9731, 72.053, 72.0401, 72.1428, 71.902, 71.892, 71.8281, 71.909, 72.01, 71.9769, 71.9759, 71.99, 71.9562, 71.8501, 72.3588, 71.934, 72.1972, 71.95, 72.1381, 71.8319, 72.432, 72.484, 72.0551, 71.9268, 71.8892, 71.851, 72.0661, 71.9199, 71.979, 71.9349, 71.8741, 71.95, 71.9199, 71.9321, 71.954, 71.866, 71.799, 72.0069, 71.9161, 71.8899, 72.026, 72.1021, 71.924, 72.144, 72.4139, 72.0732, 72.341, 73.0209, 76.607, 76.3149, 77.4851, 77.843, 77.8401, 77.847, 77.2531, 76.6969, 77.3549, 76.8511, 76.88, 76.5209, 76.153, 76.2529, 76.5779, 76.4129, 77.22, 77.1699, 79.8161, 76.1681, 75.819, 75.788, 77.687, 74.1448, 73.637, 72.253, 72.412, 72.5749, 71.9981, 72.1109, 72.0241, 72.063, 71.9469, 72.0088, 72.0792, 71.98, 72.1419, 72.047, 72.1409, 72.052, 72.1781, 72.1021, 71.9459, 72.1891, 
Time to set up datastructures: 11586.6ms
78.1629, 74.7142, 75.8288, 75.556, 71.3511, 70.2741, 70.369, 69.978, 69.9568, 69.973, 70.0178, 71.3122, 72.7379, 74.677, 70.6451, 70.174, 70.0669, 69.9489, 70.118, 69.979, 69.9282, 70.0948, 69.9439, 69.9141, 69.9649, 69.962, 69.839, 70.029, 69.8981, 69.942, 69.8941, 70.003, 70.0059, 69.726, 69.891, 69.8781, 69.87, 69.926, 70.0109, 69.927, 69.819, 69.942, 69.849, 69.9458, 69.9701, 69.958, 69.895, 69.87, 69.7429, 69.8431, 69.869, 69.9921, 69.8311, 70.003, 69.9339, 69.886, 69.8771, 69.8829, 69.952, 69.8628, 69.8001, 69.839, 69.958, 69.983, 69.8211, 69.9599, 69.9041, 69.874, 69.973, 69.8969, 69.896, 69.7942, 70.0688, 69.7842, 69.9439, 69.88, 69.885, 69.8919, 69.85, 70.06, 69.9449, 69.968, 69.912, 69.921, 69.9348, 69.9131, 69.9239, 69.813, 69.9379, 69.8359, 69.9971, 69.9799, 69.9182, 70.0939, 69.808, 70.117, 69.854, 69.9668, 69.932, 69.983, 
Time to set up datastructures: 10900.3ms
66.524, 66.5641, 66.633, 66.627, 66.6099, 66.5188, 66.622, 66.6468, 66.6239, 66.4411, 66.566, 66.4859, 66.5879, 66.648, 66.5588, 66.5481, 66.4921, 66.529, 66.5209, 66.5979, 66.474, 66.581, 66.57, 66.54, 66.4852, 66.5169, 66.4871, 66.5381, 66.4818, 66.4191, 66.618, 66.4849, 66.5638, 66.678, 66.5209, 66.602, 66.4971, 66.5441, 66.6649, 66.5982, 66.5109, 66.546, 66.571, 66.581, 66.644, 66.4299, 66.5781, 66.4639, 66.5329, 66.56, 66.5381, 66.4959, 66.596, 66.5751, 66.462, 66.4659, 66.5219, 66.5011, 66.5219, 66.5729, 66.5359, 66.5751, 66.4871, 66.4959, 66.5801, 66.514, 66.484, 66.4461, 66.6189, 66.5381, 66.5538, 66.452, 66.571, 66.539, 66.4861, 66.4499, 66.5171, 66.4818, 66.4771, 66.431, 66.5121, 66.4859, 66.6029, 66.5212, 66.4859, 66.473, 66.5481, 66.4549, 66.6041, 66.443, 66.4861, 66.524, 66.572, 66.498, 66.52, 66.4048, 66.4182, 66.529, 66.4849, 66.4771, 
Time to set up datastructures: 12016ms
64.6551, 64.6119, 64.579, 64.496, 64.579, 64.5919, 64.589, 64.5661, 64.6138, 64.6901, 64.621, 64.585, 64.512, 64.502, 64.4999, 64.5511, 64.5869, 64.451, 65.6381, 68.2909, 72.9172, 69.9399, 70.0622, 70.147, 69.5238, 68.8419, 72.9849, 69.948, 70.05, 70.1501, 70.5841, 71.2669, 67.878, 65.0392, 64.7109, 64.625, 64.63, 64.5649, 64.5561, 64.548, 64.6491, 64.5068, 64.5621, 64.5471, 64.4901, 64.563, 64.492, 64.548, 64.5139, 64.5421, 64.553, 64.496, 64.507, 64.5211, 64.435, 64.5189, 64.5461, 67.4489, 66.782, 71.3952, 67.9538, 68.7811, 65.228, 64.6749, 64.6238, 64.605, 64.4722, 64.5039, 64.6009, 64.4231, 64.573, 64.6219, 64.5301, 64.5299, 64.436, 64.5151, 64.5599, 64.5471, 64.5158, 64.517, 64.4231, 64.4681, 64.4619, 64.5509, 64.599, 64.497, 65.4452, 67.6739, 64.816, 64.666, 64.4639, 64.585, 64.445, 64.523, 64.5449, 64.528, 64.543, 64.532, 64.6069, 64.5311, 
Time to set up datastructures: 11674.5ms
63.448, 63.4501, 63.4298, 63.5231, 63.4902, 63.6189, 63.5312, 63.544, 63.5118, 63.472, 63.498, 63.39, 63.694, 63.4711, 63.5748, 63.5271, 63.627, 63.508, 63.5509, 63.446, 63.5061, 63.5998, 63.4501, 63.5221, 63.472, 63.4999, 63.4611, 63.5178, 63.561, 63.535, 63.5121, 63.493, 63.417, 63.405, 63.448, 63.5259, 63.5772, 63.4458, 63.4651, 63.519, 63.453, 63.4942, 63.4489, 63.396, 63.519, 63.462, 63.6261, 63.7641, 63.4079, 63.4441, 63.4439, 63.5221, 63.3869, 63.4241, 63.4871, 63.4258, 63.405, 63.576, 63.4978, 63.5021, 63.446, 63.4911, 63.3738, 63.5061, 63.4389, 63.493, 63.4692, 63.534, 63.463, 63.4909, 63.4151, 63.57, 63.4041, 63.494, 63.441, 63.4789, 63.4389, 63.4592, 63.417, 63.473, 63.4792, 63.457, 63.4229, 63.489, 63.4961, 63.4909, 63.503, 63.4129, 63.611, 63.4439, 63.477, 63.489, 63.53, 63.5381, 63.5731, 63.5059, 63.4241, 63.5011, 63.6029, 63.5049, 
Time to set up datastructures: 11753.1ms
63.1161, 63.0641, 63.0629, 62.9261, 62.9389, 62.9778, 62.9811, 62.8979, 62.9292, 62.9599, 62.958, 62.9921, 63, 62.9721, 63.0629, 62.947, 63.005, 62.9468, 62.8338, 62.922, 62.963, 62.9599, 62.897, 62.8898, 62.988, 62.953, 62.9699, 62.912, 62.876, 62.9132, 62.978, 62.978, 62.9599, 63.024, 62.9189, 62.9551, 62.9818, 62.897, 62.8769, 62.912, 62.9029, 62.885, 62.9079, 62.9411, 62.9389, 62.9981, 63.041, 62.9051, 62.9101, 62.9458, 62.922, 62.8781, 62.928, 62.9959, 62.9878, 62.8572, 62.9799, 62.9761, 62.887, 62.923, 62.9551, 62.865, 62.959, 62.9129, 62.932, 62.9289, 62.9432, 62.99, 62.995, 62.9051, 62.994, 62.9778, 62.942, 62.912, 62.917, 63.0329, 62.9041, 62.9239, 62.9671, 62.9179, 62.896, 63.0538, 62.9661, 62.9358, 62.9282, 62.9668, 63.009, 62.9311, 62.979, 62.923, 62.9332, 62.866, 62.9511, 62.8719, 63.036, 62.8951, 62.902, 63.025, 62.9561, 62.9339, 
Time to set up datastructures: 12173.3ms
62.3648, 62.361, 62.326, 62.3491, 62.3138, 62.356, 62.433, 63.1142, 62.783, 62.4039, 62.2711, 62.3379, 62.3691, 62.3889, 62.304, 62.34, 62.305, 62.3, 62.4149, 62.309, 62.3801, 62.3379, 62.304, 62.3581, 62.382, 62.35, 62.279, 62.3209, 62.319, 62.2869, 62.34, 62.3682, 62.376, 62.3338, 62.3119, 62.319, 62.3279, 62.3672, 62.3798, 62.3319, 62.3431, 62.2749, 62.273, 62.309, 62.3019, 62.366, 62.326, 62.3231, 62.3498, 62.3081, 62.3162, 62.3188, 62.2821, 62.3331, 62.35, 62.3729, 62.3319, 62.386, 62.3331, 62.299, 62.3119, 62.2749, 62.3639, 62.309, 62.3491, 62.391, 62.284, 62.3238, 62.3121, 62.361, 62.398, 62.3481, 62.351, 62.295, 62.336, 62.3422, 62.2799, 62.2599, 62.3322, 62.3779, 62.3059, 62.2821, 62.377, 62.273, 62.304, 62.3031, 62.3801, 62.4239, 62.346, 62.3291, 62.3322, 62.3319, 62.331, 62.3181, 62.31, 62.305, 62.299, 62.299, 62.3422, 62.2959, 
Time to set up datastructures: 11428.5ms
61.9981, 62.098, 61.904, 62.175, 62.0511, 62.1569, 61.996, 61.9919, 61.9721, 61.945, 62.0232, 61.97, 61.9619, 61.9922, 61.9888, 61.986, 62.0651, 62.043, 61.99, 62.0382, 62.0658, 61.969, 61.9411, 61.9469, 61.9431, 61.9669, 61.9822, 61.98, 61.9929, 62.01, 62.021, 62.0542, 61.888, 61.9421, 61.9199, 61.9249, 62.062, 61.9149, 61.9271, 62.0239, 61.995, 61.97, 61.9712, 61.9819, 61.9631, 62.007, 61.949, 62.007, 62.006, 62.042, 61.9991, 62.017, 62.057, 61.995, 61.975, 61.933, 61.975, 61.975, 61.985, 61.9788, 61.9731, 61.9521, 61.9121, 61.9738, 61.9559, 61.9919, 61.9831, 61.9841, 62.0139, 62.0351, 62.021, 61.9891, 61.9638, 62.011, 61.9738, 61.95, 61.959, 62.099, 61.9822, 61.9669, 61.9299, 62.0492, 62.001, 61.9829, 61.9848, 62.0682, 61.9678, 61.938, 61.9149, 61.9619, 62.072, 61.9731, 62.0019, 61.975, 61.868, 61.97, 62.057, 61.9879, 61.976, 61.9862, 
Time to set up datastructures: 11583.3ms
61.8179, 61.748, 61.8331, 62.2699, 62.058, 62.0489, 62.9282, 64.122, 62.4959, 61.8229, 61.8191, 61.8501, 61.734, 61.795, 61.7039, 61.8451, 62.017, 61.8241, 64.2531, 63.0269, 62.068, 62.1459, 61.847, 61.765, 62.022, 61.738, 62.227, 61.9671, 61.8289, 64.6601, 62.9599, 62.041, 61.8389, 61.6841, 61.7568, 61.7771, 61.882, 61.7118, 61.5971, 61.851, 64.1799, 64.58, 64.6021, 64.6999, 64.2791, 64.3129, 64.1358, 64.0662, 64.0681, 64.3258, 64.748, 66.4852, 68.5239, 66.272, 66.5541, 67.1301, 65.6919, 62.8281, 62.115, 61.7552, 61.7778, 61.717, 61.7521, 61.763, 61.6949, 61.8861, 61.7402, 61.7628, 61.6832, 61.785, 61.6839, 61.758, 61.697, 61.7201, 61.7929, 61.692, 61.728, 61.6748, 61.619, 61.6572, 61.729, 61.682, 61.615, 61.6829, 61.666, 61.8272, 61.6729, 61.6319, 61.7511, 61.769, 61.8429, 62.0401, 61.7189, 61.734, 61.655, 61.6701, 61.7759, 61.686, 61.707, 61.8, 
Time to set up datastructures: 11553.8ms
62.3209, 62.4321, 62.2849, 62.2962, 62.3479, 62.2771, 62.3341, 62.3219, 62.314, 62.3131, 62.2709, 62.3021, 62.3791, 62.3639, 62.253, 62.2842, 62.3119, 62.319, 62.31, 62.2771, 62.284, 62.299, 62.2959, 62.362, 62.222, 62.264, 62.254, 62.288, 62.269, 62.2849, 62.3131, 62.259, 62.408, 62.299, 62.2761, 62.263, 62.259, 62.2799, 62.279, 62.356, 62.2041, 62.268, 62.289, 62.2251, 62.279, 62.2618, 62.3641, 62.242, 62.3269, 62.3281, 62.264, 62.2931, 62.2261, 62.3019, 62.197, 62.2809, 62.2871, 62.2621, 62.2818, 62.283, 62.32, 62.2201, 62.32, 62.242, 62.2749, 62.35, 62.29, 62.3941, 62.278, 62.242, 62.294, 62.3758, 62.2742, 62.3169, 62.2931, 62.211, 62.3319, 62.2871, 62.2401, 62.2759, 62.227, 62.3751, 62.243, 62.248, 62.2571, 62.274, 62.248, 62.2861, 62.304, 62.2399, 62.3112, 62.4359, 62.314, 62.274, 62.3031, 62.2749, 62.238, 62.371, 62.3288, 62.2351, 
Time to set up datastructures: 12272.4ms
61.965, 61.9521, 62.016, 61.944, 61.959, 61.939, 62.0229, 61.938, 61.9781, 61.909, 61.955, 61.8949, 61.9402, 61.9578, 61.9991, 61.94, 61.9781, 61.976, 61.939, 61.8761, 61.9361, 61.9378, 61.9578, 61.955, 61.9862, 61.9318, 61.976, 61.9421, 61.934, 61.904, 61.939, 61.9509, 61.955, 61.924, 61.934, 61.9941, 61.96, 61.9469, 61.9621, 61.9559, 61.95, 61.9521, 61.9371, 61.9318, 61.974, 62.0012, 61.923, 61.986, 62.0129, 61.974, 61.9531, 61.9671, 61.9071, 61.877, 61.9509, 62.0019, 61.94, 61.974, 61.9931, 61.945, 61.9659, 61.945, 61.9969, 61.933, 61.9161, 61.9869, 61.914, 61.9049, 61.8999, 61.904, 61.9669, 61.9192, 61.9099, 61.923, 61.9709, 61.914, 61.9512, 61.928, 61.9378, 61.9512, 62, 61.944, 61.9469, 62.0241, 61.94, 61.96, 61.9471, 61.9769, 61.95, 61.9149, 61.9662, 61.9628, 61.934, 61.934, 61.9249, 61.9159, 61.976, 61.9509, 61.9791, 61.9149, 
Time to set up datastructures: 11834.2ms
62.1622, 62.1068, 62.1421, 62.187, 62.119, 62.13, 62.0999, 62.1111, 62.1061, 62.1698, 62.1219, 62.1321, 62.15, 62.1579, 62.849, 62.7689, 62.1421, 62.0289, 62.0801, 62.1269, 62.135, 62.0761, 62.1159, 62.099, 62.1312, 62.181, 62.072, 62.0759, 62.1431, 62.1831, 62.125, 62.2029, 62.161, 62.0921, 62.115, 62.084, 62.078, 62.089, 62.0909, 62.1181, 62.1891, 62.119, 62.1588, 62.1281, 62.1541, 62.1459, 62.0921, 62.1431, 62.1059, 62.134, 62.1359, 62.1529, 62.1111, 62.1259, 62.099, 62.088, 62.175, 62.1381, 62.151, 62.119, 62.1519, 62.1431, 62.135, 62.1691, 62.12, 62.0611, 62.0909, 62.139, 62.0551, 62.104, 62.1269, 62.1068, 62.0861, 62.0999, 62.201, 62.17, 62.1262, 62.119, 62.1328, 62.2191, 62.1569, 62.104, 62.1331, 62.1421, 62.1109, 62.1462, 62.104, 62.1259, 62.088, 62.2041, 62.1409, 62.119, 62.1161, 62.119, 62.1009, 62.1271, 62.2311, 62.1688, 62.104, 62.088, 
Running CSB implementation
Time to set up datastructures: 14156.1ms
62.3491, 62.218, 62.314, 62.289, 62.345, 62.3112, 62.418, 62.2981, 62.2709, 62.325, 62.3741, 62.3391, 62.3419, 62.3171, 62.3119, 62.2931, 62.3441, 62.35, 62.3379, 62.396, 62.2592, 62.3529, 62.3331, 62.5799, 62.3281, 62.2399, 62.3062, 62.412, 62.264, 62.2849, 62.3012, 62.2709, 62.171, 62.2642, 62.3169, 62.228, 62.4301, 62.2609, 62.3691, 62.3081, 62.253, 62.309, 62.3381, 62.3689, 62.2642, 62.2978, 62.3119, 62.331, 62.273, 62.2871, 62.3438, 62.439, 62.3789, 62.396, 62.351, 62.5441, 62.3369, 62.3631, 62.305, 62.336, 62.6581, 62.2869, 62.3891, 62.3209, 62.3221, 62.2721, 62.2621, 62.222, 62.201, 62.3019, 62.2811, 62.3629, 62.2971, 62.2969, 62.3388, 62.3672, 62.33, 62.4239, 62.2649, 62.258, 62.2232, 62.197, 62.2358, 62.3569, 62.3009, 62.2711, 62.3958, 62.3081, 62.341, 62.2511, 62.269, 62.377, 62.2191, 62.326, 62.346, 62.335, 62.2821, 62.3229, 62.3949, 62.2602, 
Time to set up datastructures: 13978.1ms
54.7879, 54.8251, 54.7061, 54.9738, 54.806, 54.8341, 54.739, 54.817, 54.944, 54.934, 54.9428, 54.8139, 54.7621, 54.796, 54.7841, 54.7209, 54.8761, 54.7528, 54.7409, 54.816, 54.76, 54.8949, 54.8921, 54.6641, 54.8069, 54.739, 54.805, 54.822, 54.8439, 54.7862, 54.832, 54.791, 54.7841, 54.75, 54.795, 54.7299, 54.77, 54.8999, 54.7922, 54.7791, 54.765, 54.7819, 54.6939, 54.7111, 54.924, 54.7831, 55.006, 54.8298, 54.7879, 54.9071, 54.9669, 55.14, 54.832, 54.872, 54.7202, 54.775, 54.697, 54.723, 54.8198, 54.6942, 54.7829, 54.8141, 54.7409, 54.8551, 54.805, 54.687, 54.872, 54.842, 54.7969, 54.7619, 54.7378, 54.7168, 54.8842, 54.709, 54.7731, 54.7898, 54.846, 54.6751, 54.796, 54.7161, 54.678, 54.925, 54.883, 54.827, 54.7211, 54.8029, 54.718, 54.9219, 54.7681, 54.7349, 54.8, 54.719, 54.8811, 54.709, 54.8241, 54.7509, 54.7559, 54.9002, 55.028, 55.016, 
Time to set up datastructures: 14982.6ms
52.6519, 52.6531, 52.6841, 52.665, 52.6609, 52.7391, 52.608, 52.599, 52.623, 52.707, 52.737, 52.6721, 52.6729, 52.6159, 52.6199, 52.6712, 52.6059, 52.6381, 52.655, 52.6631, 52.6819, 52.702, 52.609, 52.6881, 52.639, 52.6061, 52.644, 52.7098, 52.6311, 52.6888, 52.624, 52.7282, 52.6628, 52.628, 52.613, 52.6941, 52.6829, 52.6512, 52.64, 52.7, 52.7029, 52.6631, 52.6609, 52.639, 52.599, 52.64, 52.685, 52.6321, 52.768, 52.7351, 52.6769, 52.6419, 52.7022, 52.6788, 52.6371, 52.701, 52.6271, 52.6159, 52.6571, 52.618, 52.6519, 52.731, 52.5999, 52.681, 52.639, 52.572, 52.5939, 52.706, 52.665, 52.6252, 52.6779, 52.6199, 52.665, 52.6662, 52.623, 52.593, 52.6729, 52.5751, 52.7029, 52.613, 52.669, 52.6152, 52.6128, 52.6381, 52.7101, 52.6359, 52.7961, 52.654, 52.5651, 52.7158, 52.7031, 52.6609, 52.65, 52.69, 52.644, 52.6512, 52.7229, 52.6309, 52.67, 52.6409, 
Time to set up datastructures: 15959.9ms
52.5281, 52.532, 52.5692, 52.5799, 52.5479, 52.5301, 52.5892, 52.5169, 52.556, 52.5801, 52.5188, 52.582, 52.547, 52.6068, 52.5279, 52.5501, 52.577, 52.5599, 52.4981, 52.556, 52.5489, 52.568, 52.5031, 52.516, 52.5839, 52.4962, 52.5401, 52.5389, 52.5551, 52.573, 52.5751, 52.588, 52.5579, 52.531, 52.578, 52.5122, 52.52, 52.562, 52.5661, 52.5489, 52.542, 52.5038, 52.541, 52.5448, 52.5711, 52.5692, 52.5658, 52.5, 52.5458, 52.5882, 52.588, 52.597, 52.6109, 52.5172, 52.5479, 52.5401, 52.5119, 52.5432, 52.5148, 52.562, 52.551, 52.5339, 52.573, 52.5701, 52.5661, 52.5939, 52.5551, 52.5889, 52.5689, 52.5541, 52.593, 52.635, 52.556, 52.5341, 52.5389, 52.5348, 52.572, 52.6378, 52.5141, 52.541, 52.6261, 52.5429, 52.5241, 52.593, 52.5739, 52.5501, 52.531, 52.5751, 52.5398, 52.6111, 52.573, 52.613, 52.5892, 52.552, 52.619, 52.5692, 52.541, 52.568, 52.5072, 52.568, 
Time to set up datastructures: 17300.4ms
52.6779, 52.6311, 52.6619, 52.6242, 52.66, 52.6669, 52.6171, 52.67, 52.6509, 52.6612, 52.6819, 52.6879, 52.6669, 52.635, 52.6772, 52.6509, 52.685, 52.649, 52.686, 52.6819, 52.6762, 52.604, 52.6121, 52.7029, 52.6431, 52.6359, 52.6621, 52.6619, 52.6729, 52.6512, 52.6459, 52.707, 52.635, 52.634, 52.6731, 52.717, 52.6671, 52.6259, 52.7041, 52.6769, 52.6731, 52.644, 52.716, 52.66, 52.6881, 52.6619, 53.0391, 52.6071, 52.67, 52.5901, 52.6769, 52.6719, 52.6431, 52.6431, 52.6791, 52.6719, 52.6421, 52.655, 52.716, 52.619, 52.65, 52.5651, 52.6249, 52.6221, 52.5949, 52.669, 52.6199, 52.7189, 52.6299, 52.659, 52.6931, 52.671, 52.604, 52.706, 52.664, 52.613, 52.6631, 52.659, 52.675, 52.64, 52.6662, 52.6619, 52.6509, 52.644, 52.696, 52.6671, 52.629, 52.6941, 52.6669, 52.608, 52.66, 52.608, 52.639, 52.655, 52.6311, 52.917, 52.6888, 52.6321, 52.6321, 52.644, 
Time to set up datastructures: 17772.1ms
52.6531, 52.5761, 52.537, 52.5441, 52.578, 52.5539, 52.541, 52.5329, 52.521, 52.526, 52.5541, 52.5389, 52.4981, 52.521, 52.597, 52.494, 52.5279, 52.5711, 52.5219, 52.526, 52.5129, 52.552, 52.556, 52.4721, 52.521, 52.506, 52.4721, 52.51, 52.526, 52.516, 52.5501, 52.5382, 52.6049, 52.5711, 52.5029, 52.5372, 52.5389, 52.5219, 52.5188, 52.5091, 52.5911, 52.5119, 52.5301, 52.536, 52.5389, 52.5239, 52.5, 52.6152, 52.578, 52.4819, 52.48, 52.5498, 52.542, 52.5792, 52.4919, 52.521, 52.521, 52.5489, 52.541, 52.5031, 52.5439, 52.537, 52.5148, 52.5942, 52.5389, 52.489, 52.51, 52.5, 52.556, 52.49, 52.532, 52.547, 52.5739, 52.5501, 52.6221, 52.536, 52.5389, 52.5119, 52.5479, 52.5191, 52.526, 52.506, 52.5351, 52.5241, 52.496, 52.505, 52.5811, 52.51, 52.5739, 52.5861, 52.5229, 52.4812, 52.485, 52.6259, 52.531, 52.526, 52.5439, 52.551, 52.4991, 52.5601, 
Time to set up datastructures: 18504.7ms
52.6979, 52.675, 52.731, 52.7091, 52.7389, 52.6922, 52.7129, 52.6881, 52.7229, 52.6969, 52.7041, 52.669, 52.706, 52.7308, 52.705, 52.6991, 52.659, 52.685, 52.6769, 52.66, 52.6841, 52.705, 52.6829, 52.783, 52.7341, 52.675, 52.6969, 52.7229, 52.7098, 52.6812, 52.6938, 52.6838, 52.6562, 52.7399, 52.742, 52.6831, 52.702, 52.7101, 52.6941, 52.784, 52.6991, 52.6659, 52.717, 52.707, 52.6981, 52.7239, 52.7041, 52.6929, 52.7141, 52.702, 52.6941, 52.7108, 52.722, 52.649, 52.7549, 52.716, 52.6791, 52.722, 52.6721, 52.706, 52.6841, 52.696, 52.685, 52.6791, 52.7411, 52.7039, 52.7241, 52.6891, 52.6328, 52.6888, 52.722, 52.7198, 52.68, 52.691, 52.696, 52.7031, 52.7289, 52.7282, 52.736, 52.6769, 52.7411, 52.6819, 52.6819, 52.7322, 52.7289, 52.7611, 52.7298, 52.6612, 52.717, 52.7089, 52.6948, 52.7198, 52.747, 52.65, 52.7048, 52.7091, 52.706, 52.6581, 52.6991, 52.6919, 
Time to set up datastructures: 17686.1ms
52.707, 52.7151, 52.686, 52.7451, 52.6941, 52.6938, 52.731, 52.68, 52.7511, 52.7389, 53.1869, 53.5581, 52.7959, 52.7542, 52.7759, 52.7031, 52.7461, 52.6941, 52.6769, 52.702, 52.6972, 52.7229, 52.7401, 52.7289, 52.7401, 52.7141, 52.6979, 52.7151, 52.737, 52.7709, 52.7542, 52.7349, 52.727, 52.712, 52.7439, 52.7089, 52.6991, 52.783, 52.7239, 52.7232, 52.717, 52.717, 52.691, 52.768, 52.7129, 52.7561, 52.7709, 52.7172, 52.6838, 52.7411, 52.7341, 52.7179, 52.7101, 52.6881, 52.712, 52.732, 52.7179, 52.7501, 52.743, 52.7201, 52.695, 52.707, 52.726, 52.762, 52.695, 52.7449, 52.6991, 52.726, 52.6731, 52.7339, 52.7911, 52.7079, 52.7129, 52.717, 52.6981, 52.6769, 52.738, 52.7239, 52.7022, 52.7139, 52.6919, 52.7592, 52.8109, 52.7179, 52.788, 52.7139, 52.7601, 52.7358, 52.7041, 52.655, 52.702, 52.7251, 52.7561, 52.7351, 52.743, 52.772, 52.752, 52.7191, 52.6941, 52.721, 
Time to set up datastructures: 17968.7ms
52.6619, 52.6881, 52.6359, 52.65, 52.5951, 52.645, 52.655, 52.7179, 52.6311, 52.7279, 52.7861, 52.6989, 52.6991, 52.6249, 52.6941, 52.655, 52.6409, 52.6741, 52.6681, 52.6469, 52.716, 52.6869, 52.669, 52.6731, 52.634, 52.721, 52.645, 52.6502, 52.6669, 52.7961, 52.701, 52.6381, 52.665, 52.681, 52.6319, 52.6681, 52.644, 52.6559, 52.7251, 52.649, 52.6729, 52.645, 52.6068, 52.6278, 52.6719, 52.644, 52.6781, 52.7399, 52.726, 52.6171, 52.659, 52.6819, 52.6731, 52.6569, 52.6972, 52.645, 52.7079, 52.6471, 52.6221, 52.644, 52.644, 52.68, 52.6788, 52.619, 52.639, 52.6309, 52.675, 52.675, 52.6259, 52.6612, 52.618, 52.6299, 52.686, 52.6628, 52.675, 52.66, 52.6729, 52.6571, 52.669, 52.6469, 52.6202, 52.6469, 52.635, 52.6469, 52.6161, 52.722, 52.7389, 52.664, 52.736, 52.669, 52.6049, 52.6409, 52.604, 52.669, 52.6578, 52.644, 52.681, 52.7, 52.624, 52.659, 
Time to set up datastructures: 17414.7ms
52.5541, 52.6059, 52.5811, 52.645, 52.563, 52.6502, 52.8059, 52.6259, 52.5792, 52.6559, 52.6299, 52.6111, 52.628, 52.604, 52.5789, 52.6071, 52.5861, 52.6199, 52.6011, 52.5661, 52.5761, 52.748, 52.7282, 52.7749, 52.634, 52.6011, 52.8491, 52.599, 52.604, 52.604, 52.5901, 52.608, 52.5849, 52.5601, 52.6991, 52.634, 52.5551, 52.665, 52.6299, 52.8419, 52.5579, 52.604, 52.6021, 52.6159, 52.835, 52.66, 52.5401, 52.6531, 52.665, 52.6221, 52.649, 52.824, 52.8069, 52.5968, 52.6311, 52.583, 52.597, 52.629, 52.6068, 52.696, 52.705, 53.1721, 52.5949, 52.6068, 52.552, 52.6302, 52.7759, 52.727, 52.6102, 52.593, 52.5639, 52.6772, 52.5661, 52.8738, 52.6509, 52.619, 52.6261, 52.542, 52.5851, 52.624, 52.5398, 52.604, 52.743, 52.7029, 52.608, 52.6061, 52.609, 52.5711, 52.6109, 52.599, 52.592, 52.5758, 52.8319, 52.5811, 52.563, 52.6249, 52.5658, 52.6869, 52.758, 54.0011, 
Time to set up datastructures: 17859.1ms
53.1309, 53.0291, 53.0369, 53.009, 53.0381, 52.995, 53.041, 53.05, 52.9649, 53.0131, 53.0269, 53.041, 52.917, 53.0491, 53.004, 52.999, 53.031, 53.0469, 53.0109, 53.0219, 53.0062, 53.0329, 53.0632, 52.9668, 53.0229, 53.056, 53.0231, 53.0031, 53.0128, 52.999, 52.994, 53.0241, 53.0522, 53.0319, 53.0331, 53.0028, 53.0171, 53.025, 53.0639, 53.0331, 52.999, 52.9969, 53.0212, 53.0069, 53.0882, 52.9938, 52.9952, 52.9768, 53.066, 53.005, 52.912, 52.9191, 53.086, 53.004, 52.9578, 53.0701, 53.0291, 53.046, 52.9881, 53.071, 53.015, 52.9971, 53.0629, 53.0272, 53.0138, 53.0801, 53.0062, 52.994, 53.0159, 53.014, 52.999, 53.0601, 52.9919, 53.0219, 52.984, 53.0391, 52.9881, 53.0438, 53.0002, 53.026, 53.082, 53.026, 52.9931, 53.0241, 52.973, 52.9878, 53.0159, 53.045, 52.9001, 52.861, 52.999, 52.9909, 52.9881, 53.0171, 52.9859, 53.03, 53.0012, 53.0269, 53.0081, 53.0269, 
Time to set up datastructures: 18147.2ms
52.7329, 52.7661, 52.794, 52.783, 52.758, 52.798, 52.7489, 52.7241, 52.7718, 52.7921, 52.7961, 52.7709, 52.794, 52.7871, 52.753, 52.767, 52.7949, 52.7811, 52.8171, 52.8309, 52.815, 52.814, 52.8021, 52.798, 52.7658, 52.8002, 52.7749, 52.7442, 52.7771, 52.7499, 52.7852, 52.815, 52.7771, 52.7868, 52.7651, 52.774, 52.772, 52.737, 52.7701, 52.7771, 52.768, 52.8021, 52.7208, 52.774, 52.7589, 52.7651, 52.7589, 52.7821, 52.763, 52.7248, 52.815, 52.7918, 52.8021, 52.7511, 52.752, 52.773, 52.7771, 52.7809, 52.779, 52.8269, 52.779, 52.798, 52.8011, 52.7451, 52.7389, 52.773, 52.7771, 52.7611, 52.793, 52.8181, 52.762, 52.783, 52.7649, 52.7821, 52.747, 52.808, 52.8169, 52.7551, 52.7298, 52.798, 52.783, 52.721, 52.7971, 52.778, 52.7749, 52.7802, 52.7768, 52.7751, 52.799, 52.774, 52.8111, 52.7608, 52.7642, 52.7658, 52.7802, 52.753, 52.8128, 52.7799, 52.851, 52.7811, 
Time to set up datastructures: 18158.5ms
52.6879, 52.706, 52.6769, 52.6671, 52.671, 52.6929, 52.7711, 52.7041, 52.875, 52.7489, 52.8171, 52.727, 52.685, 52.6979, 52.68, 52.7079, 52.6829, 52.695, 52.7101, 53.133, 53.4761, 53.019, 52.69, 52.686, 52.706, 52.6919, 52.696, 52.6772, 52.695, 52.7349, 52.6729, 52.717, 52.742, 52.6981, 52.6869, 52.6819, 52.6772, 52.6869, 52.7172, 52.6669, 52.6969, 52.7382, 52.7239, 52.6972, 52.6989, 52.655, 52.7139, 52.6891, 52.701, 52.732, 52.6872, 52.742, 52.6528, 52.742, 52.671, 52.66, 52.702, 52.669, 52.7749, 52.67, 52.6621, 52.659, 52.6741, 52.6879, 52.7, 52.6531, 52.7129, 52.9609, 52.896, 52.7241, 52.6979, 52.7139, 52.891, 52.6662, 52.685, 52.691, 52.737, 52.681, 52.712, 52.7041, 52.7229, 52.6781, 52.722, 52.665, 52.6519, 52.7089, 52.695, 52.7329, 52.6848, 52.6881, 52.7689, 52.7761, 52.7649, 52.7091, 52.696, 52.7811, 52.8159, 52.6872, 52.675, 52.6888, 
Running BlockCOH implementation
Time to set up datastructures: 17044.3ms
117.248, 117.106, 117.231, 117.545, 117.005, 117.189, 117.323, 117.23, 117.045, 117.118, 117.58, 117.23, 117.463, 117.213, 117.319, 117.235, 117.334, 117.203, 116.896, 117.452, 117.433, 117.147, 117.225, 117.154, 117.478, 117.656, 117.163, 117.322, 117.233, 117.185, 117.18, 117.226, 117.329, 117.238, 117.167, 117.217, 116.994, 117.165, 117.37, 117.269, 117.147, 117.223, 117.317, 116.883, 117.051, 117.357, 117.432, 117.279, 117.35, 117.269, 117.303, 117.433, 117.3, 117.235, 117.249, 117.051, 117.129, 117.569, 117.252, 117.118, 117.261, 117.058, 117.348, 117.022, 117.333, 117.326, 117.264, 117.416, 117.862, 117.193, 117.074, 117.248, 117.284, 117.491, 117.474, 117.27, 117.283, 117.349, 117.503, 117.589, 117.851, 117.185, 117.115, 117.318, 117.58, 117.302, 116.961, 117.231, 117.445, 117.138, 116.989, 117.274, 117.112, 117.206, 117.336, 117.266, 117.68, 117.291, 117.204, 117.23, 
Time to set up datastructures: 14914ms
94.7819, 94.8501, 95.134, 94.7139, 94.8231, 94.8939, 94.9302, 95.0699, 94.887, 94.8031, 94.7309, 94.7871, 94.728, 94.7831, 94.785, 94.7301, 95.3748, 95.4421, 94.9461, 95.0949, 94.9371, 94.943, 94.8861, 94.9459, 94.7821, 94.9819, 95.077, 94.8541, 94.9171, 95.0198, 94.7931, 94.7671, 94.9061, 94.811, 94.7409, 94.8842, 94.7769, 94.9841, 95.0751, 94.8069, 94.815, 94.6531, 94.717, 95.264, 94.871, 94.867, 94.887, 94.84, 94.713, 94.893, 95.1231, 94.9199, 95.0711, 94.9261, 94.825, 94.9888, 94.8141, 94.677, 95.252, 95.4559, 94.7499, 94.7349, 95.0692, 94.7199, 94.775, 94.6791, 94.8541, 94.784, 94.79, 95.2361, 94.8441, 95.0658, 94.9361, 95.036, 94.79, 94.9819, 94.8079, 94.8291, 94.65, 95.125, 95.0661, 94.9171, 94.9609, 94.9831, 94.7199, 94.784, 95.1061, 94.7919, 94.923, 94.8501, 94.9371, 94.6848, 94.748, 94.9199, 95.2809, 94.974, 94.8892, 94.7559, 94.8679, 94.6121, 
Time to set up datastructures: 17356.3ms
88.712, 88.726, 88.774, 88.7291, 88.7449, 88.918, 88.7201, 88.8271, 88.7349, 88.6941, 88.8081, 88.855, 88.897, 88.6459, 89.0679, 88.711, 88.953, 88.9091, 88.9499, 88.933, 88.9039, 88.9962, 88.8379, 88.8798, 88.7802, 88.8638, 88.8131, 88.7461, 88.8999, 89.0162, 88.871, 88.856, 88.913, 88.892, 88.896, 88.8782, 88.7918, 88.959, 88.8238, 89.0331, 88.7759, 88.9642, 88.9568, 88.9511, 88.8579, 88.814, 88.7551, 88.877, 88.8991, 88.712, 88.819, 88.7961, 89.0009, 88.9111, 88.9199, 88.8002, 88.9649, 88.973, 88.9258, 89.0582, 88.805, 88.779, 88.845, 88.8581, 88.8789, 88.8791, 88.975, 88.8872, 88.6579, 88.8731, 88.7749, 89.2041, 88.877, 88.82, 88.7311, 88.969, 88.943, 89.0448, 88.8462, 88.7699, 88.9881, 88.856, 88.8109, 88.8, 88.9342, 88.99, 88.8569, 88.805, 88.8572, 88.9039, 89.0369, 88.973, 88.8479, 88.8782, 88.7461, 88.949, 88.82, 88.784, 89.0751, 88.8801, 
Time to set up datastructures: 19707.1ms
84.733, 84.872, 84.8098, 84.9321, 84.6491, 84.697, 84.8911, 84.878, 84.847, 84.713, 84.7452, 84.727, 84.6488, 84.764, 84.8131, 84.6589, 84.6651, 84.774, 85, 84.7371, 84.774, 84.8238, 84.8601, 84.8131, 85.1619, 84.6281, 84.8289, 84.8222, 84.722, 84.7189, 84.76, 84.897, 84.877, 84.7111, 84.748, 84.8968, 84.7819, 84.9481, 84.7349, 84.8, 84.7101, 84.7509, 84.749, 84.8691, 84.9271, 84.914, 84.7809, 84.7871, 84.9528, 84.82, 84.8122, 85.1998, 84.779, 84.775, 84.7771, 84.8291, 84.7719, 84.7239, 84.7452, 84.862, 84.841, 84.7859, 84.76, 84.693, 84.8091, 84.9869, 84.749, 84.7611, 84.908, 84.748, 84.8649, 84.8012, 84.9168, 84.769, 84.8191, 84.789, 84.7108, 84.9302, 84.873, 84.976, 84.6779, 84.7251, 84.7569, 84.7092, 84.5909, 84.774, 84.8329, 84.7452, 84.8289, 84.718, 84.8892, 84.847, 84.78, 84.8429, 84.8191, 84.909, 84.7759, 84.6791, 84.765, 85.0861, 
Time to set up datastructures: 21829.6ms
83.8361, 83.807, 83.811, 83.832, 83.8459, 83.822, 83.827, 83.863, 83.848, 83.977, 83.6291, 83.921, 83.874, 83.6291, 83.8449, 83.7719, 83.9281, 83.746, 83.9341, 80.399, 81.8589, 83.7541, 83.77, 83.7829, 83.8881, 83.8051, 83.8509, 83.7662, 83.8618, 83.8411, 83.832, 84.039, 83.9312, 83.9138, 83.832, 83.8878, 83.8351, 83.823, 83.8802, 84.0628, 83.6761, 83.894, 83.926, 83.854, 83.5938, 83.745, 83.7932, 83.859, 83.7131, 83.9019, 83.8771, 83.9579, 83.8218, 83.89, 83.873, 83.7901, 83.873, 83.864, 83.899, 83.967, 83.7531, 84.0158, 83.961, 83.9422, 83.755, 83.838, 83.684, 83.9081, 83.9128, 83.8711, 83.631, 83.8039, 83.7321, 83.7889, 83.9131, 83.806, 83.8439, 84.048, 83.744, 83.8461, 83.9229, 83.812, 83.9081, 83.8599, 83.9229, 83.606, 83.781, 83.8301, 83.885, 83.9591, 83.7479, 83.7841, 83.709, 83.684, 83.7588, 84.0611, 83.781, 83.8108, 83.7872, 83.746, 
Time to set up datastructures: 21018.2ms
82.1939, 82.1161, 82.258, 82.1431, 82.6321, 82.175, 82.2179, 82.1249, 82.118, 82.1018, 82.063, 82.154, 82.1221, 82.1829, 82.1018, 82.164, 82.1621, 82.1629, 82.0851, 82.1021, 82.0079, 82.171, 81.9972, 82.094, 82.103, 82.211, 82.1981, 82.2649, 82.159, 82.0599, 82.1271, 82.227, 82.149, 82.191, 82.1021, 82.103, 82.2861, 82.0749, 82.001, 82.0751, 82.165, 82.248, 82.1118, 82.1352, 82.2289, 82.1049, 82.1431, 82.1781, 82.124, 82.0589, 82.17, 82.1061, 82.1791, 82.0169, 82.185, 82.0999, 82.119, 82.103, 82.134, 82.094, 82.2489, 82.094, 82.1352, 82.1249, 82.128, 82.202, 82.299, 82.211, 82.242, 82.2489, 82.129, 82.1402, 82.042, 82.0968, 82.1509, 82.1481, 82.2439, 82.145, 82.1581, 82.212, 82.0708, 82.0661, 82.227, 82.0911, 82.2759, 82.0382, 82.1688, 82.1121, 82.144, 82.3891, 82.1819, 82.238, 82.114, 82.1719, 82.227, 82.098, 82.0611, 82.171, 82.1941, 82.0961, 
Time to set up datastructures: 21370.8ms
81.5701, 81.306, 81.4168, 81.2731, 81.5821, 81.6729, 81.5291, 81.408, 81.306, 81.388, 81.2521, 81.3711, 81.3179, 81.3539, 81.286, 81.5592, 81.3959, 81.3792, 81.3358, 81.3749, 81.301, 81.4881, 81.45, 81.485, 81.4729, 81.507, 81.3851, 81.4979, 81.3899, 81.383, 81.2969, 81.4052, 81.4109, 81.3432, 81.4021, 81.4309, 81.3642, 81.3498, 81.332, 81.4881, 81.3241, 81.3699, 81.387, 81.3172, 81.4059, 81.5361, 81.5759, 81.3718, 81.511, 81.418, 81.4519, 81.5651, 81.346, 81.5098, 81.356, 81.4791, 81.419, 81.265, 81.383, 81.2349, 81.29, 81.3849, 81.6131, 81.286, 81.4152, 81.578, 81.2969, 81.2399, 81.4991, 81.331, 81.3761, 81.547, 81.285, 81.3169, 81.3799, 81.3901, 81.362, 81.5339, 81.424, 81.3081, 81.3, 81.244, 81.403, 81.2762, 81.3379, 81.321, 81.3739, 81.435, 81.3608, 81.5191, 81.3339, 81.485, 81.2612, 81.3909, 81.4571, 81.3868, 81.3339, 81.3911, 81.5139, 81.3239, 
Time to set up datastructures: 21895.9ms
80.8191, 80.8029, 80.843, 80.765, 80.827, 80.688, 80.7419, 80.833, 80.828, 80.9329, 80.806, 80.7481, 80.77, 80.795, 80.7321, 80.7829, 80.833, 80.7521, 80.816, 80.7531, 80.765, 80.8089, 80.7681, 80.7309, 80.7531, 80.8201, 80.8139, 80.8029, 80.801, 80.795, 80.801, 80.8308, 80.8401, 80.734, 80.7071, 80.7679, 80.9181, 80.7979, 80.8821, 80.792, 80.8082, 80.8311, 80.7259, 80.817, 80.8241, 80.765, 80.796, 80.7929, 80.7731, 80.8089, 80.812, 80.7621, 80.8029, 80.869, 80.7691, 80.7819, 80.802, 80.76, 80.801, 80.8921, 80.7209, 80.771, 80.852, 81.295, 80.816, 80.7769, 80.7722, 80.8289, 80.826, 80.7769, 81.0058, 80.8291, 80.7929, 80.7621, 80.7989, 80.7879, 80.7469, 80.77, 80.791, 80.7891, 80.7531, 80.7099, 80.761, 80.76, 80.78, 80.7362, 80.811, 80.8799, 80.7819, 80.8389, 80.791, 80.848, 80.7331, 80.8201, 80.792, 80.781, 80.719, 80.802, 80.7419, 80.7981, 
Time to set up datastructures: 21718.1ms
79.787, 79.839, 79.782, 79.8481, 79.7999, 79.8261, 79.7958, 79.813, 79.8151, 79.797, 79.7789, 79.8211, 79.6831, 79.802, 79.7949, 79.8268, 79.8211, 79.721, 79.844, 79.778, 79.792, 79.838, 79.922, 79.813, 79.8159, 79.757, 79.819, 79.6402, 79.9811, 79.787, 79.8008, 79.7832, 79.7908, 79.73, 79.776, 79.7119, 79.792, 79.9282, 79.797, 79.7679, 79.855, 79.747, 79.807, 79.8039, 79.7238, 79.7451, 79.8471, 79.911, 79.819, 79.8471, 79.7179, 79.7532, 80.8139, 79.838, 79.8118, 79.8151, 79.7911, 79.8678, 79.7782, 79.7429, 79.798, 79.788, 79.7551, 79.8101, 79.706, 79.881, 79.8531, 79.6471, 79.736, 79.757, 79.8299, 79.6912, 79.874, 79.7839, 79.901, 79.916, 79.8111, 79.7629, 79.864, 79.771, 79.69, 79.6869, 79.7429, 79.694, 79.869, 79.891, 79.865, 79.7482, 79.7539, 79.7791, 79.8879, 79.7391, 79.8271, 79.7739, 79.7911, 79.7808, 81.2252, 79.926, 79.7648, 79.8221, 
Time to set up datastructures: 21822.3ms
79.5949, 79.5538, 79.6471, 79.716, 79.4921, 79.5391, 79.531, 79.5469, 79.999, 79.4961, 79.566, 79.571, 79.5059, 79.4282, 79.731, 79.7129, 79.463, 79.4871, 79.5801, 79.478, 79.4399, 79.5071, 79.5131, 79.5019, 79.782, 79.545, 79.5932, 79.5019, 79.577, 79.457, 79.5012, 79.5438, 79.5422, 79.499, 79.5231, 79.5391, 79.4818, 79.4301, 79.6311, 79.5429, 79.9072, 79.4339, 79.5641, 79.5069, 80.3552, 79.556, 79.474, 79.4392, 79.4818, 79.4961, 79.5588, 80.116, 79.555, 79.6969, 79.4981, 79.5381, 79.4659, 79.4661, 79.551, 79.4301, 79.4358, 79.5698, 79.4442, 79.4618, 80.1442, 79.782, 79.5069, 79.4861, 79.457, 79.5879, 79.5829, 79.5071, 79.483, 79.5779, 79.515, 79.4811, 79.612, 79.3889, 79.5372, 79.505, 79.5271, 79.51, 79.463, 79.495, 79.515, 80.049, 79.54, 79.479, 79.4492, 79.7989, 81.665, 79.6969, 79.505, 79.5269, 79.6189, 79.596, 79.4752, 79.54, 79.679, 79.473, 
Time to set up datastructures: 21539.4ms
79.8099, 79.7369, 79.715, 79.859, 79.752, 79.7858, 79.8678, 79.7582, 79.6518, 79.8681, 79.7431, 79.9289, 79.7582, 79.8409, 79.7219, 79.7892, 79.6809, 79.6621, 79.6621, 79.7808, 79.751, 79.7651, 79.8111, 79.809, 79.73, 79.742, 79.746, 79.6731, 79.7679, 79.788, 79.838, 79.706, 79.6959, 79.5829, 79.6609, 79.742, 79.7999, 79.4311, 79.8361, 79.6769, 79.8011, 79.7119, 79.761, 79.87, 79.8311, 79.8299, 79.684, 79.694, 79.6499, 79.726, 79.6821, 79.7861, 79.8569, 79.7629, 79.69, 79.761, 79.771, 79.741, 79.8001, 79.716, 79.7319, 79.772, 79.747, 79.9131, 79.8039, 79.7548, 79.7951, 79.8299, 79.8581, 79.8001, 79.7348, 79.7522, 79.7689, 79.5569, 79.7262, 79.706, 79.859, 79.7338, 79.7701, 79.716, 79.874, 79.855, 79.869, 79.8659, 79.8151, 79.6618, 79.7131, 79.7729, 79.7892, 79.807, 79.704, 79.7169, 79.8061, 79.735, 79.7021, 79.7079, 79.875, 79.776, 79.664, 79.6921, 
Time to set up datastructures: 21748.6ms
79.211, 79.2749, 79.3111, 79.1969, 79.2589, 79.212, 79.288, 79.2341, 79.248, 79.314, 79.258, 79.1869, 79.2029, 79.226, 79.2379, 79.2601, 79.2148, 79.294, 79.1502, 79.293, 79.1998, 79.1762, 79.237, 79.221, 79.272, 79.2789, 79.2429, 79.1712, 79.18, 79.273, 79.335, 79.2069, 79.232, 79.2029, 79.288, 79.174, 79.2339, 79.453, 79.2501, 79.2639, 79.201, 79.1938, 79.1581, 79.3312, 79.257, 79.308, 79.278, 79.1979, 79.2978, 79.294, 79.2129, 79.1771, 79.154, 79.2849, 79.174, 79.2611, 79.212, 79.2921, 79.2279, 79.216, 79.232, 79.253, 79.2491, 79.2511, 79.2348, 79.139, 79.175, 79.289, 79.3989, 79.319, 79.2511, 79.288, 79.282, 79.2189, 79.1922, 80.1499, 79.284, 79.241, 79.313, 79.2091, 79.2849, 79.2081, 79.2081, 79.3128, 79.3262, 79.236, 79.181, 79.191, 79.3359, 79.2792, 79.1409, 79.2041, 79.2458, 79.2861, 79.3231, 79.196, 79.196, 79.288, 79.2971, 79.2091, 
Time to set up datastructures: 22138.2ms
78.7871, 78.789, 78.7919, 78.7551, 78.82, 78.794, 78.7399, 78.862, 78.7468, 78.8119, 78.819, 78.835, 78.8682, 78.8329, 78.7489, 78.8639, 78.7501, 78.8338, 78.8391, 78.887, 78.8438, 78.7902, 78.7549, 78.8469, 78.7702, 78.7659, 78.824, 78.795, 78.7551, 78.738, 78.737, 78.7809, 78.8622, 78.877, 78.7671, 78.81, 78.851, 78.9089, 78.804, 78.8298, 78.8262, 78.825, 78.8629, 78.882, 78.8288, 78.7902, 78.83, 78.8829, 78.805, 78.784, 78.8879, 78.7811, 78.748, 78.8109, 78.7511, 78.747, 78.804, 78.867, 78.7699, 78.7809, 78.8691, 78.8751, 78.8591, 78.8538, 79.0391, 78.752, 78.804, 78.8341, 78.8448, 78.7339, 78.742, 78.922, 78.8569, 78.7871, 78.8209, 78.7649, 78.7749, 78.793, 78.805, 78.774, 78.8481, 78.8221, 78.9018, 78.7928, 78.8281, 78.783, 78.9421, 78.8989, 78.8341, 78.7849, 78.8081, 78.831, 78.7702, 78.8851, 78.8929, 78.8178, 78.7461, 78.814, 78.779, 78.8441, 

run on commit: 13f96d2691d15f1db9e6fbb123ed75819301c34d