2 3 4 5 6 7 8 9 10 11 12 13 14
Running sequential algorithm
Time to set up datastructures: 132006ms
140.879, 140.678, 141.257, 141.152, 140.918, 140.774, 140.531, 140.739, 140.64, 140.594, 140.604, 140.765, 140.603, 140.686, 140.808, 140.679, 140.836, 140.593, 140.704, 140.531, 140.617, 140.731, 140.777, 140.651, 140.586, 140.868, 140.695, 140.571, 140.843, 140.714, 140.633, 140.798, 141.051, 140.601, 140.614, 140.821, 140.613, 140.695, 140.608, 140.781, 140.618, 140.68, 140.731, 140.683, 140.578, 141.075, 140.734, 140.523, 140.628, 140.693, 140.696, 141.051, 140.641, 140.758, 140.679, 140.649, 140.61, 140.72, 140.762, 141.051, 141.313, 140.602, 140.558, 140.598, 140.627, 140.603, 140.655, 140.666, 140.785, 140.614, 140.556, 140.668, 140.59, 140.801, 140.813, 140.644, 140.578, 140.613, 140.738, 140.594, 140.648, 140.61, 140.715, 140.703, 140.621, 140.662, 140.549, 140.59, 140.961, 141.058, 140.642, 140.725, 140.75, 140.569, 140.686, 140.667, 141.018, 148.91, 140.851, 140.856, 
Running OpenMP implementation
Time to set up datastructures: 135767ms
75.603, 75.629, 75.572, 75.5489, 75.587, 75.603, 75.4259, 78.2421, 76.498, 75.8321, 75.8479, 75.9501, 75.7339, 75.6931, 75.8729, 75.7229, 75.7151, 75.6869, 75.7642, 76.5328, 75.707, 75.6569, 75.536, 75.5191, 75.882, 75.711, 75.7151, 75.5498, 75.6052, 76.2188, 75.6681, 75.604, 75.654, 75.6049, 75.875, 75.5522, 75.573, 75.9978, 75.6822, 76.524, 75.8479, 75.5942, 75.588, 75.5749, 75.4521, 75.4931, 75.4168, 75.664, 75.4781, 75.5761, 75.9768, 75.906, 75.6621, 75.6779, 75.737, 75.4962, 75.439, 75.6218, 75.5651, 76.2331, 75.6438, 75.412, 75.459, 75.5789, 75.758, 75.5689, 75.4311, 75.5858, 75.3672, 75.496, 75.5699, 75.4471, 75.557, 75.465, 75.562, 75.352, 75.701, 75.5801, 75.5761, 76.1919, 75.721, 75.6969, 75.5081, 75.4199, 75.5341, 75.485, 75.5339, 75.5591, 75.48, 75.3589, 75.5301, 75.455, 75.5091, 75.701, 75.3031, 75.3179, 75.422, 75.5031, 75.3849, 76.1762, 
Time to set up datastructures: 133486ms
54.049, 53.92, 54.162, 54.2421, 54.3559, 54.2898, 54.142, 54.1031, 54.0459, 53.7651, 54.0221, 53.9508, 54.2111, 53.9811, 53.9598, 53.884, 53.8499, 53.9041, 53.8311, 53.9529, 54.148, 54.1811, 54.0149, 53.961, 54.117, 53.9172, 54.0228, 53.8712, 53.988, 54.0819, 53.8721, 53.827, 54.074, 53.9038, 53.9632, 54.04, 53.983, 53.8349, 54.0311, 53.988, 53.916, 53.9291, 54.1201, 54.1761, 53.9749, 53.936, 53.921, 53.988, 53.957, 53.9329, 54.024, 53.992, 54.04, 53.952, 53.9758, 54.0121, 53.906, 53.9391, 53.937, 53.8571, 53.9219, 53.926, 53.9989, 53.9882, 53.8349, 53.879, 54.168, 54.014, 53.899, 54.0152, 54.0078, 54.0402, 53.952, 53.9689, 53.8321, 53.91, 54.347, 54.1761, 54.3008, 54.0521, 54.28, 53.926, 53.9451, 54.0118, 54.029, 54.014, 53.9291, 54.0001, 53.9601, 54.1649, 54.0769, 53.9598, 53.8471, 54.1151, 53.92, 53.9889, 54.0121, 53.9839, 54.0349, 53.961, 
Time to set up datastructures: 137520ms
43.587, 43.9191, 43.8359, 43.788, 43.772, 43.7932, 43.7579, 43.854, 43.895, 43.6599, 43.699, 43.7672, 43.7739, 43.8781, 43.8249, 43.803, 43.8361, 43.6769, 43.8411, 43.812, 43.8869, 43.7291, 43.74, 43.8559, 43.812, 43.8979, 43.8271, 43.8089, 43.8311, 43.8061, 43.891, 43.8831, 43.8709, 43.9122, 43.792, 43.8809, 43.9639, 43.7932, 43.7889, 43.8941, 43.9501, 43.7489, 43.9172, 43.9708, 43.8662, 43.8149, 43.638, 44.0011, 43.916, 43.828, 43.9072, 43.9329, 44.035, 43.823, 43.8821, 43.7789, 43.9541, 43.8499, 43.7961, 43.8979, 43.8292, 43.838, 43.7918, 43.7982, 43.8759, 43.87, 43.8969, 43.9181, 43.9498, 43.797, 43.8311, 43.844, 43.782, 43.7369, 43.8042, 43.839, 43.8859, 43.8411, 43.8528, 43.8352, 43.962, 43.828, 43.8981, 43.838, 43.7489, 43.8621, 43.884, 43.834, 43.7491, 43.853, 43.9239, 43.8201, 43.746, 43.972, 43.848, 43.788, 43.963, 43.869, 43.937, 43.859, 
Time to set up datastructures: 136733ms
37.6701, 37.6759, 37.626, 37.5841, 37.699, 37.765, 37.7111, 37.5919, 37.71, 37.6179, 37.703, 37.745, 37.657, 37.729, 37.734, 37.6241, 37.807, 37.75, 37.7419, 37.7221, 37.7538, 37.6458, 37.7021, 37.6801, 37.6968, 37.7221, 37.6759, 37.668, 37.7202, 37.6968, 37.684, 37.642, 37.6551, 37.73, 37.75, 37.735, 37.74, 37.7359, 37.801, 37.775, 37.8399, 37.7102, 37.8819, 37.7162, 37.7109, 37.807, 37.7731, 37.715, 37.7538, 37.765, 37.7622, 37.694, 37.6132, 37.6458, 37.75, 37.6461, 37.612, 37.75, 37.7181, 37.7209, 37.7212, 37.7049, 37.7419, 37.8041, 37.678, 37.7989, 37.7071, 37.6561, 37.7638, 37.806, 37.689, 37.7202, 37.7598, 37.8208, 37.745, 37.724, 37.7831, 37.6821, 37.7948, 37.7591, 37.6852, 37.7049, 37.7409, 37.7491, 37.7259, 37.719, 37.689, 37.781, 37.8492, 37.7898, 37.77, 37.7471, 37.7128, 37.7362, 37.765, 37.7729, 37.7281, 37.73, 37.806, 37.8561, 
Time to set up datastructures: 137877ms
34.0748, 34.05, 34.0199, 34.013, 34.034, 34.039, 34.097, 34.095, 34.0459, 34.1392, 34.08, 34.1208, 34.652, 34.3571, 34.2441, 34.2009, 34.2028, 34.1241, 34.157, 34.1618, 34.1671, 34.183, 34.1861, 34.1849, 34.199, 34.1001, 34.143, 34.204, 34.2131, 34.1399, 34.1692, 34.1549, 34.1251, 34.0629, 34.1461, 34.1499, 34.3912, 34.235, 34.251, 34.1921, 34.128, 34.2441, 34.102, 34.1389, 34.1861, 34.1461, 34.1029, 34.1191, 34.2009, 34.152, 34.076, 34.065, 34.2221, 34.111, 34.132, 34.1101, 34.1101, 34.101, 34.143, 34.1361, 34.127, 34.1249, 34.1311, 34.1601, 34.138, 34.1589, 34.133, 34.147, 34.225, 34.1511, 34.1179, 34.204, 34.183, 34.1911, 34.137, 34.0898, 34.1692, 34.215, 34.1539, 34.1961, 34.0569, 34.1711, 34.0889, 34.2, 34.0939, 34.1101, 34.1089, 34.1411, 34.163, 34.142, 34.1141, 34.1208, 34.1101, 34.0691, 34.1051, 34.1518, 34.1251, 34.122, 34.162, 34.1389, 
Time to set up datastructures: 139287ms
32.0432, 31.9409, 32.0849, 32.0301, 32.052, 31.9879, 32.0079, 32.0411, 32.074, 32.0721, 32.0439, 32.0389, 31.9791, 32.0392, 32.084, 32.084, 32.0399, 32.0551, 32.068, 32.0988, 32.0501, 32.1901, 32.1329, 32.0601, 32.0499, 32.1259, 32.0652, 32.0849, 32.1062, 32.0618, 32.0652, 32.074, 32.0811, 32.1341, 32.079, 32.0699, 32.1569, 32.073, 32.028, 32.1481, 32.0561, 32.0199, 31.9932, 32.023, 32.1019, 32.0802, 32.0549, 32.073, 32.083, 32.1021, 32.058, 32.0759, 32.0749, 32.063, 31.9791, 32.099, 32.1, 32.0702, 32.0749, 32.0351, 32.0568, 32.1028, 32.0411, 32.1381, 32.1281, 32.0549, 32.1131, 32.1369, 32.099, 32.038, 32.131, 32.1059, 32.033, 32.083, 32.145, 32.0601, 32.1078, 32.1112, 32.1209, 32.0969, 32.093, 32.099, 32.079, 32.094, 32.1059, 32.074, 32.095, 32.1112, 32.0261, 32.1379, 32.063, 32.0292, 32.0508, 32.1541, 32.0621, 32.0671, 32.141, 32.136, 32.14, 32.13, 
Time to set up datastructures: 138468ms
30.8521, 30.8599, 30.9329, 30.858, 30.869, 30.834, 30.8549, 30.8969, 30.8361, 30.9389, 30.8392, 30.8769, 30.8189, 30.8888, 30.9038, 30.8259, 30.9081, 30.822, 30.865, 30.859, 30.8762, 30.8681, 30.854, 30.901, 30.9329, 30.952, 30.9131, 30.8769, 30.8731, 30.8621, 30.8049, 30.791, 30.8781, 30.947, 30.8731, 30.8661, 30.8919, 30.925, 30.9279, 30.901, 30.874, 30.858, 30.8619, 30.8132, 30.8659, 30.9091, 30.838, 30.8969, 30.8859, 30.8459, 30.89, 30.874, 30.8731, 30.8981, 30.8349, 30.8731, 30.8568, 30.9072, 30.921, 30.8459, 30.8919, 30.8812, 30.916, 30.827, 30.88, 30.853, 30.8619, 30.874, 30.905, 30.869, 30.8421, 30.9551, 30.8549, 30.8971, 30.8499, 30.89, 30.9, 30.8359, 30.8459, 30.915, 30.915, 30.875, 30.9339, 30.8721, 30.864, 30.936, 30.9041, 30.8928, 30.9091, 30.8609, 30.926, 30.854, 30.8728, 30.8578, 30.8731, 30.838, 30.8931, 30.8831, 30.895, 30.972, 
Time to set up datastructures: 138359ms
30.0639, 30.16, 30.108, 30.0899, 30.0782, 30.1058, 30.107, 30.1549, 30.081, 30.098, 30.1011, 30.0851, 30.118, 30.1049, 30.1161, 30.072, 30.057, 30.0581, 30.1471, 30.0879, 30.0798, 30.102, 30.0801, 30.0939, 30.0951, 30.0641, 30.1158, 30.055, 30.123, 30.071, 30.1101, 30.1309, 30.067, 30.0701, 30.0961, 30.087, 30.1521, 30.1459, 30.0951, 30.1001, 30.1058, 30.1142, 30.0829, 30.107, 30.107, 30.1781, 30.0479, 30.0572, 30.1149, 30.0601, 30.0331, 30.0839, 30.1192, 30.139, 30.035, 30.1099, 30.067, 30.0982, 30.158, 30.1149, 30.086, 30.093, 30.2031, 30.077, 30.005, 30.1201, 30.0789, 30.1151, 30.123, 30.097, 30.076, 30.046, 30.067, 30.113, 30.077, 30.046, 30.0772, 30.0958, 30.1352, 30.103, 30.1049, 30.1001, 30.1409, 30.071, 30.123, 30.1259, 30.0941, 30.1759, 30.153, 30.082, 30.0899, 30.0591, 30.046, 30.1149, 30.056, 30.1468, 30.098, 30.0281, 30.0989, 30.087, 
Time to set up datastructures: 138610ms
29.5408, 29.5682, 29.5808, 29.546, 29.6462, 29.516, 29.5889, 29.6071, 29.644, 29.5761, 29.5649, 29.5751, 29.552, 29.573, 29.5131, 29.5019, 29.5911, 29.568, 29.5579, 29.474, 29.556, 29.566, 29.577, 29.597, 29.536, 29.5889, 29.537, 29.525, 29.532, 29.5179, 29.583, 29.5749, 29.537, 29.5792, 29.5739, 29.5949, 29.561, 29.532, 29.5341, 29.556, 29.619, 29.5551, 29.557, 29.5582, 29.5599, 29.546, 29.5072, 29.5289, 29.5382, 29.5579, 29.598, 29.525, 29.5179, 29.5351, 29.5889, 29.5272, 29.5188, 29.5131, 29.4981, 29.557, 29.5639, 29.525, 29.6299, 29.5551, 29.5501, 29.5749, 29.562, 29.573, 29.525, 29.587, 29.5489, 29.5739, 29.5339, 29.526, 29.6371, 29.5489, 29.5401, 29.5501, 29.5272, 29.582, 29.5229, 29.593, 29.541, 29.531, 29.5799, 29.5541, 29.568, 29.577, 29.5429, 29.5501, 29.629, 29.5479, 29.5422, 29.5699, 29.5911, 29.5451, 29.531, 29.654, 29.5508, 29.567, 
Time to set up datastructures: 138370ms
29.413, 29.444, 29.424, 29.428, 29.4161, 29.4039, 29.4421, 29.5169, 29.412, 29.4321, 29.439, 29.47, 29.4321, 29.5019, 29.381, 29.4671, 29.448, 29.433, 29.469, 29.479, 29.4268, 29.4421, 29.4161, 29.4309, 29.428, 29.449, 29.4671, 29.4149, 29.434, 29.4471, 29.4158, 29.4852, 29.5029, 29.434, 29.4471, 29.4659, 29.408, 29.458, 29.449, 29.4511, 29.424, 29.51, 29.386, 29.4449, 29.4831, 29.4468, 29.4311, 29.4299, 29.4452, 29.4299, 29.422, 29.4299, 29.4411, 29.4459, 29.4411, 29.458, 29.5119, 29.5119, 29.392, 29.424, 29.4352, 29.417, 29.4299, 29.412, 29.429, 29.4151, 29.417, 29.4209, 29.4089, 29.3901, 29.4099, 29.429, 29.4471, 29.3851, 29.4199, 29.4862, 29.4199, 29.4139, 29.4371, 29.4261, 29.356, 29.4549, 29.433, 29.4869, 29.572, 29.4609, 29.5651, 29.475, 29.5069, 29.4042, 29.4108, 29.403, 29.423, 29.417, 29.4342, 29.3989, 29.3989, 29.4681, 29.4709, 29.4108, 
Time to set up datastructures: 137980ms
29.9041, 29.846, 29.896, 29.875, 29.84, 29.8879, 29.927, 29.9439, 29.901, 29.9268, 29.8791, 29.8259, 29.9201, 29.865, 29.87, 29.8879, 29.8641, 29.9039, 29.871, 29.8972, 29.855, 29.8669, 29.85, 29.875, 29.8619, 29.887, 29.8481, 29.8281, 29.887, 29.897, 29.871, 29.8269, 29.881, 29.824, 29.948, 29.8419, 29.906, 29.788, 29.8412, 29.856, 29.8719, 29.8831, 29.8719, 29.9048, 29.9091, 29.861, 29.876, 29.865, 29.8371, 29.8481, 29.937, 29.9079, 29.8471, 29.8951, 29.866, 29.8669, 29.8131, 29.881, 29.8641, 29.8879, 29.83, 29.876, 29.8181, 29.794, 29.9079, 29.819, 29.9282, 29.758, 29.8269, 29.8872, 29.8629, 29.803, 29.8839, 29.81, 29.803, 29.851, 29.824, 29.8741, 29.846, 29.8669, 29.8212, 29.8078, 29.8071, 29.8891, 29.887, 29.8491, 29.8388, 29.788, 29.82, 29.8219, 29.844, 29.839, 29.8591, 29.8359, 29.8841, 29.7949, 29.9001, 29.8212, 29.789, 29.8779, 
Time to set up datastructures: 138182ms
29.861, 30.16, 29.8951, 29.8369, 29.845, 29.8271, 29.803, 29.8359, 29.8741, 29.84, 29.8128, 29.819, 29.8438, 29.835, 29.8688, 29.8572, 29.8219, 29.8431, 29.8369, 29.8989, 29.84, 29.978, 29.8622, 29.897, 29.834, 29.83, 29.8519, 29.84, 29.7689, 29.815, 29.804, 29.8018, 29.8111, 29.8131, 29.824, 29.8259, 29.8729, 29.8572, 29.8469, 29.8162, 29.8309, 29.8791, 29.8309, 29.8519, 29.8061, 29.8619, 29.8331, 29.845, 29.824, 29.834, 29.84, 29.8839, 29.84, 29.84, 29.8271, 29.8469, 29.8281, 29.8431, 29.803, 29.7868, 29.808, 29.8212, 29.7999, 29.8231, 29.8178, 29.9132, 29.8469, 29.8061, 29.7899, 29.8231, 29.788, 29.7959, 29.814, 29.7911, 29.8629, 29.8071, 29.8522, 29.8228, 29.82, 29.814, 29.8622, 29.845, 29.8059, 29.839, 29.9029, 29.8121, 29.84, 29.8619, 29.8381, 29.7909, 29.8321, 29.8071, 29.8131, 29.779, 29.819, 29.844, 29.793, 29.7899, 29.871, 29.804, 
Time to set up datastructures: 138515ms
30.087, 30.0879, 30.1149, 30.1042, 30.0648, 30.1182, 30.1549, 30.045, 30.123, 30.103, 30.118, 30.1242, 30.1619, 30.0722, 30.1259, 30.0901, 30.128, 30.112, 30.066, 30.165, 30.1452, 30.1299, 30.3521, 30.1778, 30.102, 30.1418, 30.0691, 30.0848, 30.149, 30.097, 30.0829, 30.091, 30.1151, 30.0808, 30.0751, 30.1461, 30.061, 30.076, 30.0908, 30.0672, 30.0319, 30.0879, 30.057, 30.0519, 30.0109, 30.0982, 30.139, 30.0639, 30.0598, 30.0269, 30.0651, 30.04, 30.0629, 30.066, 30.0269, 30.0889, 30.0412, 30.0488, 30.0331, 30.092, 30.1139, 30.0741, 30.0629, 30.0732, 30.0939, 30.0891, 30.091, 30.0329, 30.1001, 30.0879, 30.1089, 30.0348, 30.056, 30.05, 30.026, 30.19, 30.0789, 30.004, 30.112, 30.0391, 30.0879, 30.0651, 30.0841, 30.117, 30.0579, 30.0751, 30.0479, 30.1032, 30.0238, 30.0791, 30.0128, 30.0548, 30.0632, 30.0229, 30.081, 30.0891, 30.1309, 30.036, 30.077, 30.077, 
Running TBB implementation
Time to set up datastructures: 135009ms
75.4728, 75.6772, 75.8419, 75.583, 75.6471, 75.603, 75.5591, 75.613, 75.7279, 75.7351, 75.562, 75.7389, 75.4881, 75.567, 75.5489, 75.5961, 75.4881, 75.527, 75.5401, 75.5799, 75.5961, 75.527, 75.6149, 75.9058, 75.5191, 75.563, 75.4621, 75.537, 75.644, 75.758, 75.5239, 75.6471, 75.6369, 75.7542, 75.6481, 75.66, 75.7399, 75.423, 75.5999, 75.578, 75.7041, 75.7558, 75.5382, 75.6519, 75.6168, 75.4662, 75.532, 75.5858, 75.6221, 75.485, 75.633, 75.5749, 75.7291, 75.48, 75.5689, 75.8781, 75.659, 75.8228, 75.6991, 75.5601, 75.5348, 75.8672, 75.726, 75.6769, 75.6249, 75.716, 75.5811, 75.567, 75.541, 75.5591, 75.6018, 75.5761, 75.628, 75.6421, 75.6049, 75.5901, 75.6888, 75.48, 75.6102, 75.4769, 75.5401, 75.6531, 75.676, 75.597, 75.563, 75.5551, 75.4778, 75.712, 75.695, 75.465, 75.567, 75.5191, 75.66, 75.6891, 75.511, 75.572, 75.774, 75.6509, 75.7451, 75.7492, 
Time to set up datastructures: 133122ms
54.1101, 54.0819, 54.168, 54.1961, 54.394, 54.127, 54.2481, 54.4419, 54.4889, 54.523, 54.1961, 54.193, 54.1539, 54.1599, 54.045, 54.2052, 54.05, 54.1, 54.1508, 54.285, 54.1151, 54.234, 54.2231, 54.219, 54.2841, 54.136, 54.183, 54.204, 54.173, 54.2719, 54.436, 55.3701, 54.5139, 54.2669, 54.275, 54.2541, 54.3981, 54.203, 54.2719, 54.1811, 54.2409, 54.168, 54.275, 54.5189, 54.245, 54.502, 54.2891, 54.292, 54.2281, 54.127, 54.1859, 54.1701, 54.0988, 54.2009, 54.141, 54.239, 54.3771, 54.2719, 54.1999, 54.2061, 54.23, 54.1151, 54.184, 54.244, 54.1799, 54.1518, 54.4369, 54.177, 54.0669, 54.2481, 54.256, 54.2331, 54.3139, 54.3361, 54.1809, 54.2171, 54.2901, 54.389, 54.2359, 54.1761, 54.297, 54.1871, 54.5869, 54.235, 54.0972, 54.2629, 54.172, 54.239, 54.1091, 54.3449, 54.2641, 54.183, 54.3928, 54.3201, 54.2021, 54.2769, 54.24, 54.148, 54.3199, 54.2772, 
Time to set up datastructures: 137259ms
43.8809, 44.0359, 43.9219, 44.023, 43.951, 44.116, 44.0061, 43.9761, 43.844, 43.9999, 44.106, 43.9951, 43.9548, 43.9482, 44.0719, 43.941, 43.9739, 43.973, 43.9532, 43.999, 44.096, 44.0731, 43.9379, 44.1849, 43.931, 44.111, 44.064, 44.1079, 43.9422, 44.014, 43.983, 43.987, 44.014, 44.0018, 43.9901, 44.08, 44.013, 43.8659, 43.987, 44.0471, 44.0259, 44.0221, 43.9539, 44.0521, 44.157, 44.081, 44.0531, 44.096, 44.055, 43.962, 44.0888, 44.1401, 44.1091, 44.03, 43.8418, 44.2262, 44.0619, 44.04, 44.122, 43.9892, 44.0769, 43.993, 44.0891, 44.1661, 44.102, 44.0938, 44.0161, 44.06, 44.209, 44.054, 43.8991, 44.1098, 44.1191, 44.029, 44.024, 43.9351, 44.1551, 44.009, 44.1389, 44.235, 44.03, 44.0609, 44.1408, 44.0161, 44.0521, 44.096, 44.03, 44.2281, 44.03, 44.0481, 44.1339, 44.112, 44.275, 44.0431, 44.136, 44.112, 44.0769, 44.0521, 44.0879, 44.0149, 
Time to set up datastructures: 136881ms
38.0371, 37.946, 37.859, 37.9469, 38.0001, 37.9438, 37.941, 38.0671, 38.002, 37.946, 38.029, 37.962, 38.0161, 37.9291, 38.167, 38.0549, 38.048, 37.9641, 37.9889, 38.022, 38.002, 37.981, 38.012, 37.987, 37.9779, 37.9941, 38.095, 38.059, 38.1279, 37.9682, 38.0399, 38.079, 37.9982, 38.023, 38.0321, 38.0099, 38.0042, 38.0719, 37.955, 38.0621, 37.93, 38.1038, 38.002, 38.0101, 37.981, 37.9789, 38.1131, 38.0111, 38.0349, 38.0299, 37.957, 38.1241, 38.0671, 38.0449, 37.9951, 38.084, 38.0709, 37.9341, 38.0149, 38.0142, 37.9009, 38.095, 37.905, 38.0771, 38.1069, 38.095, 37.94, 38.0859, 38.0921, 38.0199, 38.012, 38.0151, 38.054, 38.0149, 38.0192, 38.1329, 38.0599, 38.0342, 38.007, 38.027, 38.0268, 38.0621, 38.065, 38.013, 37.95, 38.0721, 38.043, 38.1188, 38.094, 38.1, 38.0211, 38.0719, 37.9939, 38.1169, 38.0991, 38.0371, 38.0101, 38.0158, 37.9951, 38.151, 
Time to set up datastructures: 138290ms
34.2681, 34.3521, 34.349, 34.3449, 34.404, 34.3289, 34.312, 34.332, 34.3559, 34.312, 34.348, 34.3509, 34.41, 34.343, 34.3809, 34.409, 34.317, 34.3471, 34.363, 34.348, 34.4, 34.4269, 34.384, 34.3342, 34.348, 34.4379, 34.363, 34.3552, 34.3459, 34.41, 34.3401, 34.426, 34.3652, 34.2588, 34.3289, 34.373, 34.3611, 34.399, 34.4398, 34.3468, 34.4162, 34.445, 34.457, 34.3809, 34.4422, 34.3819, 34.374, 34.441, 34.368, 34.3361, 34.3809, 34.4052, 34.3728, 34.3771, 34.4329, 34.4231, 34.38, 34.3511, 34.3871, 34.385, 34.3568, 34.317, 34.4331, 34.487, 34.3699, 34.4791, 34.4639, 34.39, 34.375, 34.436, 34.3831, 34.4291, 34.44, 34.425, 34.457, 34.4, 34.4069, 34.462, 34.4329, 34.399, 34.364, 34.3308, 34.461, 34.466, 34.457, 34.4121, 34.358, 34.4479, 34.399, 34.4329, 34.41, 34.441, 34.2638, 34.3721, 34.404, 34.4288, 34.337, 34.404, 34.4059, 34.4121, 
Time to set up datastructures: 138351ms
32.2819, 32.2282, 32.2618, 32.223, 32.243, 32.3341, 32.213, 32.269, 32.239, 32.2549, 32.2602, 32.279, 32.2678, 32.2781, 32.2812, 32.2368, 32.3141, 32.2421, 32.218, 32.3021, 32.3009, 32.284, 32.331, 32.264, 32.294, 32.2618, 32.361, 32.258, 32.3431, 32.2969, 32.2261, 32.315, 32.3119, 32.2909, 32.274, 32.3532, 32.2559, 32.2411, 32.1929, 32.3091, 32.223, 32.32, 32.347, 32.2559, 32.315, 32.259, 32.351, 32.2728, 32.2661, 32.304, 32.294, 32.304, 32.2649, 32.3069, 32.3131, 32.2368, 32.2819, 32.2602, 32.306, 32.3238, 32.34, 32.4042, 32.2208, 32.2711, 32.284, 32.33, 32.3, 32.347, 32.367, 32.295, 32.305, 32.2561, 32.2969, 32.3131, 32.2549, 32.227, 32.2359, 32.2812, 32.269, 32.3129, 32.259, 32.32, 32.2971, 32.3238, 32.285, 32.342, 32.367, 32.2289, 32.3381, 32.3079, 32.295, 32.3241, 32.3119, 32.275, 32.3539, 32.335, 32.321, 32.351, 32.264, 32.2971, 
Time to set up datastructures: 138585ms
31.0192, 31.0409, 31.029, 30.972, 30.9939, 31.0242, 31.0109, 31.003, 31.0249, 30.9558, 30.9942, 30.9989, 31.0409, 31.0302, 30.998, 31.009, 31.0161, 31.05, 31.095, 31.045, 30.9861, 31.0059, 30.977, 30.9711, 30.997, 30.9651, 31.081, 31.0011, 30.9799, 30.9789, 31.0521, 30.952, 31.0161, 30.9539, 30.9651, 31.008, 31.0149, 31.0221, 31.019, 31.018, 31.0159, 31.0321, 30.962, 31.0102, 31.0109, 31.0071, 31.0271, 31.0631, 30.9439, 30.937, 30.9649, 30.9901, 31.074, 31.0209, 31.0171, 30.966, 31.0018, 31.0099, 31.0049, 31.049, 31.0578, 30.9381, 31.0259, 31.0061, 31.023, 30.983, 31.003, 31.0049, 30.983, 30.9911, 30.9441, 31.014, 31.029, 31.024, 30.987, 31.0421, 30.9949, 31.0321, 30.9269, 30.9789, 30.982, 30.9632, 31.0059, 31.0171, 31.0011, 31.014, 30.993, 30.9601, 30.9689, 31.0421, 30.978, 31.0421, 31.07, 31.003, 31.0268, 30.9711, 30.9851, 30.9711, 30.9989, 31.0619, 
Time to set up datastructures: 138415ms
30.062, 30.149, 30.1311, 30.102, 30.127, 30.1461, 30.1518, 30.1831, 30.128, 30.143, 30.081, 30.1461, 30.097, 30.0939, 30.117, 30.1139, 30.1421, 30.139, 30.148, 30.118, 30.1251, 30.0758, 30.117, 30.1349, 30.1111, 30.098, 30.1819, 30.1211, 30.0879, 30.1321, 30.103, 30.097, 30.1321, 30.1321, 30.139, 30.077, 30.143, 30.1111, 30.205, 30.165, 30.0801, 30.097, 30.1199, 30.1471, 30.0519, 30.1189, 30.087, 30.0791, 30.0779, 30.1211, 30.149, 30.159, 30.1452, 30.067, 30.221, 30.165, 30.128, 30.2241, 30.23, 30.133, 30.1089, 30.148, 30.149, 30.1371, 30.133, 30.18, 30.0601, 30.113, 30.1502, 30.1239, 30.0751, 30.1149, 30.071, 30.1049, 30.1509, 30.1111, 30.175, 30.1521, 30.1659, 30.0941, 30.117, 30.1158, 30.0992, 30.102, 30.123, 30.1211, 30.1049, 30.087, 30.1208, 30.0879, 30.16, 30.1251, 30.1778, 30.113, 30.1371, 30.102, 30.0519, 30.185, 30.2889, 30.139, 
Time to set up datastructures: 138057ms
29.5999, 29.6149, 29.563, 29.6159, 29.6011, 29.6371, 29.6619, 29.577, 29.5839, 29.6168, 29.6431, 29.634, 29.588, 29.6531, 29.5811, 29.5959, 29.6371, 29.6419, 29.645, 29.6729, 29.6421, 29.659, 29.618, 29.664, 29.6328, 29.6171, 29.6061, 29.6049, 29.6042, 29.6128, 29.6919, 29.634, 29.6581, 29.6299, 29.629, 29.701, 29.6071, 29.6071, 29.6619, 29.629, 29.6509, 29.741, 29.7949, 29.6781, 29.6261, 29.676, 29.6021, 29.6259, 29.5851, 29.603, 29.6049, 29.536, 29.6052, 29.6299, 29.5911, 29.5529, 29.644, 29.614, 29.6581, 29.6149, 29.6149, 29.67, 29.64, 29.6311, 29.608, 29.6369, 29.6791, 29.6412, 29.604, 29.6049, 29.6361, 29.5758, 29.578, 29.6631, 29.599, 29.5529, 29.613, 29.7441, 29.6359, 29.628, 29.6371, 29.5839, 29.599, 29.624, 29.6371, 29.6409, 29.639, 29.6602, 29.8598, 29.6578, 29.614, 29.6502, 29.609, 29.6659, 29.6049, 29.6731, 29.6319, 29.6352, 29.608, 29.7999, 
Time to set up datastructures: 137890ms
29.525, 29.587, 29.4931, 29.521, 29.5761, 29.6378, 29.5231, 29.531, 29.485, 29.6149, 29.5901, 29.511, 29.5911, 29.5229, 29.5591, 29.521, 29.563, 29.5179, 29.784, 29.773, 29.5339, 29.531, 29.4809, 29.556, 29.5231, 29.5129, 29.5551, 29.5241, 29.501, 29.557, 29.5751, 29.4988, 29.4981, 29.547, 29.485, 29.521, 29.5041, 29.5701, 29.5789, 29.7179, 29.5811, 29.5141, 29.5291, 29.5389, 29.644, 29.4881, 29.5939, 29.6741, 29.6009, 29.5141, 29.5019, 29.5222, 29.4769, 29.5091, 29.5329, 29.5031, 29.567, 29.5219, 29.5119, 29.788, 29.7601, 29.599, 29.5231, 29.547, 29.5761, 29.649, 29.5959, 29.5191, 29.572, 29.5451, 29.5141, 29.495, 29.5029, 29.6061, 29.5749, 29.5582, 29.546, 29.639, 29.5529, 29.83, 29.6521, 29.511, 29.5041, 29.51, 29.516, 29.556, 29.49, 29.5501, 29.4969, 29.5072, 29.4518, 29.506, 29.532, 29.51, 29.532, 29.5382, 29.5269, 29.597, 29.5248, 29.4971, 
Time to set up datastructures: 138190ms
29.892, 29.81, 29.866, 29.8841, 29.8738, 29.9101, 29.8619, 29.8581, 29.923, 29.876, 29.8572, 29.8738, 29.9742, 29.917, 29.887, 29.8278, 29.8722, 29.891, 29.9129, 29.882, 29.8522, 29.881, 29.8669, 29.8779, 29.8741, 29.8731, 29.9268, 29.8741, 29.876, 29.9029, 29.932, 29.875, 29.881, 29.8519, 29.8669, 29.856, 29.947, 29.8321, 29.8789, 29.8522, 29.865, 29.829, 29.8588, 29.8278, 29.86, 29.8481, 29.9001, 29.912, 29.896, 29.865, 29.8231, 29.928, 29.892, 29.8681, 29.8748, 29.86, 29.875, 29.8729, 29.834, 29.8691, 29.9489, 29.8851, 29.85, 29.834, 29.8769, 29.907, 29.9051, 29.844, 29.8989, 29.8791, 29.8991, 29.8889, 29.887, 29.8691, 29.927, 29.85, 29.891, 29.907, 29.88, 29.9189, 29.8951, 29.927, 29.897, 29.851, 29.8531, 29.9401, 29.86, 29.9199, 29.88, 29.969, 29.866, 29.855, 29.8688, 29.9242, 29.8779, 29.8731, 29.8479, 29.8381, 29.8779, 29.9261, 
Time to set up datastructures: 138804ms
29.8989, 29.9599, 29.8951, 29.8769, 29.9489, 29.907, 29.9182, 29.9709, 29.933, 29.9351, 29.9089, 29.9091, 29.9568, 29.9158, 29.9101, 29.9201, 29.902, 29.973, 29.9509, 29.963, 29.9032, 29.9489, 29.9571, 29.9048, 29.9902, 29.901, 29.9408, 29.953, 29.9101, 29.954, 29.907, 29.9029, 29.953, 29.9232, 29.912, 29.953, 29.8889, 29.8831, 29.9249, 29.917, 29.9058, 29.9242, 29.901, 29.8889, 29.9041, 29.9418, 29.9261, 29.8631, 29.9189, 29.9571, 29.9931, 29.974, 29.9339, 29.911, 29.9151, 29.9299, 29.9151, 29.9339, 29.9671, 29.9301, 29.937, 29.8479, 29.916, 29.9139, 29.9091, 29.8989, 29.8951, 29.8769, 29.9261, 29.8569, 29.8972, 29.9709, 29.933, 29.8841, 29.891, 29.9089, 29.887, 29.9442, 29.8998, 29.933, 29.9211, 29.9251, 29.8951, 29.918, 29.896, 29.9649, 29.9501, 29.9919, 29.938, 29.8979, 29.891, 29.947, 30.0159, 29.9461, 29.8851, 29.933, 29.907, 29.881, 29.9339, 29.9251, 
Time to set up datastructures: 138349ms
33.4389, 31.9972, 32.6259, 31.6129, 32.5131, 31.662, 32.3079, 31.862, 32.1002, 32.1229, 32.1321, 32.063, 31.991, 32.1639, 32.0342, 32.172, 31.997, 31.9901, 31.538, 32.3601, 31.4651, 31.5859, 31.143, 31.0361, 30.8139, 30.7989, 30.8459, 31.0571, 30.8259, 31.091, 30.8211, 30.436, 30.6709, 31.2538, 31.1902, 30.8659, 30.313, 30.1881, 30.165, 30.216, 30.1731, 30.134, 30.1459, 30.1621, 30.1359, 30.1521, 30.1411, 30.1929, 30.148, 30.1611, 30.211, 30.2339, 30.1402, 30.134, 30.2238, 30.1452, 30.133, 30.184, 30.1909, 30.215, 30.2041, 30.1678, 30.1871, 30.1521, 30.18, 30.138, 30.2029, 30.138, 30.1349, 30.174, 30.1602, 30.154, 30.1569, 30.1812, 30.165, 30.1509, 30.1561, 30.1449, 30.1671, 30.138, 30.16, 30.149, 30.1349, 30.4358, 30.1671, 30.118, 30.1471, 30.1659, 30.165, 30.1661, 30.1349, 30.251, 30.133, 30.1549, 30.165, 30.163, 30.2331, 30.153, 30.1678, 30.1449, 
Running TBB_graphs implementation with double the amount of partitions than threads
Time to set up datastructures: 131975ms
77.1711, 78.388, 78.516, 78.613, 77.28, 78.156, 77.1689, 78.311, 77.239, 77.1489, 78.3811, 78.3961, 78.033, 78.3858, 78.619, 78.3892, 77.527, 78.155, 78.0389, 77.3799, 78.32, 78.4771, 78.4631, 77.8608, 78.1581, 77.7099, 77.7311, 77.3439, 78.0561, 78.088, 78.0759, 77.281, 77.9319, 77.867, 78.527, 77.7261, 78.3379, 78.6591, 78.562, 78.0139, 77.4441, 77.955, 78.244, 77.4791, 77.5249, 78.3751, 78.361, 78.275, 77.5371, 77.328, 77.4841, 77.282, 78.3541, 77.431, 77.1871, 78.007, 78.0721, 77.714, 77.4429, 78.424, 77.7512, 77.517, 78.074, 77.3759, 78.0492, 77.811, 77.5108, 78.5651, 77.7121, 77.93, 77.796, 78.506, 77.9722, 78.7058, 77.677, 77.503, 77.956, 78.4531, 77.9409, 77.466, 77.976, 77.7621, 77.9629, 78.506, 78.4171, 78.2151, 78.3889, 77.8511, 77.271, 78.546, 77.975, 78.1291, 77.4479, 78.0261, 78.0401, 77.7678, 77.352, 78.4471, 78.2819, 78.3992, 
Time to set up datastructures: 132038ms
55.11, 55.824, 56.309, 56.226, 56.37, 56.4511, 55.9409, 56.3171, 55.7961, 55.6579, 56.1738, 55.6521, 56.3891, 56.108, 56.3068, 55.6641, 55.7239, 55.829, 55.445, 60.921, 61.244, 55.6328, 55.3598, 58.3591, 61.0499, 55.5241, 55.2599, 62.171, 56.684, 61.5029, 56.735, 55.896, 55.388, 63.8981, 58.157, 55.5298, 56.1092, 60.3809, 55.8889, 55.681, 55.5961, 55.3119, 55.933, 62.6009, 57.235, 55.8891, 56.5701, 55.491, 56.2119, 56.478, 55.701, 56.1221, 56.4249, 55.7508, 66.1931, 56.4129, 56, 55.763, 56.3471, 56.325, 56.567, 56.0961, 56.078, 56.251, 56.215, 55.7671, 55.918, 61.2259, 55.9652, 55.7039, 55.5182, 55.4399, 55.413, 60.9391, 56.433, 56.6709, 57.4851, 56.1991, 55.619, 55.757, 55.923, 56.972, 56.109, 55.743, 56.7789, 55.557, 56.5522, 56.0579, 55.62, 65.4621, 56.5901, 61.3658, 56.1378, 56.54, 56.7, 55.8362, 58.511, 56.2329, 56.2479, 55.9649, 
Time to set up datastructures: 131857ms
45.5389, 45.155, 44.8711, 45.4469, 50.04, 45.3641, 45.584, 44.703, 45.2991, 44.9619, 49.932, 45.435, 44.9901, 50.5359, 49.4111, 44.8611, 44.699, 44.3559, 44.6382, 44.8909, 46.998, 47.441, 45.295, 45.3269, 45.0389, 44.8561, 44.7848, 44.518, 45.3019, 44.673, 45.043, 44.837, 44.9471, 44.7929, 44.6322, 45.2769, 49.638, 48.6281, 45.145, 50.627, 49.6209, 50.0081, 47.1449, 45.521, 45.3372, 44.8768, 47.7481, 46.886, 44.8711, 50.359, 45.697, 46.181, 44.821, 44.9979, 45.1829, 45.0091, 45.0268, 45.711, 50.138, 45.243, 45.089, 44.7481, 45.059, 45.9621, 44.981, 45.0001, 48.84, 45.629, 46.695, 45.171, 45.1701, 44.8329, 44.878, 45.1391, 44.7869, 44.749, 48.4111, 45.814, 45.234, 45.161, 44.836, 45.0499, 44.5969, 45.2211, 45.0859, 44.7922, 44.872, 45.357, 45.1529, 44.7931, 44.816, 44.806, 44.637, 45.011, 44.91, 44.8749, 45.0552, 44.8468, 45.0618, 44.9321, 
Time to set up datastructures: 131868ms
41.2462, 38.4579, 38.3742, 38.4738, 38.7061, 38.45, 38.4681, 40.345, 43.292, 40.8268, 41.6861, 38.908, 38.4281, 38.4831, 38.5389, 38.9321, 38.594, 38.7459, 38.61, 42.7821, 42.4061, 38.8739, 38.6181, 38.7599, 38.5652, 38.599, 38.353, 39.2809, 38.9111, 39.0301, 38.955, 38.6951, 38.523, 38.538, 38.713, 38.7321, 38.79, 38.6579, 38.799, 39.0279, 38.759, 38.578, 39.0439, 38.733, 38.862, 38.7042, 38.727, 38.5489, 38.4519, 38.8732, 38.8889, 38.6031, 38.7499, 38.5962, 39.4778, 38.7182, 38.744, 38.918, 43.1669, 39.113, 38.9621, 38.888, 38.6989, 38.8191, 38.2631, 38.197, 38.5158, 39.454, 42.0699, 39.9859, 42.341, 38.6798, 38.9481, 38.7821, 38.867, 38.8269, 38.8119, 40.863, 38.717, 38.8191, 38.841, 38.2311, 39.263, 38.98, 38.739, 38.8079, 39.0739, 38.6291, 38.765, 38.4929, 38.47, 38.6331, 38.583, 38.821, 38.507, 38.357, 38.4538, 38.4872, 38.7158, 38.3201, 
Time to set up datastructures: 132148ms
35.3999, 34.637, 35.0201, 35.105, 34.7559, 37.045, 35.0292, 38.5458, 38.0092, 35.393, 35.028, 34.883, 35.4309, 36.3081, 34.8721, 35.0618, 35.238, 35.5861, 34.9739, 35.3432, 37.555, 35.4161, 35.202, 35.4509, 34.853, 34.8809, 34.7922, 34.7259, 34.9679, 34.8661, 34.8411, 34.6119, 35.3451, 35.006, 35.2778, 34.677, 34.729, 34.6999, 35.1591, 34.761, 34.9631, 35.3038, 36.8021, 35.4421, 34.9059, 35.48, 34.884, 34.925, 35.1181, 34.7841, 34.6138, 34.9641, 34.8291, 34.8759, 34.817, 34.9879, 35.1782, 34.9159, 35.4061, 35.0111, 35.064, 34.7509, 34.9779, 34.8291, 35.0339, 35.4121, 34.914, 35.3401, 34.801, 35.233, 35.3899, 35.4452, 35.007, 34.759, 35.2581, 35.0499, 34.837, 35.032, 35.2099, 35.2352, 34.9889, 34.919, 34.9991, 35.4991, 35.1918, 34.9262, 35.12, 34.7719, 35.238, 35.485, 35.0249, 34.7281, 34.8511, 35.042, 34.9429, 34.658, 34.848, 35.2211, 35.5501, 35.037, 
Time to set up datastructures: 132181ms
33.0641, 40.519, 34.8351, 33.644, 33.1519, 32.8822, 35.5258, 33.0091, 33.0911, 33.7551, 32.9189, 32.5432, 32.547, 32.6109, 32.944, 33.4401, 33.725, 32.7189, 33.0811, 35.846, 32.5789, 32.789, 32.7542, 32.9609, 32.836, 33.1242, 32.4469, 32.8, 32.6338, 32.9781, 32.841, 32.748, 33.195, 32.691, 32.779, 32.6869, 32.8381, 33.0269, 33.0989, 32.5291, 33.056, 32.6419, 33.107, 32.8951, 32.9549, 33.015, 32.737, 32.8372, 33.267, 33.7529, 33.648, 32.7001, 33.016, 33.1271, 33.174, 35.9321, 33.4868, 33.3352, 32.5608, 33.2351, 35.651, 33.174, 32.7289, 33.668, 33.788, 33.036, 32.716, 32.5339, 32.825, 37.2021, 32.86, 33.356, 32.8989, 32.9671, 33.4198, 32.644, 32.825, 32.7711, 32.691, 33.689, 32.805, 33.191, 33.2141, 32.963, 32.8569, 33.112, 32.712, 32.6309, 32.5871, 32.8121, 33.6859, 32.6059, 33.0732, 32.7771, 33.0088, 33.1089, 32.737, 34.445, 33.2148, 33.3719, 
Time to set up datastructures: 131927ms
32.953, 34.4479, 33.5538, 32.258, 31.678, 31.585, 31.6811, 31.348, 33.1709, 31.9419, 31.6491, 31.714, 38.872, 32.4519, 34.6072, 32.1259, 31.9071, 31.445, 31.5199, 31.3661, 31.6281, 33.6769, 31.7001, 32.0749, 33.138, 31.7249, 31.4572, 31.8129, 31.496, 31.6231, 31.7569, 32.1181, 38.5618, 34.3158, 31.7812, 31.4898, 31.6331, 32.0301, 32.2649, 31.498, 31.548, 31.575, 31.553, 31.6839, 32.2802, 31.883, 31.7378, 31.6281, 31.976, 31.7011, 31.328, 31.3971, 31.8549, 31.3721, 32.2149, 32.0621, 33.9651, 31.57, 31.764, 32.197, 31.9538, 32.4059, 32.1391, 31.6541, 31.3799, 31.4221, 31.322, 32.0029, 31.301, 31.5681, 31.5239, 31.8789, 31.579, 31.585, 31.6021, 31.4879, 31.7001, 31.9459, 31.7719, 31.9741, 32.0361, 32.0089, 35.2161, 33.5751, 31.7669, 31.6989, 32.4919, 31.8019, 31.9149, 31.8699, 31.9099, 33.5121, 32.1748, 31.8892, 32.1119, 31.6441, 31.867, 31.7619, 31.5411, 31.409, 
Time to set up datastructures: 132321ms
31.739, 30.8299, 31.0261, 31.0149, 30.7481, 30.854, 31.389, 30.606, 30.514, 32.1751, 30.7119, 30.7131, 30.3159, 30.3452, 30.359, 30.5638, 30.678, 30.529, 30.7682, 30.4348, 30.5212, 31.867, 32.7499, 31.651, 30.5591, 30.5851, 30.91, 33.0598, 32.0771, 30.874, 30.551, 30.745, 30.606, 30.261, 30.643, 30.6051, 30.453, 30.4971, 30.6661, 30.3221, 30.5729, 30.3931, 30.7219, 30.906, 30.556, 30.587, 30.652, 34.1032, 32.6278, 30.772, 30.3991, 30.761, 30.519, 30.8161, 30.2179, 30.396, 30.323, 30.513, 30.592, 31.095, 30.6978, 30.7531, 30.5898, 30.6518, 30.4391, 30.5641, 30.8819, 30.7651, 30.4921, 30.6778, 30.3941, 30.689, 30.5052, 30.6349, 30.499, 30.54, 30.436, 31.1, 30.4661, 30.479, 30.4749, 30.283, 30.6542, 30.3569, 30.4739, 30.983, 30.6349, 30.4401, 32.232, 30.4029, 30.6301, 30.3741, 30.4148, 30.5681, 30.54, 30.6449, 30.8101, 30.5181, 30.5459, 30.3099, 
Time to set up datastructures: 131732ms
29.9931, 30.618, 30.0429, 30.138, 30.0212, 30.4048, 30.5932, 30.0109, 30.2091, 30.1139, 30.0472, 30.0469, 29.938, 30.391, 30.1969, 31.9989, 30.4999, 30.1828, 30.0372, 30.277, 30.282, 30.3349, 30.4151, 30.0419, 30.4239, 30.5481, 30.019, 30.3299, 30.1239, 30.268, 30.129, 30.2119, 30.0839, 30.282, 30.076, 30.262, 29.9771, 30.4139, 30.0231, 30.513, 30.0848, 30.484, 30.5181, 30.3261, 30.143, 30.0319, 30.3941, 30.4439, 31.7831, 30.3459, 30.2451, 30.123, 30.1838, 30.1142, 30.2129, 30.071, 30.2889, 29.9749, 30.3352, 30.2129, 31.4269, 30.1101, 29.916, 30.185, 30.216, 30.3671, 30.494, 30.462, 30.4949, 30.484, 30.0441, 30.22, 29.9618, 29.906, 29.917, 30.0519, 30.477, 30.1812, 30.283, 30.031, 30.1011, 30.1728, 30.596, 30.175, 30.4141, 30.046, 30.498, 29.916, 30.3149, 30.201, 30.405, 30.4849, 30.515, 30.2329, 30.0369, 30.3912, 30.2339, 33.9921, 30.6671, 30.0899, 
Time to set up datastructures: 131879ms
29.778, 30.025, 29.8848, 29.8181, 29.856, 30.062, 29.9258, 30.03, 29.871, 29.8288, 29.9442, 29.9358, 29.8309, 29.9499, 29.954, 29.8219, 29.9451, 29.958, 29.9699, 29.9201, 30.7109, 29.9652, 30.0789, 29.928, 29.8491, 30.1311, 30.2291, 29.989, 29.7968, 29.752, 29.9749, 30.0531, 29.799, 29.727, 30.8549, 30.0498, 30.0632, 30.0539, 29.7871, 30.0159, 29.8262, 29.9239, 29.875, 29.7499, 29.8309, 30.0691, 30.942, 30.0629, 29.783, 30.0341, 29.902, 29.8259, 29.8791, 30.154, 29.7661, 29.8729, 30.56, 30.021, 29.8531, 30.103, 29.8162, 29.8209, 29.7511, 30.0739, 29.9268, 30.0519, 30.071, 29.7379, 30.0601, 29.897, 29.938, 29.8281, 29.8181, 29.701, 29.762, 29.9568, 29.8252, 29.7768, 29.8562, 29.8629, 29.8421, 29.891, 29.758, 31.688, 30.093, 30.0009, 33.8709, 31.2209, 31.5912, 29.9618, 29.8269, 29.7852, 29.8769, 30.0391, 29.917, 31.287, 29.9721, 29.7379, 30.2038, 30.0021, 
Time to set up datastructures: 131842ms
30.798, 30.504, 30.3299, 30.575, 30.4739, 30.3261, 30.2949, 30.4902, 30.602, 31.204, 30.792, 30.818, 30.4742, 30.4048, 30.535, 30.756, 30.9219, 30.174, 30.1659, 30.2989, 30.5152, 30.4668, 30.4749, 30.854, 30.4401, 30.129, 30.303, 30.1311, 30.607, 30.489, 30.9451, 30.6761, 30.4599, 30.426, 30.5951, 30.3671, 30.494, 30.365, 30.3731, 30.6549, 30.4511, 30.622, 30.7319, 30.592, 30.3051, 30.4868, 30.3352, 30.906, 30.864, 30.22, 32.079, 30.53, 31.0771, 30.3199, 30.261, 30.73, 34.564, 30.823, 30.6511, 30.7388, 30.4501, 30.406, 30.2119, 30.3571, 30.6489, 30.88, 30.9629, 30.3779, 30.3521, 30.194, 30.498, 30.5009, 30.417, 30.9122, 30.6668, 30.8199, 30.391, 30.385, 30.591, 30.3071, 30.443, 32.414, 30.4511, 30.421, 30.632, 30.6859, 30.3068, 30.5371, 30.6511, 30.4048, 30.427, 30.3371, 30.575, 30.8771, 30.3769, 30.8261, 30.7899, 30.7531, 30.5789, 31.0161, 
Time to set up datastructures: 132211ms
30.1499, 30.19, 30.201, 30.246, 30.293, 30.046, 30.2479, 30.1611, 30.1969, 30.2382, 30.1569, 30.2882, 32.4998, 30.4811, 30.087, 30.3142, 30.1869, 30.1449, 30.0472, 30.098, 30.8819, 30.163, 30.1051, 30.2088, 30.1161, 30.082, 30.1371, 30.1299, 30.0932, 30.3209, 30.17, 30.73, 30.1931, 30.268, 30.1452, 30.0479, 30.1571, 30.1559, 30.9582, 30.292, 30.205, 30.107, 30.36, 30.062, 30.241, 32.8541, 30.9949, 30.261, 30.0932, 30.2048, 29.9652, 30.1769, 30.093, 30.1111, 30.206, 30.1371, 30.0341, 29.974, 30.1421, 30.4291, 33.2849, 34.4121, 31.4119, 30.1549, 30.112, 30.086, 30.256, 30.3969, 30.1471, 30.175, 30.2591, 30.1309, 30.05, 30.1671, 30.061, 30.1659, 30.165, 30.1981, 30.1459, 30.1681, 30.076, 30.2379, 30.1819, 30.026, 30.158, 30.2351, 30.2789, 30.076, 30.1561, 30.0469, 30.1089, 30.1921, 29.984, 30.0548, 30.2491, 30.75, 30.1991, 30.1609, 30.246, 30.01, 
Time to set up datastructures: 131983ms
30.911, 30.786, 30.5121, 30.5009, 30.905, 30.6451, 30.7961, 30.8499, 30.6959, 30.9992, 30.8878, 30.652, 30.7732, 30.659, 30.8981, 30.766, 30.808, 30.822, 30.8771, 30.628, 31.0571, 30.6261, 31.0159, 30.8321, 30.8881, 30.653, 30.55, 30.6919, 30.5238, 30.6261, 30.8931, 30.6549, 30.6261, 30.694, 30.6799, 30.5321, 30.761, 30.6818, 30.6501, 30.874, 30.6339, 30.7879, 30.843, 30.946, 30.689, 30.791, 31.7092, 31.0318, 30.596, 30.6251, 31.112, 30.7159, 30.6292, 30.5619, 30.5541, 30.5309, 30.786, 30.5829, 30.5359, 30.7128, 30.7891, 30.7839, 30.5882, 30.5929, 30.694, 30.8659, 30.6652, 30.746, 30.5679, 30.6652, 30.669, 30.5829, 30.797, 30.905, 31.2681, 31.306, 30.7279, 30.4739, 30.6659, 30.854, 30.8218, 30.9861, 30.844, 30.74, 30.5882, 30.9, 30.807, 30.5181, 31.7409, 30.7581, 30.555, 30.6349, 32.6641, 30.6201, 30.725, 30.8149, 30.4592, 30.5939, 30.731, 30.6721, 
Running Threadpool implementation with double the amount of partitions than threads
Time to set up datastructures: 132370ms
77.636, 77.493, 90.292, 84.419, 77.925, 77.8069, 77.915, 77.7149, 77.662, 77.775, 77.8179, 80.97, 86.374, 78.037, 84.9249, 80.548, 77.791, 77.8089, 78.258, 77.8971, 78.0239, 87.1232, 87.1048, 78.3782, 77.7678, 77.574, 77.894, 77.8491, 77.666, 84.867, 78.5489, 91.2189, 80.3299, 77.7781, 77.9259, 87.2619, 79.5751, 77.698, 77.7349, 77.832, 77.6372, 77.6918, 77.7962, 90.7009, 80.1129, 77.7762, 77.919, 77.791, 77.9669, 77.7671, 78.0458, 81.0871, 79.5901, 77.6949, 77.9531, 77.523, 78.0239, 93.5771, 79.922, 77.641, 86.0698, 81.6522, 77.7149, 77.7102, 77.817, 82.67, 77.987, 89.8468, 84.3742, 78.347, 77.7409, 77.7421, 77.888, 77.9281, 78.306, 78.0499, 80.956, 88.789, 79.0882, 77.6589, 77.7841, 78.001, 77.7168, 77.708, 77.8139, 83.147, 86.2489, 78.5561, 77.79, 78.0339, 77.7402, 77.8739, 78.162, 88.7561, 78.265, 77.7819, 77.9321, 78.0959, 78.248, 86.9551, 
Time to set up datastructures: 132184ms
55.804, 55.939, 56.1421, 56.1309, 56.4229, 56.2191, 56.2661, 56.2499, 56.2921, 56.103, 55.5642, 56.1759, 56.03, 56.0961, 56.1399, 56.0701, 56.165, 56.355, 56.0551, 56.061, 56.1841, 56.33, 55.779, 55.634, 55.4261, 55.4068, 55.9342, 56.114, 56.2561, 56.2749, 56.335, 56.103, 56.252, 56.19, 55.383, 55.547, 55.5959, 55.9182, 56.3118, 56.082, 56.2148, 56.258, 56.1559, 56.004, 56.1929, 55.5601, 55.4171, 56.1359, 56.3521, 56.304, 56.1931, 56.186, 55.949, 56.0691, 56.1368, 56.252, 55.7559, 55.347, 55.181, 55.9852, 56.3068, 56.1812, 56.268, 56.0479, 56.1111, 56.329, 56.056, 56.299, 56.01, 55.9769, 56.087, 55.9249, 56.072, 56.2, 56.17, 56.1841, 56.1891, 55.7439, 60.5769, 55.4481, 55.9821, 55.9249, 56.1581, 56.2301, 56.004, 56.1991, 55.583, 55.3761, 59.494, 55.172, 59.3841, 60.5428, 56.1042, 56.1121, 56.273, 56.2201, 56.0858, 56.2282, 56.098, 56.071, 
Time to set up datastructures: 132324ms
49.4781, 51.8889, 46.643, 45.3119, 49.1831, 49.067, 48.8248, 45.3751, 51.0349, 51.5971, 45.7709, 45.6541, 46.895, 46.186, 45.619, 46.3181, 45.8181, 45.258, 45.1469, 45.7621, 45.316, 45.0099, 45.748, 48.7361, 45.6071, 46.639, 45.5039, 51.9092, 49.175, 45.2359, 45.265, 44.9431, 45.507, 49.247, 47.488, 49.8981, 50.7908, 48.6801, 45.4941, 44.9769, 44.9371, 44.867, 45.192, 45.0869, 45.0401, 45.835, 45.2209, 44.9178, 45.5959, 45.337, 45.1121, 44.965, 44.8759, 45.0912, 45.0969, 44.9331, 44.7352, 44.8999, 44.7838, 45.1951, 45.5201, 50.3659, 48.162, 45.449, 45.1601, 44.9951, 49.53, 44.5991, 44.668, 44.811, 44.6999, 45.3761, 45.054, 45.2001, 47.694, 45.2161, 45.191, 44.9691, 45.1448, 45.5551, 45.135, 45.146, 49.3081, 44.6939, 44.5971, 45.5258, 44.6448, 44.7512, 45.114, 45.0499, 44.9009, 45.1679, 45.0571, 45.0408, 49.5622, 44.7359, 44.9769, 45.0392, 45.413, 49.1929, 
Time to set up datastructures: 132078ms
42.0959, 39.942, 38.9721, 39.0518, 38.8312, 42.6919, 39.8591, 41.6579, 41.487, 40.8499, 38.8291, 38.738, 38.4421, 38.5048, 42.8071, 38.806, 38.4259, 43.941, 41.1742, 42.5549, 42.9468, 39.7282, 38.888, 38.7568, 38.655, 45.4071, 47.0321, 43.4029, 39.4661, 38.888, 39.0708, 44.1432, 41.2989, 41.1251, 44.277, 39.016, 38.497, 38.8482, 44.27, 41.409, 40.8261, 41.069, 38.8319, 38.7981, 38.7919, 38.7609, 39.0091, 38.5981, 43.4909, 40.9231, 42.7399, 45.162, 39.1941, 38.7509, 38.6429, 38.6531, 42.7718, 44.857, 41.5301, 40.0939, 38.7511, 39.2199, 38.744, 38.5742, 44.0409, 41.3661, 43.0281, 42.6798, 43.7889, 39.489, 38.3751, 38.8489, 38.7061, 38.7979, 38.8031, 38.7399, 38.801, 38.7678, 43.3331, 42.4781, 43.3421, 42.3379, 38.62, 38.7752, 38.6291, 38.6889, 43.494, 43.4539, 43.463, 41.9378, 40.0391, 38.877, 38.928, 38.79, 43.2889, 40.0722, 42.608, 42.12, 39.2499, 38.6381, 
Time to set up datastructures: 132113ms
34.56, 35.167, 34.6241, 34.6429, 35.1942, 34.7259, 34.642, 34.559, 34.632, 34.7159, 34.6119, 34.656, 34.5271, 34.615, 34.7111, 34.6138, 34.667, 36.3951, 34.6971, 34.637, 34.611, 34.668, 34.734, 34.6591, 35.1689, 35.094, 34.533, 35.089, 34.6119, 34.7102, 34.766, 35.212, 34.7199, 34.6341, 34.8051, 34.615, 34.7338, 38.3332, 35.337, 35.1579, 34.637, 35.0561, 35.0912, 34.946, 38.336, 35.1038, 34.6479, 34.9059, 34.6599, 34.6491, 34.642, 34.7121, 34.8048, 34.6851, 35.0211, 34.5728, 34.7691, 44.6901, 36.8321, 37.9119, 35.145, 34.622, 35.0251, 34.7588, 35.135, 35.121, 34.6749, 34.7321, 35.0659, 34.5891, 34.6901, 34.6909, 34.8101, 34.56, 34.7619, 35.2252, 34.821, 34.6451, 34.755, 34.6298, 35.017, 34.6529, 34.7052, 34.766, 34.6889, 34.6479, 34.7629, 34.6599, 34.9011, 34.6229, 34.982, 34.533, 35.1589, 38.2519, 34.9879, 34.6861, 34.6651, 34.8639, 34.8339, 34.7502, 
Time to set up datastructures: 132076ms
34.199, 35.1081, 35.6879, 35.357, 35.6801, 35.809, 37.3039, 37.3652, 37.0109, 35.485, 35.7239, 35.5952, 36.4079, 34.9431, 35.8989, 36.4349, 37.297, 36.2411, 35.934, 34.8921, 35.7339, 34.693, 35.408, 35.0611, 35.553, 36.315, 36.9511, 35.696, 37.014, 36.736, 37.6759, 36.417, 36.042, 35.526, 34.7919, 35.4841, 34.9638, 35.301, 35.0711, 37.2479, 36.1631, 37.7791, 37.549, 36.3278, 35.697, 34.611, 35.2259, 34.584, 35.507, 37.796, 37.766, 37.6182, 35.522, 35.2299, 34.698, 35.4471, 35.0418, 35.1, 36.0029, 35.9612, 35.5039, 35.8541, 35.162, 36.262, 37.0271, 36.983, 36.4771, 35.707, 35.4109, 35.4631, 35.279, 34.976, 35.9819, 34.9691, 33.3579, 33.34, 33.381, 35.043, 33.0949, 32.7661, 35.2409, 35.794, 33.8559, 34.1709, 34.6029, 34.688, 35.279, 35.2349, 35.1532, 36.051, 35.785, 37.0491, 37.513, 35.5339, 36.1021, 35.0759, 35.1059, 36.5291, 36.701, 35.5821, 
Time to set up datastructures: 132838ms
33.1008, 31.713, 31.935, 33.663, 33.7851, 33.5369, 31.693, 31.5802, 31.5938, 33.3562, 31.841, 31.564, 31.584, 31.5609, 31.5008, 31.796, 31.5568, 31.5032, 31.5979, 33.936, 31.5528, 31.6541, 32.0811, 31.7159, 32.023, 31.997, 31.724, 32.0489, 31.8441, 31.517, 32.002, 32.0561, 32.0439, 31.9891, 32.0759, 31.9841, 32.0361, 32.124, 31.9378, 31.8949, 31.837, 31.94, 31.9202, 32.0508, 32.0711, 32.0408, 31.7369, 31.7318, 31.965, 32.089, 31.6951, 31.924, 31.955, 31.9579, 31.92, 31.5959, 31.9881, 31.9591, 31.9278, 31.9121, 32.8059, 31.719, 31.9381, 31.6491, 32.1, 31.883, 31.6732, 31.7469, 31.9071, 33.9241, 32.1538, 32.1059, 31.714, 31.565, 31.9321, 32.1879, 32.1221, 31.961, 31.5871, 31.774, 32.0139, 31.986, 32.1772, 32.2158, 31.831, 31.7421, 31.635, 31.7349, 33.6189, 34.1821, 33.736, 31.738, 31.9209, 31.7051, 31.8849, 32.0401, 31.5511, 31.3499, 31.6401, 31.533, 
Time to set up datastructures: 131960ms
32.526, 33.627, 31.2471, 30.6249, 31.707, 30.756, 31.491, 31.9741, 32.7239, 30.8731, 30.4561, 31.724, 31.9231, 31.404, 31.1949, 30.7851, 30.5882, 31.795, 30.7128, 32.1901, 34.574, 33.4289, 31.378, 30.642, 31.7881, 30.6211, 30.6389, 32.5708, 31.651, 32.624, 31.8751, 31.4178, 30.576, 32.2659, 30.6551, 30.5998, 31.7841, 32.964, 33.7269, 31.7342, 31.1759, 30.617, 31.7612, 30.6749, 31.8179, 32.429, 33.8891, 33.391, 33.6699, 31.4159, 30.616, 31.594, 30.751, 30.385, 32.027, 31.3029, 31.7528, 30.7279, 30.504, 31.9791, 30.6771, 32.527, 32.0339, 30.7851, 30.519, 31.9469, 32.593, 32.4891, 32.625, 32.912, 32.645, 33.422, 32.2609, 30.771, 32.3391, 30.8061, 31.5721, 31.9538, 32.5081, 33.391, 31.476, 30.7069, 31.8949, 30.658, 31.3029, 32.2502, 32.3539, 33.7701, 33.833, 31.8789, 30.683, 31.7321, 30.6919, 30.54, 31.7972, 32.557, 31.1298, 30.802, 30.5972, 32.3138, 
Time to set up datastructures: 132074ms
31.4469, 32.5491, 31.93, 30.9749, 30.5462, 30.4589, 31.5189, 30.5572, 30.2479, 30.3531, 30.386, 30.4539, 30.37, 30.6389, 30.566, 31.7171, 30.5629, 30.6852, 30.653, 31.5859, 32.985, 31.3139, 30.3521, 31.2929, 30.3762, 30.9908, 31.198, 31.2119, 30.324, 30.354, 31.4651, 30.6051, 30.1449, 30.2989, 30.143, 30.653, 30.2558, 31.7118, 30.622, 30.4248, 30.6029, 30.3829, 30.3941, 31.3101, 30.483, 30.401, 31.4209, 32.2962, 32.7549, 30.4852, 31.8229, 31.4882, 30.4339, 30.714, 32.094, 31.2831, 30.885, 30.2858, 31.7862, 30.452, 30.4649, 31.8551, 32.907, 31.472, 30.2, 31.4162, 30.333, 31.153, 32.0458, 31.9288, 31.178, 30.4089, 30.0472, 31.3339, 30.5181, 31.2099, 32.3482, 32.7029, 31.297, 30.52, 31.6119, 30.6709, 31.9629, 30.654, 30.9429, 30.6871, 30.4589, 31.3601, 30.5769, 30.9939, 31.7461, 32.639, 31.4679, 30.611, 31.224, 30.5932, 30.7949, 31.822, 31.395, 30.4389, 
Time to set up datastructures: 132194ms
31.354, 31.4839, 30.22, 31.1382, 31.0419, 30.19, 30.4761, 30.9699, 30.2372, 30.0388, 30.9072, 30.2539, 30.0891, 30.081, 30.19, 30.215, 30.1929, 32.8851, 31.3051, 30.2119, 30.0841, 30.1518, 30.067, 30.1042, 30.1518, 30.2112, 30.128, 30.143, 30.165, 30.1411, 29.9499, 30.005, 31.4291, 30.123, 30.5181, 31.6341, 31.9588, 30.7019, 30.0741, 31.1201, 30.3168, 30.725, 31.8689, 31.354, 30.194, 30.1239, 30.8571, 30.1659, 31.1401, 32.5401, 31.5471, 30.1418, 30.056, 31.0302, 30.108, 30.437, 29.881, 30.165, 30.129, 30.0982, 31.3389, 30.3171, 30.0729, 30.0212, 30.086, 30.0579, 30.1151, 29.9389, 30.103, 30.117, 30.0658, 30.0939, 29.974, 30.061, 29.8901, 30.056, 30.174, 29.8831, 30.062, 29.9659, 29.9828, 30.0422, 30.144, 30.0941, 30.061, 30.1569, 30.035, 30.0491, 30.205, 30.061, 30.1578, 30.093, 30.061, 30.0419, 30.154, 30.041, 31.2221, 31.0071, 31.6401, 31.46, 
Time to set up datastructures: 132228ms
30.8909, 31.3869, 30.6921, 30.7789, 30.57, 30.7939, 30.6749, 31.6141, 31.0521, 30.849, 30.673, 30.513, 30.5669, 31.0292, 31.3148, 30.5781, 30.704, 30.7319, 30.4129, 30.5011, 31.0299, 30.848, 30.756, 30.843, 30.7801, 30.803, 30.493, 31.527, 31.7919, 30.8619, 30.582, 30.9012, 30.6699, 30.766, 30.54, 30.9181, 30.6211, 30.5338, 30.6902, 30.4739, 30.5669, 30.6962, 30.566, 30.6261, 30.8149, 30.6361, 30.7689, 30.565, 30.4749, 31.0259, 30.5901, 30.545, 30.669, 30.7391, 30.6561, 30.8321, 30.6139, 30.395, 30.683, 30.746, 30.628, 30.549, 30.709, 30.504, 30.911, 30.6821, 30.889, 30.611, 30.6211, 30.704, 30.473, 30.4441, 30.473, 30.7291, 30.7629, 30.421, 30.6261, 30.5948, 30.5648, 30.6802, 30.5381, 30.5369, 30.3659, 30.8201, 30.607, 30.792, 30.565, 30.925, 30.947, 30.7021, 30.5078, 30.6821, 30.4899, 30.611, 30.323, 30.925, 30.5209, 30.8361, 31.0109, 31.009, 
Time to set up datastructures: 132104ms
30.6921, 30.6358, 30.4949, 31.0841, 30.345, 30.2141, 30.838, 30.4849, 31.2328, 31.0981, 30.4639, 30.2291, 30.982, 30.2219, 30.3729, 30.277, 30.174, 30.22, 30.7779, 30.396, 30.4589, 30.9329, 30.4401, 30.184, 30.848, 30.5891, 31.3039, 30.762, 30.5698, 30.2629, 30.731, 30.3161, 30.8928, 30.854, 31.554, 30.386, 30.149, 31.1821, 30.4232, 30.6799, 31.3499, 30.6511, 30.292, 30.2739, 31.5611, 30.477, 30.2508, 30.3221, 30.1361, 30.2479, 30.1571, 30.828, 30.88, 30.4971, 30.4589, 30.22, 30.823, 30.5059, 30.1659, 30.127, 30.2691, 30.231, 30.7679, 30.3471, 31.3339, 32.171, 31.94, 30.7801, 30.2391, 30.817, 30.2448, 30.967, 31.482, 31.0059, 30.345, 30.6242, 30.4129, 31.137, 30.2742, 30.139, 30.2448, 30.257, 30.206, 30.153, 30.129, 30.2961, 30.1299, 30.2341, 30.241, 30.215, 30.2489, 30.195, 30.164, 30.2069, 30.2172, 30.2029, 31.3931, 31.2011, 30.2498, 30.266, 
Time to set up datastructures: 132721ms
30.5459, 30.9172, 31.0969, 30.6659, 30.7701, 30.834, 30.9062, 30.962, 30.8769, 30.915, 30.9732, 30.9749, 30.7209, 30.6592, 31.0121, 30.6969, 30.983, 30.942, 30.9188, 30.818, 31.008, 30.7591, 30.715, 30.9629, 30.8778, 30.8571, 30.786, 30.863, 30.977, 30.817, 31.004, 31.1129, 30.9181, 31.0869, 30.8881, 30.812, 31.0662, 30.8418, 30.9, 30.8211, 30.8981, 30.905, 30.9069, 30.767, 30.9482, 30.8599, 30.942, 30.915, 31.188, 31.2271, 30.879, 31.0249, 30.817, 30.812, 30.8552, 30.8299, 30.7682, 30.9198, 30.8461, 30.941, 30.8321, 30.8151, 30.8218, 30.8921, 30.9131, 30.911, 31.0481, 31.059, 30.8158, 30.9269, 30.576, 30.937, 30.9701, 30.7739, 30.885, 30.8678, 30.9451, 30.8211, 30.8549, 30.823, 30.894, 30.7441, 30.7651, 30.781, 30.895, 30.8871, 30.941, 30.972, 30.853, 30.762, 30.6261, 30.9169, 30.793, 30.7472, 30.8499, 30.8568, 30.7279, 30.8731, 30.8161, 30.7999, 
Running CRSMerge implementation
Time to set up datastructures: 135359ms
77.523, 77.74, 77.476, 77.3828, 77.4271, 77.4269, 77.518, 77.4121, 77.4219, 77.446, 77.3718, 77.5921, 77.4779, 77.615, 77.354, 77.302, 77.5168, 77.4748, 77.419, 77.3921, 77.5311, 77.4179, 77.395, 77.5189, 77.354, 77.3549, 77.451, 77.3749, 77.4391, 77.502, 77.58, 77.491, 77.4682, 77.467, 77.5299, 77.5402, 77.318, 77.5449, 77.5311, 77.5909, 77.4701, 77.4071, 77.414, 77.363, 77.4169, 77.3802, 77.5099, 77.4031, 77.296, 77.3971, 77.4648, 77.445, 77.6262, 77.5609, 77.297, 77.4541, 77.5349, 77.6701, 77.354, 77.512, 77.2932, 77.467, 77.4379, 77.503, 77.43, 77.43, 77.282, 77.4789, 77.4701, 77.5301, 77.276, 77.4209, 77.3139, 77.44, 77.4181, 77.359, 77.4601, 77.4269, 77.373, 77.3988, 77.4341, 77.363, 77.4581, 77.507, 77.384, 77.4179, 77.4808, 77.4398, 77.311, 77.4281, 77.476, 77.482, 77.316, 77.2669, 77.369, 77.3771, 77.3971, 77.405, 77.486, 77.2851, 
Time to set up datastructures: 133181ms
55.294, 55.1391, 54.919, 54.9769, 54.925, 54.9049, 55.1531, 54.997, 55.1419, 55.6231, 55.2421, 55.243, 55.187, 55.1221, 55.0518, 55.1262, 55.2199, 55.1882, 55.09, 55.1379, 55.156, 55.4521, 55.2819, 55.192, 55.4459, 55.011, 55.1391, 55.007, 55.16, 55.259, 55.2361, 55.2468, 55.0082, 55.3999, 55.007, 55.0451, 55.0039, 55.443, 54.9991, 55.027, 55.069, 55.2101, 54.775, 55.0549, 55.1949, 55.3491, 55.4979, 54.9619, 55.0551, 55.2659, 55.0871, 55.1221, 55.2738, 55.1648, 55.1801, 55.254, 55.1679, 54.945, 55.0449, 55.032, 55.1651, 55.13, 55.042, 55.2092, 55.141, 55.1639, 55.048, 55.114, 55.0349, 55.09, 55.1832, 55.079, 55.0199, 55.0821, 55.2161, 55.057, 55.0609, 54.9562, 55.151, 55.2111, 55.2168, 55.321, 54.9572, 55.0499, 55.022, 55.2042, 55.083, 55.1529, 55.15, 55.3601, 55.239, 55.2511, 55.0818, 55.1262, 54.9729, 55.1031, 54.9829, 55.2211, 55.1529, 55.016, 
Time to set up datastructures: 137284ms
44.2631, 44.312, 44.184, 44.2531, 44.2939, 44.414, 44.3289, 44.3289, 44.477, 44.2791, 44.3649, 44.287, 44.4322, 44.313, 44.2789, 44.3292, 44.462, 44.4191, 44.297, 44.4369, 44.39, 44.172, 44.3621, 44.436, 44.282, 44.286, 44.333, 44.3439, 44.3501, 44.3549, 44.4992, 44.209, 44.3211, 44.3568, 44.323, 44.4601, 44.2901, 44.43, 44.385, 44.3449, 44.379, 44.4171, 44.3249, 44.348, 44.3618, 44.4469, 44.286, 44.3642, 44.2588, 44.3251, 44.441, 44.311, 44.435, 44.3728, 44.3821, 44.3201, 44.3459, 44.2891, 44.3499, 44.379, 44.2801, 44.3661, 44.333, 44.384, 44.3871, 44.347, 44.3559, 44.239, 44.4951, 44.389, 44.3749, 44.368, 44.4269, 44.3952, 44.349, 44.3521, 44.3778, 44.4882, 44.364, 44.4109, 44.4751, 44.3499, 44.358, 44.3811, 44.4379, 44.3678, 44.4932, 44.333, 44.2469, 44.523, 44.477, 44.3251, 44.3189, 44.349, 44.2631, 44.4388, 44.275, 44.3239, 44.435, 44.364, 
Time to set up datastructures: 137018ms
38.2309, 38.0061, 38.193, 38.1031, 38.1408, 38.2211, 38.0919, 38.0371, 38.028, 38.0092, 38.141, 38.2268, 38.1269, 38.012, 38.1119, 38.106, 38.096, 38.1691, 38.085, 38.147, 38.1429, 38.157, 38.1951, 38.1989, 38.1691, 38.065, 38.1119, 38.208, 38.1629, 38.1858, 38.0511, 38.1889, 38.053, 38.2302, 38.2309, 38.197, 38.2099, 38.09, 38.1961, 38.0919, 38.0869, 38.1839, 38.1842, 38.2249, 38.271, 38.141, 38.1839, 38.223, 38.2199, 38.2791, 38.0979, 38.193, 38.25, 38.1908, 38.1222, 38.085, 38.26, 38.1229, 38.1691, 38.157, 38.136, 38.111, 38.2719, 38.142, 38.017, 38.044, 38.1529, 38.2199, 38.1382, 38.1489, 38.2431, 38.2311, 38.2679, 38.1529, 38.192, 38.1689, 38.1358, 38.1742, 38.132, 38.419, 38.332, 38.2192, 38.2268, 38.2311, 38.2209, 38.1231, 38.1958, 38.1792, 38.178, 38.11, 38.2221, 38.089, 38.1031, 38.1939, 38.188, 38.2581, 38.1739, 38.2771, 38.1238, 38.234, 
Time to set up datastructures: 138063ms
34.5321, 34.3928, 34.4381, 34.482, 34.42, 34.3702, 34.375, 34.5719, 34.384, 34.3301, 34.457, 34.466, 34.4169, 34.5051, 34.4639, 34.4541, 34.498, 34.42, 34.461, 34.451, 34.3521, 34.435, 34.3831, 34.4729, 34.4679, 34.482, 34.4989, 34.4062, 34.487, 34.3649, 34.513, 34.508, 34.498, 34.503, 34.4942, 34.4648, 34.4381, 34.411, 34.4961, 34.544, 34.39, 34.4961, 34.4758, 34.5061, 34.4751, 34.5159, 34.375, 34.4381, 34.497, 34.481, 34.4529, 34.457, 34.4701, 34.5519, 34.5502, 34.421, 34.3571, 34.4329, 34.3511, 34.41, 34.394, 34.4679, 34.4889, 34.4751, 34.487, 34.471, 34.4601, 34.375, 34.41, 34.585, 34.456, 34.39, 34.5159, 34.4701, 34.4689, 34.533, 34.462, 34.425, 34.467, 34.4608, 34.498, 34.447, 34.4679, 34.4009, 34.4849, 34.441, 34.4291, 34.5621, 36.032, 34.6501, 34.564, 34.446, 34.4491, 34.4648, 34.5011, 34.5621, 34.4439, 34.5321, 34.411, 34.4181, 
Time to set up datastructures: 138264ms
32.2499, 32.294, 32.2149, 32.3741, 32.295, 32.27, 32.2251, 32.2309, 32.403, 32.3801, 32.346, 32.181, 32.31, 32.306, 32.2461, 32.2719, 32.274, 32.2859, 32.3381, 32.2468, 32.2821, 32.279, 32.3329, 32.305, 32.3501, 32.2931, 32.3498, 32.3241, 32.361, 32.3122, 32.3908, 32.4211, 32.3069, 32.3551, 32.2809, 32.3441, 32.366, 32.377, 32.2928, 32.4192, 32.3238, 32.4411, 32.32, 32.4059, 32.361, 32.3651, 32.433, 32.403, 32.3761, 32.459, 32.371, 32.383, 32.316, 32.337, 32.2871, 32.3348, 32.2211, 32.377, 32.366, 32.388, 32.378, 32.285, 32.3431, 32.325, 32.294, 32.2919, 32.3429, 32.3391, 32.2859, 32.2671, 32.3811, 32.3758, 32.413, 32.3899, 32.3741, 32.3551, 32.3479, 32.382, 32.3229, 32.3431, 32.3141, 32.418, 32.3188, 32.3782, 32.31, 32.3088, 32.3482, 32.254, 32.275, 32.346, 32.3269, 32.2862, 32.4099, 32.279, 32.357, 32.289, 32.2921, 32.253, 32.341, 32.3679, 
Time to set up datastructures: 138329ms
31.064, 31.1279, 31.029, 31.1849, 31.0431, 31.076, 31.0929, 31.0261, 31.0879, 31.0931, 31.0721, 31.0798, 31.2331, 31.1861, 31.122, 31.0271, 31.1348, 31.0512, 31.019, 31.111, 31.074, 31.105, 31.0838, 31.069, 31.0042, 31.152, 30.9799, 31.0841, 31.0171, 31.05, 31.0578, 31.0571, 31.1379, 31.0731, 31.148, 31.117, 31.0929, 31.06, 31.1301, 31.1041, 31.05, 31.002, 31.0259, 31.0149, 31.0712, 31.0838, 31.0519, 31.049, 31.029, 31.0521, 31.1019, 31.05, 31.014, 31.0609, 31.0969, 31.1151, 31.013, 31.059, 31.0431, 31.024, 31.034, 31.1699, 31.143, 31.055, 31.0781, 31.034, 31.0349, 31.0361, 31.172, 31.0669, 31.1792, 30.9968, 31.0941, 31.1081, 31.0409, 31.105, 31.0869, 31.0712, 31.0669, 31.0421, 31.0431, 31.09, 31.0659, 31.096, 31.1229, 31.1272, 31.163, 31.1749, 31.1301, 31.0431, 31.209, 31.08, 31.0881, 31.244, 31.101, 31.044, 31.121, 31.1301, 31.0569, 31.162, 
Time to set up datastructures: 138203ms
30.4139, 30.3149, 30.3352, 30.4198, 30.36, 30.3872, 30.205, 30.3619, 30.3402, 30.34, 30.381, 30.225, 30.2889, 30.2911, 30.4439, 30.412, 30.3619, 30.3462, 30.3679, 30.4511, 30.3721, 30.314, 30.3938, 30.278, 30.261, 30.3688, 30.303, 30.3509, 30.494, 30.3919, 30.406, 30.375, 30.385, 30.349, 30.2792, 30.3249, 30.2999, 30.5202, 30.3178, 30.385, 30.3919, 30.339, 30.3218, 30.416, 30.3369, 30.2992, 30.3509, 30.395, 30.3009, 30.3562, 30.3359, 30.2231, 30.3578, 30.2601, 30.215, 30.4511, 30.3099, 30.3371, 30.2758, 30.4501, 30.3791, 30.3309, 30.3512, 30.35, 30.3409, 30.3741, 30.396, 30.4191, 30.4439, 30.1721, 30.2651, 30.4239, 30.3161, 30.237, 30.4019, 30.338, 30.381, 30.216, 30.385, 30.426, 30.4, 30.3071, 30.3628, 30.3731, 30.2851, 30.369, 30.3788, 30.354, 30.3011, 30.2501, 30.375, 30.3009, 30.2811, 30.3299, 30.22, 30.35, 30.406, 30.36, 30.329, 30.302, 
Time to set up datastructures: 138341ms
29.7151, 29.712, 29.6021, 29.6249, 29.7661, 29.732, 29.614, 29.5699, 29.6891, 29.675, 29.705, 29.6118, 29.6872, 29.635, 29.619, 29.675, 29.6979, 29.6459, 29.671, 29.7959, 29.6462, 29.6869, 29.794, 29.6822, 29.7239, 29.623, 29.5849, 29.6762, 29.6388, 29.7132, 29.6071, 29.5858, 29.655, 29.639, 29.6741, 29.6571, 29.6199, 29.7489, 29.9911, 29.8388, 29.6569, 29.6819, 29.7091, 29.628, 29.7251, 29.6228, 29.6502, 29.6788, 29.65, 29.706, 29.6829, 29.685, 29.6531, 29.6741, 29.655, 29.685, 29.6788, 29.6381, 29.6171, 29.649, 29.6199, 29.69, 29.654, 29.649, 29.628, 29.603, 29.6791, 29.6509, 29.789, 29.726, 29.6559, 29.619, 29.6209, 29.6891, 29.6619, 29.7642, 29.619, 29.633, 29.6049, 29.6462, 29.6218, 29.7229, 29.6972, 29.7251, 29.691, 29.6729, 29.731, 29.644, 29.6822, 29.686, 29.6829, 29.6419, 29.597, 29.5949, 29.726, 29.6531, 29.6819, 29.7141, 29.6271, 29.7968, 
Time to set up datastructures: 137825ms
29.633, 29.762, 29.712, 29.6841, 29.7949, 29.7031, 29.7339, 29.5939, 29.7141, 29.6261, 29.7439, 29.7799, 29.7461, 29.659, 29.6659, 29.727, 29.6559, 29.618, 29.7611, 29.7298, 29.6671, 29.7949, 29.619, 29.6822, 29.845, 29.911, 29.6788, 29.604, 29.7348, 29.6662, 29.7389, 29.6419, 29.9311, 29.856, 29.587, 29.8162, 29.7818, 29.6249, 29.7489, 29.696, 29.6781, 29.6819, 29.5911, 29.5599, 29.597, 29.7151, 29.8209, 29.6628, 29.741, 29.5792, 29.6221, 29.7689, 29.809, 29.6149, 29.809, 29.7172, 29.7348, 29.7019, 29.66, 29.6202, 29.664, 29.685, 29.7799, 29.7191, 29.7749, 29.732, 29.7332, 29.7918, 29.6471, 29.6919, 29.7771, 29.7689, 29.731, 29.676, 29.7592, 29.604, 29.654, 29.753, 29.6841, 29.758, 29.7949, 29.696, 29.7358, 29.8429, 29.7451, 29.778, 29.6431, 29.6769, 29.7561, 29.7289, 29.7542, 29.6369, 29.9711, 29.808, 29.6631, 29.6478, 29.597, 29.748, 29.7701, 29.7279, 
Time to set up datastructures: 138310ms
29.887, 29.834, 29.9242, 29.8638, 29.8922, 29.8319, 29.8109, 29.927, 29.9821, 29.9549, 29.9551, 29.8989, 29.8371, 29.82, 29.9089, 29.7921, 29.923, 30.0121, 29.9001, 30.0019, 30.025, 29.9411, 29.876, 29.9408, 29.8071, 29.9671, 29.8591, 29.808, 29.84, 29.85, 29.8109, 29.815, 29.8281, 29.809, 29.9139, 29.7968, 29.8581, 29.7871, 29.815, 29.835, 29.8421, 29.851, 29.794, 29.8471, 29.8328, 29.8202, 29.8429, 29.9921, 29.7279, 29.846, 29.8071, 29.794, 29.83, 29.918, 29.9692, 29.923, 29.902, 29.9399, 29.8362, 29.9101, 29.8939, 29.963, 29.9339, 29.912, 29.8202, 29.8479, 29.9041, 29.856, 29.7689, 29.8951, 29.8111, 29.856, 29.8719, 29.8121, 29.8069, 29.8021, 29.8691, 29.985, 29.784, 29.9191, 29.902, 29.9239, 29.8271, 29.866, 29.8309, 29.819, 29.923, 29.774, 30.0851, 29.8791, 29.8989, 29.798, 29.8419, 29.8362, 29.851, 29.7821, 29.861, 29.8851, 29.9339, 29.9029, 
Time to set up datastructures: 138103ms
29.999, 29.881, 29.937, 29.99, 29.9571, 29.979, 29.959, 30.0159, 30.0312, 29.9809, 29.9489, 30.0081, 30.051, 29.9139, 29.953, 29.9251, 29.989, 29.9141, 30.0128, 29.984, 29.984, 29.9742, 30.0438, 30.0672, 29.9318, 29.963, 30.0019, 29.9189, 30.076, 30.0059, 29.927, 29.99, 29.9141, 29.887, 30.0059, 29.9251, 30.0159, 29.9339, 29.9661, 29.9361, 29.989, 29.927, 29.9349, 29.943, 29.985, 30.0319, 29.9499, 29.911, 29.948, 29.9752, 29.8519, 29.9492, 30.01, 29.959, 29.932, 29.9749, 29.9101, 29.9039, 30.0162, 29.922, 29.9439, 29.952, 29.9859, 29.9702, 29.964, 29.902, 30.0319, 30.004, 29.8259, 29.9511, 30.077, 29.8841, 29.958, 29.9239, 29.9351, 29.9089, 29.876, 29.9182, 29.8879, 29.9671, 29.8898, 29.8872, 29.866, 29.994, 29.974, 29.9971, 29.9098, 29.8841, 29.928, 29.834, 29.9182, 29.892, 29.9919, 30.0331, 29.932, 29.902, 29.9442, 30.025, 30.0241, 29.896, 
Time to set up datastructures: 139087ms
30.1561, 30.138, 30.148, 30.1831, 30.2088, 30.242, 30.1411, 30.201, 30.174, 30.2801, 30.128, 30.0939, 30.138, 30.2639, 30.1621, 30.1709, 30.1309, 30.1552, 30.1809, 30.2119, 30.0932, 30.185, 30.127, 30.0889, 30.189, 30.1611, 30.1888, 30.102, 30.2181, 30.2229, 30.138, 30.077, 30.211, 30.1552, 30.1368, 30.2, 30.1812, 30.1459, 30.1352, 30.1039, 30.0689, 30.163, 30.0829, 30.1459, 30.174, 30.1881, 30.117, 30.236, 30.1778, 30.1299, 30.196, 30.1309, 30.1602, 30.1008, 30.4461, 30.163, 30.158, 30.1311, 30.0648, 30.1721, 30.0329, 30.1242, 30.153, 30.1349, 30.169, 30.1101, 30.093, 30.097, 30.091, 30.221, 30.1371, 30.0651, 30.1919, 30.1011, 30.139, 30.153, 30.1559, 30.112, 30.0529, 30.1201, 30.087, 30.174, 30.165, 30.2391, 30.133, 30.158, 30.1108, 30.1552, 30.159, 30.133, 30.122, 30.1039, 30.0891, 30.112, 30.122, 30.102, 30.133, 30.0498, 30.117, 30.1149, 
Running CSB implementation
Time to set up datastructures: 137648ms
33.884, 33.8008, 33.7431, 33.6878, 33.7281, 33.7629, 33.736, 33.6871, 33.7319, 33.7911, 33.761, 33.704, 33.8559, 33.6821, 33.762, 33.73, 33.7129, 33.7391, 33.7069, 33.7932, 33.6649, 33.9091, 33.7389, 33.747, 33.941, 33.7908, 33.7691, 33.6869, 33.6971, 33.7269, 33.783, 33.6819, 33.726, 33.6912, 33.659, 33.7839, 33.6711, 33.71, 33.8049, 33.71, 33.6671, 33.751, 33.757, 33.6609, 33.6928, 33.71, 33.7241, 33.7989, 33.6161, 33.704, 33.654, 33.7219, 33.736, 33.742, 33.684, 33.6659, 33.797, 33.694, 33.6571, 33.741, 33.6719, 33.6261, 33.709, 33.7811, 33.695, 33.7911, 33.6709, 33.6292, 33.716, 33.7, 33.742, 33.705, 33.8349, 33.7701, 33.6909, 33.6452, 33.627, 33.7811, 33.6568, 33.7181, 33.757, 33.7329, 33.6471, 33.663, 33.814, 33.704, 33.628, 33.673, 33.7639, 33.663, 33.669, 33.6912, 33.6428, 33.7651, 33.6781, 33.6831, 33.6719, 33.628, 33.792, 33.653, 
Time to set up datastructures: 137617ms
29.3651, 29.3849, 29.3701, 29.3529, 29.418, 29.3121, 29.623, 29.3291, 29.4819, 29.4201, 29.356, 29.3109, 29.35, 29.3779, 29.264, 29.29, 29.3419, 29.388, 29.3419, 29.2969, 29.2711, 29.6519, 29.3381, 29.2699, 29.304, 29.309, 29.3391, 29.3128, 29.2861, 29.3579, 29.259, 29.3231, 29.3341, 29.3159, 29.3241, 29.2709, 29.403, 29.3, 29.3369, 29.2561, 29.2659, 29.325, 29.228, 29.3159, 29.283, 29.3479, 29.2671, 29.273, 29.351, 29.371, 29.2189, 29.2799, 29.47, 29.2771, 29.2721, 29.2649, 29.2389, 29.2361, 29.201, 29.2571, 29.3179, 29.2671, 29.211, 29.2571, 29.2459, 29.2652, 29.3479, 29.258, 29.2449, 29.217, 29.2811, 29.2599, 29.2881, 29.2349, 29.2132, 29.1388, 29.1662, 29.2408, 29.3231, 29.1851, 29.2699, 29.3059, 29.3591, 29.4359, 29.345, 29.443, 29.3419, 29.212, 29.1791, 29.3829, 29.4621, 29.2549, 29.3691, 29.212, 29.196, 29.1731, 29.166, 29.248, 29.2099, 29.2571, 
Time to set up datastructures: 138863ms
29.5041, 29.4199, 29.3961, 29.4931, 29.439, 29.4859, 29.438, 29.4602, 29.4669, 29.458, 29.4001, 29.474, 29.4459, 29.382, 29.47, 29.4821, 29.424, 29.4111, 29.47, 29.3839, 29.4549, 29.439, 29.6299, 29.5322, 29.4149, 29.479, 29.388, 29.4201, 29.423, 29.3751, 29.3899, 29.475, 29.3961, 29.408, 29.4271, 29.4001, 29.408, 29.48, 29.424, 29.4371, 29.412, 29.3958, 29.4042, 29.4349, 29.5432, 29.4878, 29.4111, 29.4311, 29.3999, 29.3951, 29.4821, 29.408, 29.388, 29.4161, 29.3379, 29.2749, 29.4042, 29.346, 29.3059, 29.4039, 29.4402, 29.3639, 29.393, 29.341, 29.31, 29.3729, 29.4039, 29.4042, 29.4039, 29.3629, 29.367, 29.4242, 29.423, 29.3379, 29.4001, 29.4199, 29.388, 29.35, 29.3839, 29.2952, 29.3689, 29.361, 29.357, 29.3951, 29.3701, 29.325, 29.3379, 29.3691, 29.3949, 29.3522, 29.3851, 29.4299, 29.3469, 29.3322, 29.377, 29.386, 29.3839, 29.371, 29.3801, 29.376, 
Time to set up datastructures: 139994ms
29.072, 28.996, 29.0892, 29.006, 29.0558, 29.027, 29.0599, 29.084, 29.0182, 28.9729, 28.96, 29.0821, 29.0401, 29.103, 29.079, 29.0439, 29.1162, 28.986, 29.036, 29.0439, 29.0301, 29.0089, 28.9671, 29.0899, 29.017, 28.9741, 29.0771, 28.9989, 29.0332, 28.99, 28.919, 29.0639, 28.9941, 29.052, 29.001, 29.017, 28.9979, 29.037, 28.9891, 29.0101, 29.0089, 28.9462, 28.9309, 28.9741, 28.969, 28.9769, 29.012, 28.935, 29.0051, 29.0091, 29.0248, 29.0761, 29.0551, 28.9638, 28.9731, 29.0241, 28.939, 29.006, 29.0649, 28.9781, 28.9459, 28.9259, 28.9521, 28.975, 29.0051, 29.0589, 28.94, 28.959, 28.975, 29.016, 28.95, 28.9609, 28.935, 28.9822, 28.9228, 28.903, 28.964, 28.9729, 28.9671, 29.011, 29.0079, 29.0082, 29.0151, 28.9919, 28.9149, 28.981, 28.9731, 29.0611, 28.9268, 28.9612, 29.0089, 28.9981, 28.9459, 29.001, 28.9881, 28.949, 28.9929, 28.934, 28.9772, 29.0201, 
Time to set up datastructures: 141596ms
29.5739, 29.5172, 29.5651, 29.583, 29.5489, 29.577, 29.624, 29.5801, 29.4631, 29.5398, 29.542, 29.5908, 29.525, 29.5479, 29.5169, 29.532, 29.552, 29.5351, 29.6021, 29.5479, 29.5458, 29.4912, 29.5119, 29.5479, 29.5241, 29.5842, 29.563, 29.5742, 29.5248, 29.521, 29.5298, 29.52, 29.511, 29.489, 29.5441, 29.5291, 29.506, 29.541, 29.536, 29.5329, 29.5219, 29.5181, 29.496, 29.4991, 29.5091, 29.5069, 29.495, 29.5079, 29.5119, 29.546, 29.541, 29.501, 29.5451, 29.577, 29.5079, 29.5091, 29.495, 29.536, 29.603, 29.537, 29.5382, 29.5179, 29.48, 29.495, 29.485, 29.454, 29.563, 29.5141, 29.4819, 29.5761, 29.5601, 29.5379, 29.536, 29.4821, 29.5229, 29.521, 29.5119, 29.5072, 29.537, 29.5789, 29.5181, 29.5389, 29.5119, 29.4869, 29.547, 29.52, 29.5022, 29.501, 29.546, 29.5269, 29.5169, 29.4938, 29.5091, 29.5169, 29.5212, 29.5219, 29.51, 29.51, 29.5019, 29.5191, 
Time to set up datastructures: 141290ms
29.6412, 29.6619, 29.6812, 29.618, 29.655, 29.6741, 29.665, 29.7041, 29.6049, 29.6891, 29.6841, 29.633, 29.6869, 29.6531, 29.6609, 29.6969, 29.6412, 29.654, 29.645, 29.7019, 29.654, 29.6741, 29.6431, 29.6528, 29.705, 29.655, 29.6612, 29.6609, 29.5949, 29.6462, 29.6829, 29.6619, 29.655, 29.6681, 29.675, 29.64, 29.6841, 29.6299, 29.6922, 29.6569, 29.6481, 29.722, 29.6798, 29.6521, 29.6159, 29.6962, 29.6299, 29.6099, 29.66, 29.639, 29.6822, 29.6559, 29.66, 29.597, 29.624, 29.64, 29.6299, 29.6731, 29.598, 29.6211, 29.6168, 29.566, 29.6831, 29.654, 29.6359, 29.6471, 29.633, 29.6891, 29.6769, 29.6459, 29.6161, 29.6481, 29.6578, 29.6412, 29.675, 29.665, 29.628, 29.696, 29.6171, 29.6919, 29.603, 29.6421, 29.6381, 29.608, 29.6268, 29.6421, 29.6609, 29.6311, 29.7189, 29.686, 29.69, 29.64, 29.675, 29.5889, 29.604, 29.633, 29.6531, 29.6021, 29.649, 29.7651, 
Time to set up datastructures: 142312ms
29.4509, 29.494, 29.4919, 29.4881, 29.479, 29.5241, 29.532, 29.4878, 29.5432, 29.4509, 29.4659, 29.4871, 29.484, 29.443, 29.5129, 29.4981, 29.5489, 29.4352, 29.484, 29.4628, 29.494, 29.51, 29.4569, 29.5019, 29.4721, 29.4771, 29.4778, 29.4762, 29.4919, 29.4909, 29.443, 29.453, 29.496, 29.4931, 29.48, 29.5222, 29.4428, 29.4392, 29.4859, 29.453, 29.4459, 29.5339, 29.4712, 29.4929, 29.4762, 29.4418, 29.4461, 29.4809, 29.4321, 29.4759, 29.52, 29.443, 29.5031, 29.496, 29.4721, 29.469, 29.4549, 29.4471, 29.516, 29.469, 29.501, 29.489, 29.439, 29.429, 29.465, 29.505, 29.4561, 29.5079, 29.475, 29.4778, 29.4549, 29.428, 29.4349, 29.5, 29.438, 29.505, 29.464, 29.4981, 29.4409, 29.49, 29.4571, 29.4669, 29.4499, 29.469, 29.53, 29.4349, 29.458, 29.4871, 29.4478, 29.4402, 29.4459, 29.4621, 29.4971, 29.424, 29.4199, 29.3841, 29.4728, 29.4471, 29.434, 29.4421, 
Time to set up datastructures: 141642ms
30.0369, 29.9749, 29.953, 29.979, 30.0069, 30, 29.9742, 29.9699, 30.0269, 29.9871, 29.9311, 29.994, 29.9189, 30.0272, 30.0069, 29.979, 29.9921, 30.015, 30.0131, 29.9358, 29.9811, 29.9931, 29.963, 29.984, 29.9921, 29.9439, 29.9821, 29.952, 29.9459, 29.9959, 30.0031, 29.985, 30.488, 30.618, 30.6752, 30.0479, 29.9821, 29.9349, 29.9592, 29.9659, 29.927, 29.9621, 29.9411, 29.9969, 29.943, 29.9571, 29.9051, 29.9079, 29.9079, 29.9101, 29.9511, 29.9308, 29.9652, 29.927, 30.0031, 29.9768, 29.9661, 29.9621, 29.9549, 29.9382, 29.9349, 29.974, 29.9191, 29.9079, 29.8991, 29.933, 29.9239, 29.947, 29.9761, 29.8929, 29.9461, 29.9351, 29.9339, 29.938, 29.943, 29.928, 29.9351, 29.917, 29.927, 29.911, 29.9001, 29.9311, 29.9549, 29.917, 29.9339, 29.9201, 29.9981, 29.9668, 29.922, 29.8932, 29.8729, 29.978, 29.9101, 29.9749, 29.9211, 29.9251, 29.937, 29.9509, 29.9621, 29.911, 
Time to set up datastructures: 141095ms
30.0982, 30.0739, 30.031, 30.0179, 30.0519, 30.0732, 30.03, 30.0779, 30.071, 30.0281, 30.0381, 30.2241, 30.0078, 30.0372, 30.0288, 30.0531, 30.041, 30.0479, 30.0798, 30.082, 30.051, 30.0701, 30.0519, 30.1509, 30.0591, 30.0391, 30.0379, 30.0319, 30.0531, 30.0419, 30.0221, 30.0379, 30.02, 30.0598, 30.009, 30.0231, 29.9909, 29.9952, 30.062, 30.04, 30.0319, 29.9861, 30.057, 30.0491, 30.0269, 30.041, 30.0469, 30.004, 30.02, 30.031, 30.0829, 29.9971, 30.0181, 30.0658, 30.009, 30.004, 30.031, 30.0212, 29.99, 29.9599, 30.015, 30.004, 30.0159, 30.0388, 30.0162, 30.019, 30.0109, 30.0231, 30.0229, 30.0598, 30.025, 30.0121, 30.071, 29.9919, 30.019, 30.045, 29.9971, 30.0448, 30.0291, 29.9799, 30.0109, 29.984, 30.026, 29.994, 29.969, 30.0241, 29.9871, 29.9859, 30.0269, 30.0179, 30.0541, 30.0031, 30.0069, 30.025, 29.9869, 30.009, 29.9749, 30.194, 29.9981, 30.026, 
Time to set up datastructures: 141031ms
30.2348, 30.2522, 30.314, 30.3459, 30.2951, 30.2639, 30.1771, 30.1149, 30.246, 30.2241, 30.22, 30.184, 30.226, 30.247, 30.128, 30.2091, 30.2908, 30.205, 30.2091, 30.2551, 30.165, 30.2861, 30.17, 30.2331, 30.2451, 30.2019, 30.1051, 30.232, 30.1461, 30.247, 30.309, 30.2081, 30.2508, 30.2231, 30.211, 30.2501, 30.1499, 30.2451, 30.2169, 30.232, 30.2601, 30.175, 30.2441, 30.17, 30.0999, 30.158, 30.1921, 30.2808, 30.4551, 30.1771, 30.102, 30.236, 30.1559, 30.1921, 30.1659, 30.18, 30.0901, 30.205, 30.134, 30.1352, 30.2298, 30.16, 30.252, 30.1931, 30.0598, 30.1502, 30.242, 30.1931, 30.2019, 30.206, 30.5851, 30.4499, 30.2548, 30.1921, 30.196, 30.1929, 30.22, 30.1778, 30.066, 30.2231, 30.2169, 30.102, 30.2811, 30.196, 30.225, 30.1821, 30.2768, 30.2241, 30.2989, 30.256, 30.205, 30.1971, 30.3988, 30.1991, 30.1919, 30.2322, 30.2188, 30.2382, 30.1371, 30.1318, 
Time to set up datastructures: 141564ms
30.4809, 30.4539, 30.4732, 30.4949, 30.5271, 30.5638, 30.463, 30.4692, 30.5181, 30.549, 30.544, 30.5178, 30.5228, 30.524, 30.5262, 30.443, 30.539, 30.447, 30.494, 30.452, 30.5209, 30.4701, 30.561, 30.544, 30.5262, 30.5409, 30.5409, 30.503, 30.5109, 30.4542, 30.4348, 30.427, 30.549, 30.5181, 30.513, 30.3819, 30.5731, 30.4279, 30.519, 30.427, 30.503, 30.4549, 30.426, 30.5109, 30.4389, 30.4642, 30.4329, 30.4201, 30.529, 30.443, 30.381, 30.535, 30.52, 30.5822, 30.3879, 30.453, 30.391, 30.4582, 30.401, 30.5109, 30.4291, 30.3719, 30.462, 30.3941, 30.499, 30.411, 30.4549, 30.5419, 30.4389, 30.4992, 30.4558, 30.4141, 30.544, 30.509, 30.503, 30.515, 30.4649, 30.3671, 30.5169, 30.5071, 30.4241, 30.525, 30.483, 30.5099, 30.4749, 30.4201, 30.4739, 30.3919, 30.365, 30.4792, 30.4499, 30.515, 30.4332, 30.525, 30.427, 30.4749, 30.504, 30.369, 30.479, 30.4501, 
Time to set up datastructures: 141944ms
30.549, 30.4458, 30.4792, 30.463, 30.479, 30.494, 30.467, 30.4511, 30.4749, 30.4201, 30.468, 30.467, 30.4279, 30.4852, 30.4599, 30.4871, 30.417, 30.463, 30.499, 30.5061, 30.5181, 30.3929, 30.513, 30.493, 30.437, 30.4382, 30.53, 30.479, 30.3829, 30.442, 30.4859, 30.39, 30.4451, 30.437, 30.431, 30.3922, 30.448, 30.37, 30.436, 30.3409, 30.473, 30.3872, 30.4608, 30.4432, 30.4968, 30.4592, 30.4759, 30.4081, 30.386, 30.4458, 30.4902, 30.4461, 30.4399, 30.472, 30.447, 30.4611, 30.5259, 30.458, 30.4401, 30.4589, 30.417, 30.442, 30.4561, 30.443, 30.436, 30.4761, 30.4139, 30.3941, 30.4441, 30.416, 30.448, 30.468, 30.4461, 30.4599, 30.4329, 30.436, 30.35, 30.4701, 30.421, 30.426, 30.4949, 30.483, 30.4401, 30.3879, 30.3791, 30.3769, 30.4651, 30.458, 30.4091, 30.3879, 30.452, 30.458, 30.4601, 30.4639, 30.4551, 30.457, 30.448, 30.417, 30.4451, 30.4301, 
Time to set up datastructures: 142136ms
30.4241, 30.4878, 30.4351, 30.453, 30.4182, 30.4279, 30.436, 30.4129, 30.3211, 30.407, 30.4501, 30.3779, 30.4151, 30.4132, 30.4039, 30.396, 30.4091, 30.3001, 30.395, 30.4239, 30.39, 30.36, 30.3991, 30.39, 30.411, 30.405, 30.369, 30.3938, 30.3972, 30.2908, 30.401, 30.4081, 30.3929, 30.4241, 30.3919, 30.3741, 30.436, 30.3719, 30.3969, 30.36, 30.3841, 30.3869, 30.3881, 30.407, 30.3609, 30.35, 30.3931, 30.3888, 30.3872, 30.365, 30.3819, 30.2641, 30.354, 30.401, 30.375, 30.391, 30.4041, 30.427, 30.401, 30.3209, 30.3881, 30.3619, 30.3011, 30.3631, 30.3831, 30.3769, 30.3819, 30.4081, 30.2639, 30.4129, 30.3922, 30.3669, 30.376, 30.4029, 30.3771, 30.3578, 30.385, 30.3841, 30.386, 30.3812, 30.3769, 30.3659, 30.2901, 30.3199, 30.4041, 30.318, 30.3938, 30.328, 30.3831, 30.3879, 30.3972, 30.3879, 30.2641, 30.385, 30.3769, 30.3841, 30.287, 30.4091, 30.283, 30.318, 
Running BlockCOH implementation
Time to set up datastructures: 146714ms
62.0091, 62.0279, 62.0689, 62.0401, 62.2511, 62.0201, 62.042, 62.001, 62.0129, 62.053, 61.805, 62.5241, 62.0859, 62.0129, 62.011, 61.9009, 61.9311, 62.0661, 61.934, 62.1541, 61.873, 61.861, 61.9488, 61.9409, 61.976, 62.1901, 61.996, 62.2511, 64.064, 62.1059, 62.0282, 61.94, 62.0201, 61.944, 61.939, 62.0921, 62.0549, 61.995, 62.1011, 61.842, 61.9311, 62.078, 61.8329, 62.1538, 62.1901, 62.1519, 62.0389, 61.8742, 62.0759, 61.78, 62.0291, 62.052, 61.918, 61.9049, 62.0511, 62.1741, 62.0091, 61.9829, 62.047, 61.873, 62.566, 63.1721, 61.9349, 62.053, 61.8989, 61.9061, 61.8351, 62.1428, 62.0432, 62.0298, 61.9571, 62.3939, 62.016, 62.35, 62.0081, 62.4471, 62.3999, 62.196, 61.9109, 61.919, 61.955, 61.904, 62.135, 62.1099, 61.939, 61.893, 61.9111, 61.9221, 61.888, 62.2671, 61.975, 61.8591, 61.8699, 63.0181, 61.939, 61.903, 61.8291, 62.0959, 61.8732, 61.965, 
Time to set up datastructures: 142687ms
44.2309, 44.2841, 44.2791, 44.2779, 44.4419, 44.276, 44.4641, 44.821, 44.6019, 44.8411, 44.2841, 44.241, 44.461, 44.2269, 44.2488, 44.307, 44.2472, 44.1959, 44.2481, 44.4379, 44.3001, 44.2469, 44.2379, 44.265, 44.313, 44.281, 44.2388, 44.286, 44.136, 44.3802, 44.5089, 44.281, 44.3161, 44.5619, 44.414, 44.481, 44.3439, 44.2312, 44.2309, 44.2228, 44.2109, 44.25, 44.255, 44.25, 44.385, 44.2171, 44.1849, 44.3349, 44.302, 44.451, 44.3192, 44.1871, 44.1828, 44.301, 44.1689, 44.265, 44.184, 44.255, 44.3561, 44.2729, 44.2872, 44.1759, 44.292, 44.3251, 44.251, 44.27, 44.306, 44.147, 44.3199, 44.2331, 44.291, 44.246, 44.4238, 44.276, 44.22, 44.246, 44.3091, 44.246, 44.873, 44.4219, 44.7311, 44.2588, 44.2302, 44.2069, 44.251, 44.1899, 44.256, 44.174, 44.2562, 44.2729, 44.1461, 44.6689, 44.3161, 44.1601, 44.287, 44.261, 44.2929, 44.5459, 44.594, 44.7731, 
Time to set up datastructures: 146931ms
34.385, 34.497, 34.3511, 34.4958, 34.4172, 34.4548, 34.4589, 34.3699, 34.4832, 34.5769, 34.4059, 34.5061, 34.528, 34.4269, 34.4551, 34.4181, 34.4229, 34.4412, 34.565, 34.462, 34.446, 34.466, 34.4119, 34.435, 34.502, 34.4629, 34.4708, 34.616, 34.5299, 34.3502, 34.5159, 34.3599, 34.5678, 34.4732, 34.4698, 34.3671, 34.492, 34.4741, 34.519, 34.4551, 34.462, 34.411, 34.456, 34.369, 34.5271, 34.3769, 34.4689, 34.4069, 34.467, 34.435, 34.5271, 34.374, 34.456, 34.436, 34.3721, 34.533, 34.3571, 34.5039, 34.467, 34.4741, 34.4949, 34.405, 34.4782, 34.384, 34.4248, 34.4892, 34.4639, 34.4951, 34.4231, 34.3909, 34.3571, 34.441, 34.452, 34.482, 34.394, 34.4892, 34.445, 34.4348, 34.4021, 34.529, 34.435, 34.394, 34.482, 34.411, 34.4832, 34.4779, 34.6811, 34.4958, 34.4641, 34.467, 34.4651, 34.3928, 34.476, 34.4682, 34.41, 34.4329, 34.4172, 34.487, 34.4598, 34.4801, 
Time to set up datastructures: 148150ms
28.6181, 28.616, 28.6112, 28.6269, 28.5959, 28.6419, 28.672, 28.6839, 28.5909, 28.5571, 28.635, 28.609, 28.5859, 28.6071, 28.6009, 28.651, 28.5521, 28.6181, 28.626, 28.631, 28.5459, 28.6882, 28.6391, 28.5978, 28.6412, 28.569, 28.5568, 28.5759, 28.6541, 28.6329, 28.5599, 28.564, 28.6241, 28.6071, 28.59, 28.5571, 28.5439, 28.6231, 28.625, 28.605, 28.6551, 28.5668, 28.5621, 28.522, 28.558, 28.6429, 28.6891, 28.667, 28.6479, 28.5621, 28.6391, 28.6739, 28.6059, 28.5869, 28.579, 28.61, 28.58, 28.5811, 28.578, 28.5969, 28.6341, 28.65, 28.5981, 28.5878, 28.6572, 28.5599, 28.6241, 28.62, 28.573, 28.6729, 28.594, 28.553, 28.5301, 28.6899, 28.656, 28.6322, 28.64, 28.5559, 28.6341, 28.6031, 28.5468, 28.595, 28.656, 28.6391, 28.6138, 28.5871, 28.6169, 28.626, 28.5618, 28.6658, 28.6222, 28.5351, 28.5289, 28.631, 28.5821, 28.6958, 28.578, 28.5981, 28.605, 28.6319, 
Time to set up datastructures: 149753ms
25.9111, 25.9521, 25.9979, 25.8861, 25.903, 25.9941, 25.9371, 25.933, 25.8868, 26.062, 25.938, 26.0241, 25.8799, 25.9669, 25.9981, 25.9769, 25.9252, 25.9109, 25.9781, 25.9171, 25.9459, 25.9321, 25.9831, 25.898, 25.9271, 25.913, 25.949, 25.9838, 25.8701, 25.897, 25.9039, 25.9101, 26.0069, 25.9299, 25.964, 25.991, 25.8889, 25.98, 25.9769, 25.9352, 25.9089, 25.9719, 25.8889, 25.975, 25.898, 26, 25.892, 26.0379, 25.975, 25.9161, 25.913, 25.9051, 25.8989, 25.928, 25.9938, 25.9662, 25.8839, 25.9051, 25.913, 25.8949, 25.9161, 25.9271, 25.9368, 25.9061, 25.8861, 25.9731, 25.9058, 25.9452, 25.8789, 25.948, 25.888, 25.9142, 25.9459, 25.9671, 25.898, 25.897, 25.8908, 25.897, 25.9762, 25.9578, 25.8801, 25.867, 25.95, 25.903, 25.8842, 25.8739, 25.9571, 25.898, 25.8579, 25.919, 25.9061, 25.8811, 26.036, 25.8811, 25.991, 25.8799, 25.9278, 25.8741, 25.9459, 25.8932, 
Time to set up datastructures: 151047ms
26.207, 26.1359, 26.1321, 26.1159, 26.1991, 26.078, 26.0761, 26.047, 26.0608, 26.1402, 26.083, 26.1619, 26.083, 26.1619, 26.073, 26.108, 26.094, 26.031, 26.0968, 26.1202, 26.0899, 26.13, 26.098, 26.1281, 26.1061, 26.072, 26.1991, 26.0909, 26.1471, 26.0329, 26.0789, 26.16, 26.093, 26.0811, 26.2129, 26.0851, 26.0501, 26.037, 26.0699, 26.252, 26.093, 26.0561, 26.031, 26.0479, 26.1421, 26.1209, 26.15, 26.1719, 26.145, 26.1509, 26.0532, 26.191, 26.0758, 26.1841, 26.3, 26.1042, 26.1528, 26.0551, 26.17, 26.175, 26.0711, 26.0301, 26.1478, 26.1281, 26.1631, 26.073, 26.027, 26.0811, 26.0649, 26.1421, 26.0899, 26.0551, 26.118, 26.1011, 26.165, 26.0899, 26.1731, 26.1319, 26.1149, 26.118, 26.058, 26.19, 26.175, 26.0861, 26.0279, 26.159, 26.0231, 26.0999, 26.094, 26.226, 26.2141, 26.1099, 26.0901, 26.0658, 26.1219, 26.14, 26.094, 26.1362, 26.18, 26.0708, 
Time to set up datastructures: 150630ms
26.4261, 26.4609, 26.48, 26.54, 26.588, 26.509, 26.576, 26.4659, 26.4671, 26.494, 26.5369, 26.428, 26.577, 26.52, 26.576, 26.51, 26.5031, 26.494, 26.6171, 26.516, 26.5419, 26.494, 26.453, 26.583, 26.5, 26.4571, 26.449, 26.403, 26.387, 26.4571, 26.5319, 26.4871, 26.5338, 26.4351, 26.5219, 26.54, 26.5861, 26.443, 26.4251, 26.516, 26.417, 26.4189, 26.6471, 26.5419, 26.4759, 26.3941, 26.6349, 26.5112, 26.5269, 26.5429, 26.5501, 26.5532, 26.4189, 26.4511, 26.5548, 26.4802, 26.5999, 26.433, 26.473, 26.582, 26.4609, 26.4411, 26.6161, 26.541, 26.505, 26.4981, 26.4499, 26.638, 26.458, 26.474, 26.4511, 26.5288, 26.494, 26.443, 26.406, 26.5272, 26.4478, 26.412, 26.5491, 26.4411, 26.49, 26.8319, 26.5501, 26.4962, 26.5779, 26.4969, 26.463, 26.4871, 26.5539, 26.5038, 26.567, 26.494, 26.4628, 26.433, 26.4621, 26.526, 26.4621, 26.4401, 26.5579, 26.4211, 
Time to set up datastructures: 151126ms
26.3078, 26.3071, 26.31, 26.3321, 26.212, 26.3379, 26.3181, 26.484, 26.324, 26.336, 26.264, 26.403, 26.273, 26.3422, 26.365, 26.2859, 26.2871, 26.3419, 26.3441, 26.2671, 26.372, 26.2871, 26.2668, 26.325, 26.3221, 26.5, 26.3171, 26.278, 26.3469, 26.3259, 26.3171, 26.2649, 26.4251, 26.516, 26.2589, 26.305, 26.3939, 26.3031, 26.3782, 26.2859, 26.376, 26.401, 26.366, 26.3531, 26.3019, 26.279, 26.3062, 26.3829, 26.324, 26.3381, 26.216, 26.3429, 26.2952, 26.35, 26.2718, 26.3901, 26.345, 26.427, 26.3031, 26.37, 26.3538, 26.3462, 26.3438, 26.324, 26.278, 26.351, 26.3979, 26.3741, 26.309, 26.4151, 26.449, 26.294, 26.3591, 26.3669, 26.3901, 26.3479, 26.304, 26.459, 26.32, 26.3388, 26.473, 26.3901, 26.3391, 26.371, 26.2599, 26.341, 26.376, 26.3369, 26.3581, 26.366, 26.4599, 26.355, 26.3529, 26.2871, 26.3879, 26.2718, 26.391, 26.3391, 26.3281, 26.3479, 
Time to set up datastructures: 151341ms
26.3791, 26.3281, 26.2289, 26.289, 26.5121, 26.521, 26.335, 26.365, 26.3629, 26.413, 26.309, 26.2902, 26.2849, 26.2859, 26.2818, 26.413, 26.3009, 26.3391, 26.372, 26.3791, 26.3491, 26.2849, 26.2561, 26.334, 26.2568, 26.5071, 26.3741, 26.4199, 26.1459, 26.35, 26.2241, 26.3629, 26.3641, 26.278, 26.3171, 26.299, 26.2549, 26.2671, 26.396, 26.2361, 26.2671, 26.3791, 26.314, 26.2909, 26.2911, 26.253, 26.2508, 26.252, 26.3152, 26.2439, 26.263, 26.289, 26.197, 26.34, 26.3231, 26.2561, 26.3469, 26.4471, 26.3379, 26.371, 26.222, 26.2599, 26.262, 26.3181, 26.346, 26.2611, 26.3569, 26.2032, 26.1929, 26.438, 26.412, 26.2291, 26.3019, 26.2232, 26.309, 26.3209, 26.3309, 26.2721, 26.283, 26.3109, 26.233, 26.32, 26.4139, 26.2511, 26.304, 26.304, 26.283, 26.2749, 26.268, 26.2651, 26.324, 26.2408, 26.288, 26.3031, 26.299, 26.243, 26.33, 26.2618, 26.2802, 26.3369, 
Time to set up datastructures: 149714ms
26.4649, 26.4812, 26.5238, 26.397, 26.336, 26.3109, 26.3979, 26.356, 26.3588, 26.396, 26.4051, 26.449, 26.3021, 26.4359, 26.5071, 26.4208, 26.3672, 26.3929, 26.4149, 26.386, 26.3751, 26.52, 26.4862, 26.4399, 26.3581, 26.4339, 26.351, 26.4199, 26.504, 26.3782, 26.387, 26.386, 26.4089, 26.5269, 26.5541, 26.428, 26.3801, 26.423, 26.5059, 26.351, 26.5341, 26.4771, 26.3889, 26.4208, 26.499, 26.3851, 26.407, 26.36, 26.325, 26.4921, 26.4089, 26.3691, 26.4008, 26.3081, 26.396, 26.3321, 26.499, 26.3398, 26.402, 26.3562, 26.4139, 26.474, 26.4089, 26.4492, 26.4919, 26.716, 26.406, 26.377, 26.392, 26.423, 26.5179, 26.509, 26.351, 26.4411, 26.5589, 26.4211, 26.4771, 26.4151, 26.315, 26.382, 26.34, 26.3629, 26.3739, 26.3431, 26.4249, 26.499, 26.4499, 26.4671, 26.516, 26.3472, 26.4359, 26.391, 26.391, 26.423, 26.4301, 26.3269, 26.387, 26.3312, 26.5031, 26.5229, 
Time to set up datastructures: 150580ms
26.6361, 26.7198, 26.782, 26.7131, 26.747, 26.695, 26.68, 26.8431, 26.8371, 26.7258, 26.6912, 26.6979, 26.675, 26.6371, 26.7529, 26.7041, 26.778, 26.7851, 26.7618, 26.6819, 26.6471, 26.685, 26.6721, 26.762, 26.773, 26.6769, 26.792, 26.711, 26.7351, 26.7639, 26.845, 26.799, 26.7892, 26.6838, 26.7682, 26.649, 26.7339, 26.7901, 26.7799, 26.7119, 26.773, 26.7222, 26.6998, 26.6712, 26.7448, 26.715, 26.6862, 26.7038, 26.7239, 26.773, 26.7341, 26.835, 26.7589, 26.7122, 26.6988, 26.7222, 26.7589, 26.68, 26.7429, 26.675, 26.675, 26.659, 26.706, 26.8149, 26.684, 26.7229, 26.6562, 26.752, 26.6922, 26.7889, 26.6919, 26.6881, 26.7489, 26.6531, 26.767, 26.7181, 26.7639, 26.643, 26.716, 26.6931, 26.7849, 26.6991, 26.71, 26.6759, 26.7711, 26.618, 26.7119, 26.7901, 26.7129, 26.7501, 26.6769, 26.7751, 26.788, 26.7658, 26.7639, 26.6969, 26.6862, 26.7019, 26.7141, 26.7, 
Time to set up datastructures: 150244ms
26.7229, 26.7391, 26.716, 26.7079, 26.6681, 26.705, 26.722, 26.7591, 26.6678, 26.6991, 26.767, 26.6612, 26.659, 26.644, 26.608, 26.659, 26.6721, 26.9058, 26.7231, 26.6969, 26.6991, 26.6371, 26.5939, 26.6531, 26.6891, 26.597, 26.639, 26.6519, 26.7241, 26.633, 26.571, 26.5789, 26.7501, 26.664, 26.768, 26.691, 26.654, 26.572, 26.839, 26.6259, 26.5861, 26.665, 26.6571, 26.6938, 26.6531, 26.6531, 26.6681, 26.757, 26.7971, 26.7711, 26.8009, 26.691, 26.8579, 26.6972, 26.793, 26.654, 26.727, 26.659, 26.736, 26.66, 26.623, 26.7241, 26.6619, 26.6249, 26.669, 26.746, 26.675, 26.6051, 26.6039, 26.68, 26.6731, 26.716, 26.7639, 26.6888, 26.665, 26.6662, 26.66, 26.71, 26.6571, 26.7439, 26.6149, 26.6471, 26.6409, 26.6268, 26.7048, 26.6619, 26.6261, 26.6991, 26.618, 26.675, 26.6249, 26.726, 26.6788, 26.7072, 26.696, 26.69, 26.6671, 26.6588, 26.715, 26.6418, 
Time to set up datastructures: 149953ms
26.7551, 26.7138, 26.7251, 26.7391, 26.8579, 26.706, 26.7231, 26.8068, 26.7439, 26.746, 26.6681, 26.8221, 26.7439, 26.71, 26.7229, 26.7031, 26.763, 26.757, 26.7491, 26.8648, 26.818, 26.7432, 26.6669, 26.7451, 26.7479, 26.768, 26.777, 26.773, 26.742, 26.7181, 26.634, 26.7639, 26.726, 26.7591, 26.7661, 26.8259, 26.7251, 26.7661, 26.7148, 26.6631, 26.7382, 26.7739, 26.7169, 26.6609, 26.6912, 26.69, 26.6428, 26.7551, 26.7069, 26.7711, 26.7029, 26.7742, 26.8199, 26.7642, 26.7608, 26.783, 26.696, 26.7239, 26.7251, 26.8362, 26.751, 26.8199, 26.937, 26.8891, 26.741, 26.7699, 26.8052, 26.85, 26.758, 26.7589, 26.7711, 26.7432, 26.7408, 26.9332, 26.767, 26.6988, 26.6771, 26.8428, 26.7498, 26.6891, 26.695, 26.7611, 26.7589, 26.7351, 26.7551, 26.83, 26.7529, 26.6631, 26.9139, 26.799, 26.7391, 26.7401, 26.7148, 26.787, 26.7611, 26.7401, 26.71, 26.788, 26.8021, 26.71, 

run on commit: 13f96d2691d15f1db9e6fbb123ed75819301c34d