2 3 4 5 6 7 8 9 10 11 12 13 14
Running sequential algorithm
Time to set up datastructures: 9065.72ms
606.423, 606.359, 607.109, 606.368, 606.692, 607.03, 606.439, 606.507, 606.425, 606.604, 606.43, 606.683, 606.73, 606.58, 606.517, 606.623, 606.437, 606.772, 606.321, 606.887, 606.232, 606.955, 606.916, 607.999, 607.021, 606.519, 606.355, 606.357, 606.534, 606.594, 606.507, 616.943, 607.003, 606.397, 607.047, 606.896, 606.588, 612.212, 606.574, 606.941, 606.885, 606.389, 606.995, 607.343, 606.982, 606.584, 606.507, 606.402, 606.388, 606.834, 606.821, 606.403, 606.534, 606.363, 606.47, 607.138, 606.5, 606.763, 606.359, 606.815, 606.561, 606.394, 606.685, 606.489, 606.894, 606.494, 606.39, 606.388, 606.604, 606.44, 607.181, 606.694, 606.65, 606.418, 606.567, 606.362, 606.491, 606.792, 606.41, 606.587, 606.408, 606.625, 606.617, 606.694, 606.532, 606.667, 606.437, 606.721, 606.716, 606.711, 606.658, 606.63, 606.495, 606.378, 606.821, 606.48, 606.331, 606.8, 606.665, 606.363, 
Running OpenMP implementation
Time to set up datastructures: 12884.2ms
351.366, 351.272, 351.29, 351.256, 351.582, 351.829, 351.294, 351.622, 351.421, 351.383, 351.417, 351.49, 351.528, 351.368, 351.487, 352.576, 351.327, 351.392, 351.379, 351.221, 351.278, 351.393, 351.392, 351.778, 351.447, 351.385, 351.452, 351.473, 351.348, 351.441, 351.224, 351.31, 351.228, 351.315, 351.412, 351.332, 351.332, 351.298, 351.484, 351.255, 351.441, 351.386, 351.426, 351.555, 351.233, 351.362, 351.359, 351.429, 351.533, 351.533, 351.172, 351.414, 351.42, 351.289, 351.336, 351.239, 351.322, 351.37, 351.339, 351.639, 351.252, 351.491, 351.616, 351.371, 351.414, 351.292, 351.365, 351.299, 351.376, 351.43, 351.292, 351.28, 351.746, 351.297, 351.511, 351.319, 351.378, 351.537, 351.286, 351.483, 351.313, 351.288, 351.608, 351.461, 351.396, 351.454, 351.367, 351.337, 351.642, 351.301, 351.233, 351.505, 351.303, 351.287, 351.527, 351.592, 351.255, 351.35, 351.289, 351.389, 
Time to set up datastructures: 10465.5ms
275.528, 275.885, 275.911, 276.389, 275.697, 275.753, 275.751, 275.706, 275.973, 275.903, 275.641, 275.528, 275.737, 275.632, 275.941, 275.576, 275.708, 276.541, 275.57, 275.622, 275.71, 275.801, 275.537, 275.801, 275.929, 276.232, 275.679, 276.194, 276.472, 275.549, 275.604, 275.836, 276.322, 275.563, 275.652, 275.698, 275.715, 275.802, 275.853, 275.808, 275.564, 275.808, 275.613, 275.779, 275.57, 275.677, 276.826, 275.532, 276.117, 275.633, 276.165, 275.612, 275.706, 275.79, 275.564, 275.655, 275.895, 275.965, 275.569, 275.737, 275.839, 277.497, 275.569, 275.831, 275.693, 275.712, 275.619, 276.157, 276.139, 275.658, 275.704, 275.576, 275.807, 275.562, 275.678, 276.522, 275.664, 275.823, 275.604, 275.968, 275.455, 275.74, 275.832, 275.82, 275.616, 275.699, 275.87, 275.63, 275.723, 275.598, 276.423, 275.511, 275.965, 275.784, 275.894, 275.65, 275.676, 275.911, 275.54, 275.907, 
Time to set up datastructures: 14528.4ms
253.967, 253.982, 254.094, 253.989, 254.13, 254.025, 254.086, 253.943, 253.8, 254.011, 254.263, 253.944, 254.029, 254.008, 254.035, 254.107, 253.98, 253.958, 254.133, 253.99, 254.13, 254.015, 254.102, 254.04, 253.816, 253.983, 254.079, 254.012, 254.046, 253.993, 254.12, 254.135, 253.821, 253.94, 254.128, 254.027, 254.088, 254.015, 254.012, 253.997, 253.803, 254.044, 254.097, 254.021, 254.059, 254.024, 254.045, 254.083, 253.817, 254.07, 254.154, 254.078, 254.247, 254.052, 253.957, 254.09, 253.764, 254.052, 253.939, 254.092, 254.052, 254.014, 254.047, 254.043, 253.89, 254.097, 253.985, 254.158, 253.997, 254.071, 254.118, 253.845, 254.053, 254.062, 253.935, 254.191, 253.972, 254.06, 254.13, 253.786, 254.021, 254.128, 254.065, 254.097, 254.047, 253.973, 254.198, 253.799, 254, 254.121, 254, 254.084, 254.062, 254.081, 254.018, 253.887, 253.961, 254.016, 253.991, 254.087, 
Time to set up datastructures: 13813.8ms
242.099, 242.082, 242.136, 242.252, 242.195, 242.177, 242.293, 242.212, 242.242, 242.091, 242.25, 242.172, 242.183, 242.194, 242.123, 242.161, 242.111, 242.129, 242.069, 242.116, 242.113, 242.157, 242.062, 242.112, 242.126, 242.288, 242.059, 242.188, 242.158, 242.271, 242.223, 242.138, 242.159, 242.079, 242.052, 242.134, 242.216, 242.1, 242.172, 242.123, 242.144, 242.225, 242.264, 242.131, 242.198, 242.051, 242.142, 242.052, 242.261, 242.18, 242.089, 242.094, 242.261, 242.132, 242.177, 242.083, 242.26, 242.288, 242.171, 242.046, 242.102, 242.101, 242.141, 242.147, 242.084, 242.149, 242.073, 242.066, 242.151, 242.129, 242.108, 242.168, 242.088, 242.183, 242.248, 242.154, 242.133, 242.245, 242.119, 242.183, 242.049, 242.152, 242.178, 242.17, 242.11, 242.203, 242.137, 242.185, 242.079, 242.29, 242.128, 242.264, 242.162, 242.149, 242.194, 242.127, 242.153, 242.066, 242.257, 242.131, 
Time to set up datastructures: 14726ms
234.68, 234.675, 234.789, 234.655, 234.64, 234.849, 234.628, 234.675, 234.599, 234.678, 234.71, 234.635, 234.766, 234.647, 234.671, 234.629, 234.709, 234.609, 234.738, 234.803, 234.607, 235.071, 234.682, 234.899, 234.694, 234.63, 234.689, 234.739, 234.644, 234.677, 234.605, 234.86, 234.59, 234.663, 234.716, 234.665, 236.175, 234.646, 234.654, 234.765, 234.679, 234.677, 234.614, 234.707, 234.689, 234.711, 234.624, 234.908, 234.741, 234.702, 234.617, 234.65, 234.885, 234.795, 234.679, 234.674, 234.663, 234.669, 234.67, 234.6, 234.655, 234.723, 234.639, 234.613, 234.655, 234.715, 234.653, 234.68, 234.626, 234.668, 234.814, 234.647, 234.693, 234.653, 234.742, 234.709, 234.599, 234.697, 234.688, 234.688, 234.603, 234.657, 234.76, 234.767, 234.684, 234.787, 234.766, 235.085, 234.634, 234.626, 234.575, 234.712, 234.824, 234.666, 234.628, 234.752, 234.76, 234.672, 234.65, 234.629, 
Time to set up datastructures: 14582.7ms
229.921, 229.711, 229.786, 229.749, 229.736, 229.8, 229.847, 229.862, 229.724, 229.74, 229.783, 229.754, 229.857, 229.773, 229.741, 229.769, 229.817, 229.837, 229.766, 229.737, 229.786, 229.797, 229.86, 229.759, 229.717, 229.752, 229.782, 229.72, 229.979, 229.869, 229.715, 229.818, 229.854, 229.814, 229.912, 229.791, 229.691, 229.855, 229.805, 229.788, 229.994, 229.772, 229.791, 229.72, 229.819, 229.737, 229.777, 229.761, 229.807, 229.75, 229.736, 229.914, 229.818, 229.77, 229.767, 229.89, 229.793, 229.842, 229.764, 229.779, 229.808, 229.745, 229.712, 229.795, 229.793, 229.782, 229.792, 229.7, 229.836, 229.859, 229.755, 229.717, 229.771, 229.877, 229.799, 229.728, 229.775, 229.882, 230.219, 229.8, 229.756, 229.883, 229.749, 229.757, 229.713, 229.744, 229.832, 229.809, 229.806, 229.816, 229.8, 229.741, 229.791, 230.097, 229.854, 229.799, 229.778, 229.794, 229.776, 229.778, 
Time to set up datastructures: 14629.2ms
227.569, 227.593, 227.569, 227.698, 227.525, 227.634, 227.588, 227.631, 227.53, 227.553, 227.534, 227.573, 227.7, 227.603, 227.561, 227.533, 227.674, 227.603, 227.609, 227.601, 227.567, 227.538, 227.655, 227.58, 227.499, 227.603, 227.518, 227.558, 227.54, 227.629, 227.497, 227.599, 227.536, 227.567, 227.734, 227.687, 227.531, 227.644, 227.619, 227.497, 227.559, 227.641, 227.73, 227.552, 227.572, 227.53, 227.562, 227.602, 227.486, 227.55, 227.528, 227.778, 227.615, 227.537, 227.536, 227.52, 227.658, 227.622, 227.605, 227.632, 227.564, 227.524, 227.545, 227.605, 227.597, 227.545, 227.581, 227.55, 227.564, 227.72, 227.528, 227.573, 227.574, 227.637, 227.575, 227.537, 227.528, 227.55, 227.557, 227.561, 227.522, 227.747, 227.57, 227.476, 227.534, 227.538, 227.595, 228.218, 227.578, 227.529, 227.532, 227.564, 227.503, 227.561, 227.535, 227.601, 227.595, 227.542, 227.615, 227.565, 
Time to set up datastructures: 15352.3ms
226.303, 226.309, 226.313, 226.401, 226.411, 226.47, 226.32, 226.276, 226.298, 226.327, 226.27, 226.284, 226.456, 226.332, 226.404, 226.523, 226.418, 226.423, 226.55, 226.282, 226.288, 226.257, 226.356, 226.296, 226.251, 226.27, 226.43, 226.274, 226.289, 226.293, 226.288, 226.419, 228.069, 226.267, 226.358, 226.345, 226.313, 226.372, 226.296, 226.376, 226.342, 226.403, 226.276, 226.399, 226.689, 226.249, 226.307, 226.239, 226.43, 226.549, 226.288, 226.305, 226.336, 226.315, 226.323, 226.248, 226.246, 226.33, 226.318, 226.259, 226.227, 226.286, 226.324, 226.296, 226.318, 226.223, 226.405, 226.416, 226.273, 226.288, 226.304, 226.403, 226.268, 226.354, 226.237, 226.394, 226.269, 226.762, 226.244, 226.435, 226.489, 226.313, 226.454, 226.262, 226.389, 226.352, 226.309, 226.254, 226.247, 226.457, 226.293, 226.35, 226.375, 226.383, 226.316, 226.23, 226.316, 226.315, 226.274, 226.274, 
Time to set up datastructures: 14810.6ms
225.643, 225.569, 225.54, 225.48, 225.509, 225.577, 225.539, 225.482, 225.514, 225.548, 225.521, 225.507, 225.551, 225.534, 225.769, 225.441, 225.528, 225.622, 225.53, 225.537, 225.571, 225.425, 225.487, 225.544, 225.46, 225.504, 225.474, 225.641, 225.463, 225.524, 225.436, 225.506, 225.746, 225.506, 225.668, 225.593, 225.578, 225.503, 225.658, 225.607, 225.499, 225.595, 225.478, 225.568, 225.526, 225.574, 225.496, 225.483, 225.457, 225.572, 225.695, 225.474, 225.482, 225.424, 225.52, 226.013, 225.476, 225.462, 225.509, 225.587, 225.471, 225.577, 225.604, 225.578, 225.595, 225.488, 225.479, 225.652, 225.575, 225.475, 225.492, 225.545, 225.535, 225.622, 225.44, 225.55, 226.101, 225.52, 225.502, 225.711, 225.498, 225.517, 225.495, 225.44, 225.476, 225.866, 225.532, 225.501, 225.612, 225.506, 225.533, 225.485, 225.455, 225.568, 225.514, 225.567, 225.5, 225.447, 225.489, 225.501, 
Time to set up datastructures: 14705.7ms
224.759, 224.567, 225.232, 224.665, 225.023, 224.685, 224.749, 224.763, 224.696, 224.686, 224.589, 224.719, 224.872, 225.048, 224.682, 225.108, 224.972, 224.628, 224.739, 224.655, 224.877, 224.741, 224.866, 224.572, 224.736, 224.733, 224.727, 224.853, 224.792, 224.689, 224.846, 224.692, 224.616, 225.213, 224.856, 225.073, 224.93, 224.649, 224.697, 225.085, 224.814, 225.353, 224.83, 224.71, 225.188, 224.855, 224.646, 224.678, 224.927, 224.632, 224.934, 225.137, 224.634, 224.844, 224.638, 224.861, 224.745, 224.98, 224.606, 224.646, 224.763, 224.682, 224.726, 224.664, 224.649, 224.688, 224.989, 224.543, 224.765, 225.086, 224.659, 224.727, 224.652, 224.689, 224.614, 224.995, 224.565, 224.791, 224.731, 224.61, 224.892, 224.987, 224.804, 224.638, 225.08, 225.123, 224.875, 225.173, 224.624, 224.688, 224.579, 224.891, 224.562, 224.933, 224.687, 224.615, 224.749, 224.583, 224.75, 224.62, 
Time to set up datastructures: 14622.7ms
225.355, 225.282, 225.148, 225.281, 225.375, 225.259, 225.378, 225.312, 225.361, 225.373, 225.333, 225.088, 225.403, 225.359, 225.31, 225.327, 225.285, 225.37, 225.307, 225.825, 225.149, 225.495, 225.47, 225.368, 225.238, 225.251, 225.347, 225.324, 225.701, 225.231, 225.331, 225.313, 225.363, 225.27, 225.389, 226.708, 225.285, 225.292, 225.212, 225.405, 225.239, 225.392, 225.446, 225.376, 225.337, 225.355, 225.314, 225.068, 225.371, 225.279, 225.271, 225.316, 225.362, 225.351, 225.325, 225.332, 225.049, 225.288, 225.276, 225.316, 225.383, 225.302, 225.249, 225.372, 225.335, 225.099, 225.3, 225.278, 225.356, 225.326, 225.426, 225.276, 225.313, 225.25, 225.159, 225.415, 225.256, 225.338, 225.316, 225.317, 225.259, 225.283, 225.387, 225.049, 225.436, 225.398, 225.357, 225.222, 225.482, 225.331, 225.312, 225.322, 225.172, 225.387, 225.322, 225.282, 225.362, 225.371, 225.339, 225.275, 
Time to set up datastructures: 14691.3ms
222.986, 223.009, 222.864, 222.868, 222.801, 222.933, 222.817, 222.9, 222.78, 222.857, 222.912, 222.825, 223.002, 222.792, 222.879, 222.813, 222.837, 222.871, 222.926, 222.889, 222.849, 222.914, 222.783, 222.869, 222.852, 222.881, 222.799, 222.81, 222.841, 222.813, 222.909, 222.902, 222.889, 223.36, 222.843, 222.807, 222.916, 222.896, 222.83, 222.962, 222.819, 222.908, 222.85, 223.078, 222.784, 222.817, 222.904, 222.786, 222.849, 222.81, 222.885, 222.851, 222.852, 222.894, 222.878, 222.929, 222.949, 222.876, 222.842, 222.875, 222.834, 222.896, 222.765, 222.841, 222.833, 222.852, 222.984, 222.806, 222.874, 222.856, 222.834, 222.755, 222.925, 222.856, 222.872, 222.886, 222.933, 222.894, 222.827, 222.975, 222.816, 223.378, 222.898, 222.841, 223, 222.76, 222.861, 222.792, 222.845, 222.844, 222.885, 222.894, 222.868, 222.841, 222.791, 222.841, 222.87, 222.862, 222.859, 223.127, 
Time to set up datastructures: 15543.2ms
222.214, 222.172, 222.187, 222.113, 222.313, 222.169, 222.197, 222.133, 222.194, 222.118, 222.123, 222.122, 222.114, 222.327, 222.182, 222.167, 222.096, 222.306, 222.166, 222.202, 222.122, 222.181, 222.237, 222.249, 222.193, 222.089, 222.19, 222.562, 222.216, 222.155, 222.133, 222.153, 222.137, 222.163, 222.058, 222.299, 222.191, 222.317, 222.248, 222.055, 222.214, 222.171, 222.192, 222.309, 222.157, 222.204, 222.153, 222.161, 222.08, 222.179, 222.166, 222.147, 222.245, 222.27, 222.145, 222.154, 222.155, 222.112, 222.178, 222.223, 222.216, 222.079, 222.429, 222.147, 222.211, 222.172, 222.095, 222.222, 222.223, 222.149, 222.079, 222.266, 222.172, 222.186, 222.191, 222.18, 222.181, 222.142, 222.253, 222.179, 222.224, 222.238, 222.158, 222.415, 222.125, 222.15, 222.12, 222.362, 222.156, 222.221, 222.244, 222.147, 222.106, 222.194, 222.204, 222.152, 222.231, 222.092, 222.1, 222.2, 
Running TBB implementation
Time to set up datastructures: 12538.2ms
365.708, 365.748, 365.982, 366.68, 365.818, 366.047, 365.937, 365.953, 365.813, 365.918, 365.871, 365.691, 365.77, 365.946, 366.117, 366.211, 365.951, 366.076, 365.872, 365.956, 366.051, 366.176, 365.821, 365.921, 365.987, 367.131, 365.852, 366.1, 365.8, 366.149, 365.746, 365.954, 366.241, 365.955, 365.889, 366.089, 366.139, 365.933, 365.77, 365.871, 365.858, 365.783, 365.813, 365.894, 365.806, 366.376, 366.12, 366.081, 365.868, 365.963, 365.826, 365.956, 365.795, 365.817, 366.147, 366.148, 366.077, 365.779, 366.037, 365.893, 366.205, 365.93, 365.988, 365.876, 365.862, 365.796, 365.92, 365.973, 365.82, 366.046, 366.068, 365.827, 365.96, 365.97, 366.035, 365.815, 366.017, 365.787, 365.852, 365.861, 365.932, 366.168, 365.869, 365.737, 366.373, 365.916, 365.843, 365.814, 365.817, 365.847, 366.06, 366.087, 366.036, 365.846, 365.823, 365.908, 365.804, 366.087, 365.864, 365.928, 
Time to set up datastructures: 10382.1ms
283.928, 284.411, 284.108, 283.812, 284.16, 283.87, 283.944, 284, 283.962, 284.099, 284.015, 284.461, 283.907, 284.052, 283.977, 284.016, 284.036, 283.888, 284.17, 284.126, 284.132, 283.968, 284.061, 283.947, 283.912, 284.761, 283.93, 283.955, 283.951, 283.986, 283.869, 284.063, 284.666, 284.116, 284.592, 284.109, 284.283, 283.885, 284.138, 284.79, 284.005, 284.019, 283.901, 283.98, 283.88, 284.474, 284.124, 283.898, 284.016, 283.819, 284.047, 284.011, 284.071, 284.72, 284.589, 284.08, 284.299, 284.148, 283.845, 284.254, 283.831, 284.345, 283.994, 284.119, 283.97, 283.963, 284.056, 285.834, 284.256, 284.363, 283.938, 284.036, 284.206, 284.204, 283.935, 284.153, 284.033, 283.918, 284.119, 283.853, 284.076, 284.584, 284.228, 283.961, 283.899, 284.05, 283.849, 284.212, 283.801, 284.145, 284.075, 283.922, 283.918, 284.07, 284.096, 284.517, 284.112, 284.392, 284.166, 283.903, 
Time to set up datastructures: 14738.2ms
258.123, 258.185, 257.855, 258.023, 258.23, 258.518, 258.465, 258.6, 258.6, 258.512, 258.801, 258.699, 258.523, 258.672, 258.493, 258.864, 258.288, 258.301, 258.38, 258.396, 258.725, 258.434, 258.627, 258.558, 258.582, 258.635, 258.568, 258.675, 258.584, 258.583, 258.646, 258.555, 258.586, 258.561, 258.682, 258.761, 258.597, 258.338, 258.542, 258.559, 258.77, 258.673, 258.724, 258.482, 258.617, 258.435, 258.708, 258.641, 258.726, 258.752, 258.636, 258.632, 258.589, 258.531, 258.606, 258.564, 258.515, 258.653, 258.576, 258.579, 258.441, 258.518, 258.56, 258.566, 258.544, 258.732, 258.633, 258.698, 258.482, 258.644, 258.607, 258.518, 258.732, 258.578, 258.512, 258.925, 258.523, 258.577, 258.617, 258.622, 258.568, 258.591, 258.587, 258.626, 258.462, 258.687, 258.49, 258.531, 258.648, 258.89, 258.47, 258.543, 258.77, 258.52, 258.542, 258.598, 258.526, 258.641, 258.679, 258.47, 
Time to set up datastructures: 13567.6ms
245.44, 245.461, 245.46, 245.557, 245.384, 245.456, 245.431, 245.637, 245.573, 245.503, 245.701, 245.578, 245.543, 245.591, 245.537, 245.482, 245.564, 245.426, 245.524, 245.5, 245.476, 245.409, 245.425, 245.535, 245.47, 245.389, 245.481, 245.52, 245.477, 245.444, 245.465, 245.507, 245.451, 245.403, 245.49, 245.477, 245.433, 245.391, 245.463, 245.47, 245.475, 245.457, 245.389, 245.515, 245.561, 245.512, 245.493, 245.776, 245.563, 245.487, 245.446, 245.449, 245.569, 245.494, 245.509, 245.36, 245.532, 245.483, 245.448, 245.383, 245.639, 245.566, 245.448, 245.507, 245.502, 245.617, 245.467, 245.429, 245.597, 245.477, 245.366, 245.687, 245.522, 245.527, 245.396, 245.427, 245.46, 245.627, 245.48, 245.47, 245.569, 245.554, 245.371, 245.424, 245.46, 245.584, 245.537, 245.445, 245.56, 245.477, 245.541, 245.412, 245.668, 245.58, 245.483, 245.515, 245.468, 245.534, 245.532, 245.42, 
Time to set up datastructures: 14480.7ms
237.889, 237.779, 237.826, 237.762, 237.789, 237.899, 237.939, 237.845, 237.878, 237.76, 237.79, 237.775, 237.829, 237.899, 237.825, 237.799, 237.817, 237.815, 237.826, 237.798, 237.834, 237.729, 237.812, 237.816, 238.149, 237.839, 237.782, 238.111, 237.803, 237.773, 238.136, 237.836, 237.892, 237.839, 237.944, 237.801, 237.824, 237.82, 237.848, 239.33, 237.786, 237.775, 237.906, 237.779, 237.853, 237.817, 237.811, 237.859, 237.84, 237.831, 238.016, 237.81, 237.801, 237.88, 237.843, 237.903, 237.905, 237.733, 237.797, 237.716, 237.742, 237.751, 237.78, 237.769, 237.919, 237.786, 237.796, 237.789, 237.745, 237.83, 237.862, 237.834, 237.838, 237.949, 237.729, 237.821, 237.897, 237.714, 237.768, 237.789, 237.917, 237.717, 237.768, 237.701, 237.852, 237.788, 237.945, 237.893, 237.877, 237.845, 237.922, 237.785, 237.765, 237.774, 237.932, 237.762, 237.797, 237.883, 237.753, 237.782, 
Time to set up datastructures: 14890.5ms
231.806, 232.118, 232.058, 232.078, 232.077, 232.155, 232.017, 232.472, 232.197, 232.081, 231.977, 232.204, 232.198, 232.013, 232.071, 232.067, 232.158, 232.136, 232.088, 232.069, 232.113, 232.109, 232.09, 231.933, 232.009, 232.011, 232.111, 232.062, 232.042, 232.019, 232.24, 231.986, 232.027, 232.037, 232.172, 232.209, 232.17, 232.073, 232.188, 232.022, 232.079, 232.109, 232.104, 232.114, 232.088, 232.114, 232.135, 232.08, 232.108, 232.012, 232.053, 232.058, 232.22, 231.882, 232.176, 232.032, 232.143, 232.062, 232.073, 232.154, 232.008, 232.108, 232.004, 231.99, 232.241, 232.028, 232.182, 231.984, 231.976, 232.06, 232.12, 232.032, 232.231, 232.087, 232.034, 232.088, 232.153, 232.215, 232.565, 231.933, 232.03, 232.135, 231.936, 232.049, 231.978, 232.154, 232.316, 232.095, 232.065, 232.158, 232.106, 232.13, 231.958, 232.198, 232.123, 232.118, 231.761, 232.136, 232.067, 232.04, 
Time to set up datastructures: 14719.9ms
228.461, 228.607, 228.603, 228.827, 228.64, 228.618, 228.728, 228.719, 228.623, 228.647, 228.614, 228.66, 228.81, 228.593, 228.84, 229.027, 228.774, 228.579, 228.649, 228.709, 228.586, 228.572, 228.633, 228.606, 228.834, 228.687, 228.6, 228.646, 228.631, 228.516, 228.485, 228.613, 228.666, 228.705, 228.654, 228.581, 228.595, 228.827, 228.642, 228.679, 228.636, 228.81, 228.698, 228.541, 228.625, 228.702, 228.59, 228.632, 228.557, 228.784, 228.798, 228.793, 228.514, 228.629, 228.609, 228.668, 228.743, 228.588, 228.559, 228.687, 228.49, 228.838, 228.745, 228.663, 228.649, 228.69, 228.596, 228.583, 228.718, 228.67, 228.549, 228.667, 228.765, 228.59, 228.626, 228.608, 228.638, 228.723, 228.397, 228.566, 228.842, 228.548, 228.625, 228.534, 228.623, 228.61, 228.828, 228.685, 228.645, 228.693, 228.588, 228.608, 228.514, 228.591, 228.783, 228.644, 228.635, 228.6, 228.708, 228.594, 
Time to set up datastructures: 14913.2ms
226.85, 226.885, 226.89, 226.885, 226.695, 226.891, 226.948, 226.811, 226.836, 226.869, 226.819, 226.859, 226.931, 226.769, 226.815, 227.101, 226.79, 227.31, 226.783, 227.042, 227.094, 226.863, 227.07, 226.912, 226.844, 226.73, 226.825, 226.914, 226.92, 226.815, 226.714, 226.795, 227.017, 228.646, 226.812, 226.785, 226.934, 226.847, 226.783, 226.951, 226.934, 226.977, 226.912, 226.746, 226.837, 226.77, 226.885, 226.897, 226.773, 226.791, 227.008, 226.927, 226.782, 226.874, 226.832, 226.858, 226.859, 226.813, 226.828, 226.883, 226.871, 226.889, 226.836, 226.714, 226.913, 226.878, 226.741, 226.73, 226.951, 226.82, 226.84, 226.885, 226.908, 226.933, 226.796, 226.867, 226.894, 226.828, 226.871, 226.924, 226.991, 226.886, 226.933, 227.074, 226.821, 226.857, 226.902, 226.774, 226.92, 226.822, 226.998, 226.927, 226.804, 226.724, 226.927, 226.857, 226.797, 226.886, 226.829, 226.835, 
Time to set up datastructures: 14861ms
225.8, 225.913, 225.8, 225.89, 225.811, 225.903, 225.912, 225.712, 225.843, 225.884, 225.786, 225.846, 225.818, 226.026, 225.815, 225.908, 225.726, 226.402, 225.634, 225.796, 225.821, 225.815, 225.965, 225.793, 225.97, 225.86, 225.923, 225.984, 226.087, 225.936, 225.786, 225.831, 225.908, 226.003, 225.805, 225.846, 226.1, 225.895, 225.837, 225.755, 226.023, 226.037, 225.774, 225.852, 225.838, 225.771, 225.819, 225.587, 225.759, 225.669, 226.097, 225.936, 225.865, 225.745, 225.892, 225.857, 225.789, 225.895, 225.726, 225.902, 225.736, 225.855, 225.875, 225.79, 225.781, 225.945, 225.814, 225.783, 226.05, 225.822, 225.837, 225.64, 225.853, 225.702, 225.857, 225.76, 225.849, 226.593, 225.88, 225.904, 226.071, 225.921, 225.897, 225.88, 226.536, 227.572, 225.921, 225.877, 225.927, 226.072, 225.93, 225.851, 225.823, 226.123, 225.931, 225.913, 225.85, 225.878, 225.803, 225.817, 
Time to set up datastructures: 14735.3ms
224.881, 225.19, 224.817, 225.17, 224.988, 224.901, 225.088, 225.036, 224.878, 224.866, 225.374, 224.943, 225.206, 224.92, 224.791, 224.975, 225.461, 225.25, 224.905, 225.737, 225.029, 225.053, 224.951, 224.814, 225.04, 225.167, 224.881, 224.959, 225.261, 224.923, 224.905, 224.829, 225.036, 225.006, 225.456, 224.866, 224.857, 225.329, 225.537, 224.805, 224.855, 225.034, 225.022, 225.062, 224.951, 225.039, 225.074, 224.868, 224.976, 224.835, 225.069, 225.306, 225.22, 224.872, 224.842, 225.209, 224.955, 225.023, 224.899, 225.106, 225.065, 225.006, 225.17, 225.047, 225.264, 224.957, 224.967, 224.97, 225.126, 225.327, 225.069, 224.856, 224.875, 225.405, 224.838, 225.099, 224.857, 224.91, 224.878, 225.562, 224.772, 225.192, 225.316, 224.882, 224.833, 225.092, 225.168, 225.518, 224.951, 224.595, 224.929, 225.34, 224.986, 224.768, 224.894, 225.008, 224.96, 224.996, 224.952, 224.93, 
Time to set up datastructures: 14121.5ms
225.537, 225.433, 225.795, 225.688, 225.517, 225.495, 225.56, 225.573, 225.505, 225.497, 225.607, 225.61, 225.581, 225.492, 225.492, 225.528, 225.518, 225.612, 225.496, 225.549, 225.733, 225.499, 225.611, 225.46, 225.808, 225.505, 225.528, 225.409, 225.515, 225.658, 225.437, 225.469, 225.599, 225.61, 225.527, 225.309, 225.414, 225.516, 227.048, 225.474, 225.63, 225.614, 225.56, 225.498, 225.759, 225.529, 225.591, 225.728, 225.538, 225.39, 225.571, 225.536, 225.375, 225.546, 225.516, 225.562, 225.551, 225.52, 225.443, 225.547, 225.558, 225.552, 225.633, 225.546, 225.575, 225.492, 225.422, 225.552, 225.588, 225.598, 225.54, 225.578, 225.394, 225.614, 225.522, 225.55, 225.621, 225.53, 225.507, 225.548, 225.444, 225.436, 225.701, 225.62, 225.433, 225.645, 225.512, 225.421, 225.706, 225.457, 225.47, 225.772, 225.378, 225.543, 225.577, 225.722, 225.399, 225.335, 225.597, 225.474, 
Time to set up datastructures: 14617.3ms
223.083, 223.262, 223.306, 223.071, 223.476, 223.24, 222.986, 223.081, 223.119, 223.092, 223.167, 223.101, 223.38, 223.471, 223.167, 223.104, 223.111, 223.15, 223.195, 223.368, 223.022, 223.087, 223.392, 223.059, 223.136, 223.185, 223.1, 223.116, 223.252, 223.056, 223.171, 223.245, 223.238, 223.203, 223.267, 223.056, 223.188, 223.21, 223.199, 223.332, 223.337, 223.075, 223.122, 223.19, 223.159, 223.189, 223.322, 223.058, 223.176, 223.214, 223.168, 223.128, 223.151, 223.016, 223.079, 222.753, 223.023, 223.271, 223.266, 223.178, 223.132, 223.023, 223.228, 223.138, 223.255, 222.921, 223.082, 223.169, 223.297, 223.189, 223.217, 223.203, 223.161, 223.246, 222.961, 223.153, 223.243, 223.16, 223.135, 223.146, 223.236, 223.093, 223.245, 223.036, 223.513, 223.424, 223.261, 223.108, 223.162, 223.193, 223.116, 223.252, 223.191, 223.108, 223.288, 223.169, 223.118, 223.046, 223.194, 223.171, 
Time to set up datastructures: 14829.8ms
222.541, 222.468, 222.319, 222.875, 222.591, 222.418, 222.376, 222.575, 222.292, 222.382, 222.577, 222.335, 222.489, 222.755, 222.511, 222.335, 222.355, 222.315, 222.432, 222.324, 222.363, 222.364, 222.467, 222.193, 222.541, 222.373, 222.473, 222.439, 222.476, 222.464, 222.447, 222.436, 222.469, 222.579, 222.41, 222.188, 222.478, 222.5, 222.392, 222.59, 222.424, 222.504, 222.541, 222.304, 222.449, 222.403, 222.601, 222.407, 222.491, 222.633, 222.41, 222.484, 222.374, 222.489, 222.427, 222.445, 222.358, 222.502, 222.79, 222.572, 222.704, 222.249, 222.464, 222.621, 222.484, 222.272, 222.374, 222.234, 222.486, 222.509, 223.044, 222.459, 222.441, 222.514, 222.53, 222.25, 222.433, 222.346, 222.602, 222.308, 222.371, 222.428, 222.322, 222.495, 222.431, 222.421, 222.681, 222.719, 222.336, 222.573, 222.423, 222.501, 222.487, 222.802, 222.409, 222.48, 222.683, 222.267, 222.459, 222.673, 
Running TBB_graphs implementation with double the amount of partitions than threads
Time to set up datastructures: 9105.23ms
366.488, 366.158, 366.955, 366.582, 366.582, 366.498, 366.267, 366.603, 366.396, 366.597, 366.448, 366.932, 366.163, 366.851, 366.224, 366.246, 366.551, 366.756, 366.789, 366.797, 366.104, 366.259, 366.463, 366.319, 366.71, 366.591, 366.616, 366.608, 366.809, 366.659, 366.952, 366.627, 366.374, 366.888, 366.19, 366.377, 366.742, 366.316, 367.598, 366.792, 366.585, 366.183, 366.827, 366.169, 366.428, 367.148, 366.387, 366.636, 366.328, 366.723, 366.628, 366.121, 366.364, 366.647, 366.299, 366.32, 366.684, 366.179, 366.639, 366.629, 366.67, 366.153, 366.754, 366.286, 366.703, 366.172, 366.692, 366.298, 366.356, 366.854, 366.225, 366.826, 366.167, 366.613, 367.097, 366.627, 366.59, 366.917, 366.626, 366.593, 366.662, 366.229, 367.169, 366.593, 366.628, 366.29, 366.229, 366.593, 366.365, 366.515, 366.764, 366.663, 366.227, 367.08, 366.903, 366.998, 366.475, 367.198, 366.678, 366.302, 
Time to set up datastructures: 9087.14ms
283.834, 283.719, 286.706, 283.556, 284.155, 284.397, 283.597, 287.945, 287.104, 283.723, 283.866, 284.071, 284.442, 283.613, 284.205, 283.651, 283.743, 283.918, 284.174, 284.502, 284.045, 284.058, 283.598, 284.062, 283.838, 288.351, 284.311, 283.991, 283.837, 283.846, 283.897, 283.911, 284.319, 284.634, 288.28, 285.077, 283.687, 283.482, 283.622, 285.763, 284.498, 284.032, 283.95, 283.972, 284.043, 283.88, 284.01, 284.41, 284.045, 283.839, 283.92, 284.109, 284.205, 283.579, 284.818, 284.266, 284.168, 283.873, 283.796, 284.06, 283.941, 284.678, 283.924, 283.854, 283.569, 283.708, 284.005, 283.818, 283.83, 284.741, 283.799, 283.883, 283.667, 284.026, 283.895, 285.26, 284.661, 283.676, 283.979, 283.624, 283.843, 287.555, 284.447, 284.112, 283.898, 288.172, 283.959, 284.448, 284.086, 285.515, 284.215, 283.905, 283.801, 283.721, 284.217, 284.215, 283.762, 284.287, 283.496, 283.599, 
Time to set up datastructures: 9069.78ms
258.071, 258.238, 258.058, 258.161, 258.198, 258.078, 257.985, 258.168, 258.238, 258.254, 258.558, 258.424, 258.266, 258.274, 257.985, 258.413, 258.64, 258.207, 258.032, 258.722, 258.275, 258.22, 258.464, 260.348, 260.577, 258.163, 258.643, 258.646, 258.597, 258.131, 258.024, 258.087, 258.492, 258.298, 258.371, 258.821, 258.177, 258.467, 258.534, 258.183, 258.442, 258.706, 258.757, 258.586, 258.755, 258.017, 258.183, 258.118, 258.228, 258.148, 259.133, 258.307, 258.012, 257.947, 258.069, 260.218, 258.001, 258.079, 258.325, 258.421, 258.024, 258.278, 258.206, 258.241, 257.977, 258.618, 258.437, 258.222, 258.192, 257.839, 258.226, 258.052, 258.243, 258.751, 258.106, 258.195, 258.158, 258.164, 258.142, 258.113, 258.46, 258.254, 258.168, 258.283, 258.362, 259.997, 260.31, 258.231, 258.544, 258.148, 258.233, 258.223, 258.232, 258.39, 258.132, 258.02, 258.239, 258.361, 258.382, 258.19, 
Time to set up datastructures: 9063.17ms
244.904, 245.824, 244.955, 244.887, 245.246, 245.44, 244.933, 244.786, 244.992, 245.071, 244.93, 244.98, 245.016, 245.01, 244.845, 244.85, 245.295, 245.167, 245.016, 245.089, 246.132, 244.893, 244.885, 244.781, 245.043, 244.933, 245.495, 244.83, 244.665, 244.706, 244.923, 246.382, 244.875, 244.959, 244.712, 244.959, 244.815, 244.901, 244.93, 245.009, 245.373, 244.805, 244.921, 245.078, 244.885, 244.909, 245.041, 246.025, 245.968, 244.814, 244.959, 244.943, 245.598, 244.722, 244.727, 244.841, 245.126, 245.019, 245.171, 245.196, 244.913, 244.893, 245.342, 244.85, 244.917, 245.025, 245.048, 244.97, 245.334, 244.966, 244.906, 244.819, 244.825, 245.007, 245.044, 244.968, 244.839, 245.043, 244.951, 244.924, 244.94, 244.984, 245.032, 244.897, 244.808, 244.894, 244.694, 244.903, 245.271, 244.955, 245.199, 244.744, 244.865, 244.872, 244.828, 245.037, 245.046, 244.992, 244.889, 244.956, 
Time to set up datastructures: 9086.29ms
237.136, 237.452, 237.192, 237.244, 237.402, 237.246, 237.234, 237.147, 237.303, 237.432, 237.502, 237.344, 237.216, 237.255, 237.396, 237.234, 237.411, 237.439, 237.286, 237.207, 237.311, 237.273, 237.447, 237.355, 237.496, 237.132, 237.087, 237.226, 237.101, 237.223, 237.015, 237.445, 237.14, 237.628, 237.392, 237.069, 237.154, 237.181, 237.129, 237.161, 237.499, 237.206, 237.333, 237.493, 237.365, 237.28, 237.305, 237.032, 237.364, 237.246, 237.34, 237.333, 237.313, 237.459, 237.303, 237.32, 237.166, 237.206, 237.532, 237.176, 238.309, 237.303, 237.242, 237.15, 237.162, 237.159, 237.343, 237.386, 237.221, 237.423, 237.332, 237.074, 238.074, 237.605, 237.115, 237.389, 237.187, 237.166, 237.126, 237.521, 237.081, 237.366, 237.21, 237.254, 237.379, 237.567, 237.416, 237.12, 237.519, 237.143, 237.978, 237.236, 237.263, 237.579, 237.162, 237.196, 237.059, 236.954, 237.429, 237.259, 
Time to set up datastructures: 9064.4ms
231.661, 231.682, 231.562, 231.458, 231.704, 231.504, 231.479, 231.675, 231.688, 231.475, 231.564, 231.66, 231.6, 231.803, 231.472, 231.551, 231.486, 231.478, 231.536, 231.812, 231.663, 231.67, 231.575, 231.457, 231.685, 231.423, 231.65, 232.015, 239.032, 231.792, 231.454, 231.76, 231.592, 231.515, 231.301, 231.842, 231.447, 231.871, 232.426, 231.846, 231.669, 232.507, 232.231, 231.721, 231.625, 231.557, 231.522, 231.293, 231.401, 231.5, 231.558, 231.359, 231.664, 231.346, 238.212, 231.626, 231.518, 231.398, 231.658, 231.518, 232.654, 240.794, 234.792, 231.72, 231.6, 231.52, 237.05, 243.845, 242.837, 242.358, 242.387, 242.25, 242.276, 242.859, 239.149, 238.821, 246.706, 246.395, 250.042, 252.527, 246.26, 238.605, 239.433, 243.743, 249.383, 250.538, 252.762, 246.812, 245.183, 233.456, 231.634, 231.476, 231.708, 231.515, 231.515, 232.302, 232.059, 231.561, 231.442, 231.575, 
Time to set up datastructures: 9069.71ms
228.599, 228.158, 227.962, 228.22, 228.146, 228.184, 228.177, 228.106, 228.224, 228.134, 228.234, 228.322, 228.213, 229.737, 228.637, 228.175, 228.184, 228.101, 228.15, 228.093, 228.132, 227.972, 228.324, 228.112, 228.248, 228.284, 228.378, 228.097, 228.164, 228.283, 228.051, 228.32, 228.087, 228.199, 228.093, 228.052, 228.149, 228.131, 228.072, 228.149, 228.456, 228.104, 228.181, 228.151, 228.094, 228.137, 228.122, 227.968, 228.146, 229.275, 228.502, 228.18, 228.074, 234.287, 237.055, 237.766, 237.498, 237.577, 237.078, 237.621, 237.019, 236.299, 237.831, 238.172, 241.204, 235.406, 234.982, 237.661, 229.821, 228.01, 228.137, 228.099, 227.972, 227.945, 228.159, 228.23, 228.525, 228.023, 228.322, 228.49, 228.032, 228.044, 227.972, 228.241, 228.196, 228.011, 228.411, 228.249, 227.992, 228.142, 228.147, 228.111, 229.75, 228.098, 228.147, 228.304, 228.166, 228.183, 227.968, 228.119, 
Time to set up datastructures: 9065.7ms
226.283, 226.264, 226.373, 226.278, 226.457, 226.411, 227.397, 226.313, 226.323, 226.294, 226.262, 226.213, 226.758, 226.421, 226.388, 226.369, 226.25, 226.453, 231.442, 229.078, 226.426, 226.59, 226.452, 226.331, 226.718, 226.343, 226.202, 226.358, 226.252, 226.405, 226.392, 226.271, 227.852, 233.498, 234.035, 230.238, 226.274, 226.54, 226.413, 226.338, 226.409, 226.374, 226.328, 226.409, 226.44, 226.481, 226.37, 226.675, 226.183, 246.177, 242.98, 233.631, 226.371, 226.297, 226.253, 226.14, 226.634, 226.182, 226.373, 226.34, 226.223, 226.275, 226.248, 226.338, 226.368, 226.293, 226.268, 226.409, 226.383, 226.468, 226.461, 226.179, 226.39, 226.243, 226.226, 226.592, 226.6, 226.285, 226.224, 226.292, 226.325, 226.193, 226.578, 226.436, 226.499, 226.297, 226.255, 226.343, 226.384, 226.319, 226.318, 226.297, 226.428, 226.269, 226.287, 226.415, 226.431, 226.353, 226.168, 226.357, 
Time to set up datastructures: 9066.61ms
225.488, 225.372, 225.518, 225.522, 225.413, 225.472, 225.46, 225.412, 225.402, 225.377, 225.211, 226.095, 225.619, 225.902, 225.62, 225.245, 225.238, 225.307, 225.386, 225.331, 225.541, 225.311, 225.377, 225.384, 225.232, 225.397, 225.296, 225.339, 225.355, 225.58, 225.212, 225.415, 225.407, 225.411, 225.337, 225.327, 225.295, 225.409, 225.632, 225.973, 225.442, 225.313, 225.638, 225.339, 225.998, 225.589, 225.256, 225.386, 225.363, 225.446, 225.621, 225.366, 225.436, 225.316, 225.394, 226.25, 226.57, 225.298, 225.692, 225.32, 225.309, 225.481, 225.431, 225.367, 225.341, 225.25, 225.435, 225.499, 225.391, 225.448, 225.241, 225.688, 225.315, 225.409, 225.275, 225.399, 226.513, 225.26, 225.326, 225.128, 225.368, 225.382, 225.441, 226.448, 226.646, 225.392, 225.319, 225.319, 225.311, 228.028, 246.924, 243.42, 244.628, 242.027, 243.315, 227.721, 225.419, 225.29, 225.296, 225.241, 
Time to set up datastructures: 9074.72ms
224.977, 224.719, 224.57, 224.676, 225.092, 224.552, 224.557, 224.69, 224.521, 224.908, 224.897, 224.954, 224.863, 225.094, 224.899, 224.485, 224.563, 224.615, 224.504, 224.541, 224.704, 225.157, 225.156, 224.73, 224.87, 226.416, 224.907, 224.594, 224.859, 224.829, 224.615, 224.911, 224.902, 224.665, 224.598, 224.508, 224.809, 225.042, 224.689, 224.554, 225.08, 224.532, 224.598, 224.566, 224.856, 224.661, 224.926, 224.629, 224.682, 224.815, 224.956, 224.719, 224.594, 224.62, 224.774, 224.548, 224.769, 224.884, 225.08, 224.643, 224.679, 224.58, 224.574, 224.52, 225.192, 224.907, 224.947, 224.655, 224.717, 224.553, 224.502, 224.561, 224.625, 224.541, 224.633, 224.726, 225.302, 224.662, 224.403, 224.785, 224.964, 224.746, 224.799, 224.57, 224.969, 224.804, 224.613, 224.589, 225.47, 224.761, 224.771, 224.743, 224.539, 225.219, 233.079, 224.878, 224.561, 224.809, 224.506, 224.858, 
Time to set up datastructures: 9113.36ms
225.44, 225.136, 225.435, 226.616, 225.396, 225.167, 225.323, 225.339, 225.307, 225.251, 225.364, 225.228, 225.491, 225.341, 225.402, 225.155, 225.224, 225.341, 225.204, 226.026, 226.395, 225.175, 225.384, 225.218, 225.796, 225.326, 225.21, 225.498, 225.289, 225.287, 225.439, 225.586, 225.254, 225.222, 225.24, 225.291, 225.374, 225.267, 225.374, 225.219, 225.403, 225.24, 225.353, 225.162, 225.229, 225.315, 225.252, 225.393, 225.224, 225.392, 225.168, 225.234, 225.116, 225.163, 225.27, 225.278, 225.45, 225.285, 225.45, 225.172, 225.3, 225.195, 225.261, 225.28, 225.165, 225.288, 225.162, 225.439, 225.416, 225.183, 225.362, 225.158, 225.354, 226.002, 225.164, 225.273, 225.311, 225.116, 225.264, 225.717, 225.341, 225.144, 225.341, 225.206, 225.392, 225.201, 225.014, 225.196, 225.256, 225.113, 225.215, 225.37, 225.156, 225.334, 225.304, 225.328, 225.242, 225.171, 225.154, 225.19, 
Time to set up datastructures: 9081.92ms
232.258, 233.041, 232.139, 231.708, 241.362, 234.448, 223.071, 222.76, 222.74, 222.946, 222.951, 222.735, 222.836, 222.881, 222.746, 222.709, 222.722, 222.808, 223.837, 222.802, 222.733, 223.231, 222.829, 223.562, 223.056, 222.747, 222.762, 230.009, 229.901, 223.159, 223.035, 222.774, 222.794, 222.807, 222.786, 222.727, 222.739, 222.66, 222.679, 222.939, 222.819, 222.863, 222.954, 222.647, 222.717, 222.628, 222.707, 222.652, 222.751, 222.978, 222.655, 222.683, 222.899, 222.954, 222.827, 222.651, 222.736, 222.703, 222.832, 222.742, 222.747, 222.716, 222.749, 222.753, 222.842, 222.957, 222.786, 222.713, 222.702, 222.767, 222.862, 222.716, 222.654, 222.686, 222.841, 222.805, 222.825, 222.778, 222.776, 222.765, 222.827, 222.83, 223.211, 222.905, 222.751, 222.753, 222.824, 222.831, 222.827, 223.38, 223.435, 223.394, 222.732, 222.877, 223.243, 222.792, 222.72, 222.893, 222.784, 225.047, 
Time to set up datastructures: 9265.08ms
222.054, 221.937, 222.008, 221.912, 222.104, 222.205, 222.363, 222.062, 221.967, 222.093, 222.293, 221.974, 222.039, 222.462, 222.23, 221.925, 221.998, 221.872, 221.969, 222.106, 221.978, 222.03, 222.092, 222.154, 221.993, 221.883, 221.978, 221.862, 222.022, 221.962, 221.983, 221.938, 222.189, 222.129, 222.088, 222.323, 222.109, 221.974, 221.906, 221.84, 222.097, 222.106, 222.218, 222.096, 221.917, 222.052, 222.158, 222.058, 221.973, 222.016, 222.131, 222.312, 222.085, 222.034, 221.925, 222.012, 221.966, 222.08, 222.117, 222.315, 222.186, 221.951, 222.081, 222.183, 221.802, 221.983, 222.144, 221.968, 222.12, 221.972, 221.964, 222.021, 221.963, 221.973, 221.951, 221.928, 221.801, 222.105, 221.933, 221.969, 221.971, 222.043, 222.004, 221.852, 232.75, 228.345, 227.41, 228, 226.451, 226.865, 227.738, 228.432, 221.967, 222.069, 222.001, 221.891, 222.086, 221.989, 221.933, 221.971, 
Running Threadpool implementation with double the amount of partitions than threads
Time to set up datastructures: 9243.45ms
369.487, 368.655, 370.153, 372.32, 368.301, 373.817, 369.392, 373.073, 376.99, 367.221, 373.305, 369.561, 368.045, 369.542, 370.575, 375.093, 369.467, 369.217, 369.976, 370.631, 367.132, 369.971, 369.39, 368.04, 368.393, 368.131, 368.297, 367.884, 367.927, 367.788, 368.039, 372.801, 375.32, 370.113, 370.814, 368.889, 370.863, 368.459, 367.516, 367.766, 367.859, 368.063, 372.351, 369.802, 366.953, 367.512, 367.952, 368.505, 367.822, 367.999, 367.731, 367.759, 367.823, 373.837, 369.21, 369.066, 374.643, 372.617, 371.306, 372.6, 370.144, 370.038, 369.802, 367.606, 367.764, 367.685, 367.839, 368.074, 367.742, 367.922, 367.873, 367.856, 374.264, 369.41, 368.787, 369.181, 369.36, 369.4, 369.392, 370.772, 371.17, 369.788, 367.375, 367.523, 367.859, 368.082, 367.919, 368.059, 367.74, 368.19, 367.463, 373.762, 367.676, 367.467, 367.769, 367.699, 368.266, 369.661, 372.109, 367.971, 
Time to set up datastructures: 9247.08ms
285.013, 285.821, 285.155, 291.534, 285.948, 285.51, 285.577, 289.019, 289.095, 285.258, 284.933, 285.972, 285.535, 284.938, 285.468, 284.917, 284.82, 284.525, 285.304, 285.562, 284.753, 284.986, 285.5, 285.01, 284.907, 285.369, 285.523, 285.496, 285.418, 285.335, 284.801, 285.421, 285.689, 284.713, 285.53, 285.121, 288.28, 287.515, 287.314, 286.479, 289.062, 293.003, 285.434, 286.424, 286.618, 285.855, 284.322, 285.405, 285.367, 285.176, 284.688, 284.871, 285.435, 284.98, 285.371, 286.68, 286.972, 285.61, 284.404, 285.361, 287.644, 285.382, 285.487, 291.203, 285.102, 285.352, 285.445, 284.559, 285.034, 285.894, 285.216, 285.052, 285.277, 285.394, 290.429, 285.078, 285.281, 285.673, 285.731, 290.365, 286.903, 285.715, 284.89, 285.847, 285.408, 285.578, 285.457, 285.448, 288.218, 285.942, 287.706, 286.817, 287.725, 284.734, 285.878, 285.117, 285.083, 285.899, 285.78, 285.788, 
Time to set up datastructures: 9202.78ms
259.424, 258.97, 259.096, 260.931, 259.189, 258.252, 259.375, 258.989, 259.236, 260.443, 261.341, 258.59, 259.154, 259.182, 259.349, 259.531, 259.03, 258.923, 259.395, 259.413, 259.402, 259.028, 259.316, 260.257, 261.615, 259.235, 259.109, 258.905, 258.374, 258.514, 261.705, 258.902, 258.605, 258.794, 259.317, 259.071, 260.95, 259.226, 259.189, 258.497, 258.203, 259.274, 260.519, 260.6, 258.859, 258.693, 259.341, 259.423, 260.44, 258.728, 259.069, 258.39, 258.502, 258.698, 258.744, 258.339, 258.749, 259.057, 258.746, 258.579, 260.837, 258.488, 258.825, 258.493, 258.538, 258.56, 258.552, 258.545, 259.021, 258.458, 258.353, 258.589, 258.568, 261.32, 261.03, 258.278, 258.531, 258.612, 258.539, 258.634, 258.54, 258.574, 258.496, 258.482, 258.626, 260.797, 258.714, 258.693, 258.4, 258.458, 258.561, 258.405, 261.417, 261.263, 258.816, 258.387, 258.829, 258.512, 258.441, 258.79, 
Time to set up datastructures: 9207.34ms
245.84, 245.858, 245.598, 245.225, 246.483, 245.362, 245.794, 245.692, 245.411, 245.097, 245.492, 245.747, 245.746, 245.911, 245.719, 245.537, 245.9, 245.604, 245.803, 245.661, 245.18, 245.527, 245.705, 245.894, 245.784, 245.407, 245.768, 245.133, 245.635, 245.388, 245.436, 245.751, 245.756, 245.802, 245.957, 248.182, 245.294, 245.673, 245.291, 246.169, 245.677, 246.001, 245.675, 245.423, 245.67, 245.634, 245.832, 245.807, 248.324, 245.416, 245.16, 245.348, 245.115, 245.488, 246.465, 244.993, 245.263, 245.476, 244.984, 245.134, 245.496, 245.017, 245.212, 245.327, 245.046, 245.148, 245.187, 244.985, 245.124, 245.046, 245.478, 245.125, 245.112, 245.063, 244.946, 245.107, 245.091, 244.967, 245.039, 244.962, 245.168, 245.512, 245.399, 245.004, 245.099, 245.374, 245.16, 245.133, 245.433, 245.045, 245.193, 245.119, 246.184, 245.336, 244.916, 245.429, 245.063, 245.28, 245.58, 245.158, 
Time to set up datastructures: 9247.74ms
237.423, 237.323, 237.503, 237.659, 237.452, 237.465, 237.315, 238.207, 237.421, 238.33, 237.281, 237.298, 237.336, 237.425, 237.466, 237.51, 237.467, 237.443, 237.434, 237.291, 238.259, 237.613, 238.22, 237.402, 237.377, 237.484, 237.265, 237.301, 237.469, 237.36, 237.338, 237.573, 237.434, 237.47, 237.304, 237.263, 237.455, 237.574, 237.332, 237.535, 237.481, 237.378, 237.419, 237.256, 237.398, 237.531, 237.447, 237.336, 237.298, 237.402, 237.558, 237.365, 237.56, 238.014, 237.543, 237.376, 237.389, 237.599, 238.12, 237.625, 237.518, 237.35, 237.426, 237.53, 237.468, 237.608, 237.625, 237.363, 238.028, 237.562, 237.315, 237.487, 237.343, 237.571, 237.529, 237.488, 237.491, 237.473, 237.387, 237.481, 237.523, 237.489, 237.444, 237.479, 238.162, 237.52, 237.411, 237.552, 237.497, 237.533, 237.651, 237.621, 237.605, 237.417, 237.949, 237.552, 237.428, 237.378, 237.417, 237.489, 
Time to set up datastructures: 9263.65ms
232.114, 231.794, 232.035, 231.941, 231.983, 233.398, 231.755, 231.904, 232.78, 231.968, 231.806, 231.848, 232.067, 231.66, 231.845, 231.887, 232.047, 232.075, 231.949, 232.244, 231.923, 231.777, 231.917, 231.951, 231.86, 232.09, 232.017, 231.915, 232.031, 232.023, 231.964, 231.886, 232.034, 232.175, 232.217, 232.119, 232.083, 231.981, 232.088, 231.939, 232.13, 231.898, 232.05, 232.093, 232.087, 232.073, 232.061, 232.001, 231.984, 231.924, 231.943, 232.087, 232.004, 232.039, 232.168, 231.888, 231.928, 232.028, 231.98, 231.875, 232.005, 232.027, 232.023, 231.943, 232.065, 231.978, 232.027, 231.998, 233.046, 232.103, 232.334, 232.25, 232.109, 232.181, 232.408, 232.581, 232.146, 232.13, 232.041, 232.156, 231.931, 232.003, 231.985, 231.984, 232.067, 232.07, 232.123, 232.108, 231.98, 232.032, 232.046, 231.948, 232.081, 231.988, 232.083, 231.983, 232.025, 232.069, 232.026, 244.268, 
Time to set up datastructures: 9262.3ms
228.274, 228.564, 228.612, 228.505, 228.459, 228.493, 228.361, 228.413, 228.572, 228.341, 228.529, 228.526, 228.705, 228.497, 228.481, 228.548, 228.424, 228.376, 228.361, 228.507, 228.465, 228.638, 228.658, 228.41, 228.495, 228.455, 228.429, 228.81, 228.841, 228.662, 228.713, 228.569, 228.683, 228.781, 228.618, 228.659, 228.62, 228.328, 228.481, 228.662, 228.745, 228.635, 228.69, 228.596, 228.463, 228.426, 228.514, 228.845, 228.614, 228.61, 228.421, 228.446, 228.348, 228.354, 228.865, 228.495, 228.499, 228.552, 228.55, 228.524, 228.862, 228.474, 228.578, 228.51, 228.416, 228.408, 228.527, 228.271, 228.325, 228.436, 228.125, 228.84, 228.353, 228.311, 228.375, 228.456, 228.177, 228.203, 228.221, 229.667, 228.292, 228.425, 228.258, 228.419, 228.314, 228.149, 228.189, 228.292, 228.306, 228.323, 228.978, 228.448, 228.367, 228.425, 228.41, 228.401, 228.279, 228.54, 228.392, 228.613, 
Time to set up datastructures: 9220.33ms
226.593, 226.712, 227.254, 226.805, 226.577, 226.543, 226.662, 226.66, 226.718, 226.589, 226.82, 227.19, 227.55, 227.028, 226.646, 226.789, 226.724, 226.687, 226.653, 227.221, 227.343, 226.661, 226.628, 227.059, 226.707, 226.641, 227.131, 226.769, 226.648, 226.71, 226.639, 226.631, 226.631, 226.767, 226.761, 226.628, 226.864, 226.809, 226.771, 226.638, 226.748, 226.873, 226.832, 226.76, 226.757, 226.741, 226.733, 226.703, 226.822, 226.772, 226.663, 227.108, 227.388, 226.932, 227.007, 227.012, 227.596, 227.244, 226.869, 227.159, 226.926, 227.596, 226.671, 226.97, 226.732, 227.117, 226.889, 226.673, 227.29, 227.026, 226.794, 226.698, 226.664, 226.765, 226.767, 226.815, 227.181, 226.97, 226.665, 226.719, 226.925, 226.64, 226.779, 226.874, 226.718, 226.745, 227.156, 226.792, 226.776, 226.733, 226.686, 226.798, 226.732, 226.682, 226.701, 226.649, 226.747, 226.693, 226.957, 226.679, 
Time to set up datastructures: 9213.96ms
225.658, 225.766, 225.764, 225.661, 225.533, 225.733, 225.85, 225.685, 225.683, 225.709, 225.843, 226.04, 226.004, 225.982, 225.69, 225.835, 225.516, 225.637, 225.68, 225.784, 226.107, 225.685, 225.911, 225.84, 225.85, 225.593, 225.599, 225.754, 225.776, 226.137, 226.154, 225.766, 226.308, 225.8, 225.737, 226.356, 225.709, 225.996, 225.645, 226.04, 225.786, 225.928, 225.656, 225.541, 226.095, 225.679, 225.771, 225.724, 225.726, 225.96, 225.967, 225.891, 225.764, 225.808, 225.807, 225.862, 225.898, 225.728, 225.864, 226.33, 226.551, 226.096, 225.98, 226.27, 225.845, 225.843, 225.847, 225.861, 225.776, 225.965, 225.889, 226.091, 226.027, 225.839, 225.865, 226.05, 226.521, 226.98, 225.748, 226.085, 225.924, 226.227, 225.648, 226.007, 226.065, 225.814, 225.774, 225.733, 226.064, 226.074, 226.01, 225.831, 225.922, 225.875, 225.917, 225.952, 226.024, 225.979, 226.114, 226.089, 
Time to set up datastructures: 9243.91ms
225.67, 225.175, 225.375, 225.088, 224.87, 224.944, 225.129, 225.043, 225.281, 225.162, 225.314, 225.429, 225.436, 225.457, 225.334, 225.17, 225.408, 225.086, 225.115, 225.035, 225.178, 225.913, 225.03, 225.212, 225.129, 225.071, 225.16, 225.893, 225.388, 225.412, 225.223, 225.552, 225.355, 224.978, 225.104, 225.258, 225.444, 225.035, 225.192, 224.992, 224.859, 225.871, 225.24, 225.169, 225.642, 225.301, 225.027, 225.232, 225.543, 225.139, 225.255, 225.066, 225.173, 229.931, 225.401, 225.083, 225.713, 225.661, 225.237, 225.418, 225.469, 225.528, 225.583, 225.189, 225.555, 226.164, 226.046, 225.622, 225.673, 225.476, 225.603, 225.694, 225.567, 224.993, 225.948, 225.289, 225.585, 225.956, 225.127, 226.2, 225.478, 225.386, 225.143, 225.336, 225.516, 225.564, 225.275, 225.269, 225.964, 225.12, 225.271, 225.649, 224.948, 225.048, 225.088, 225.358, 225.568, 226.119, 225.373, 225.236, 
Time to set up datastructures: 9224.91ms
225.641, 225.655, 225.589, 225.723, 225.72, 225.674, 225.312, 225.591, 225.806, 225.705, 225.533, 225.666, 225.717, 225.556, 225.44, 225.257, 225.477, 225.641, 225.728, 225.611, 225.613, 225.657, 225.657, 226.026, 225.764, 226.007, 225.705, 225.468, 225.857, 225.753, 225.524, 225.585, 225.623, 225.666, 225.531, 225.627, 225.489, 225.742, 225.861, 226.605, 225.666, 225.673, 225.649, 225.749, 225.669, 225.557, 225.674, 225.527, 225.556, 225.62, 225.695, 225.581, 225.44, 225.377, 225.408, 225.577, 225.548, 225.436, 225.41, 225.66, 225.422, 225.454, 225.382, 225.381, 225.348, 225.471, 225.376, 225.567, 225.511, 225.469, 225.696, 225.538, 225.512, 225.518, 225.601, 225.814, 225.57, 225.333, 226.009, 225.53, 225.435, 225.52, 225.406, 225.488, 225.465, 225.441, 225.605, 225.466, 225.844, 225.694, 225.495, 225.486, 225.67, 226.037, 225.775, 225.585, 225.636, 225.744, 225.584, 225.683, 
Time to set up datastructures: 9230.84ms
223.186, 223.166, 223.446, 223.225, 223.501, 223.212, 223.144, 223.292, 223.21, 223.265, 223.248, 223.255, 223.539, 223.238, 223.299, 223.668, 223.318, 223.201, 223.072, 223.226, 223.27, 223.218, 223.616, 223.311, 223.211, 223.127, 222.968, 223.232, 223.098, 223.268, 223.174, 223.254, 223.1, 223.259, 223.145, 223.091, 223.321, 223.194, 223.043, 223.249, 223.228, 223.075, 223.039, 223.109, 223.062, 223.086, 223.12, 223.261, 223.095, 223.118, 223.126, 223.129, 223.199, 223.022, 223.054, 223.129, 223.172, 223.148, 223.091, 223.414, 223.305, 223.238, 223.138, 223.029, 223.092, 223.191, 223.256, 223.147, 223.204, 223.412, 223.213, 222.973, 223.249, 223.182, 223.091, 223.13, 223.152, 223.046, 223.039, 223.205, 223.16, 223.148, 223.319, 223.204, 223.134, 223.121, 223.203, 223.166, 223.217, 223.142, 223.273, 223.204, 223.138, 223.227, 223.515, 223.291, 223.431, 223.354, 223.093, 223.314, 
Time to set up datastructures: 9225.12ms
222.406, 222.454, 224.366, 222.39, 222.396, 222.438, 222.391, 222.552, 222.43, 222.407, 222.341, 222.21, 222.239, 222.68, 222.703, 222.307, 222.349, 222.28, 222.419, 222.896, 222.448, 222.393, 222.479, 222.491, 222.3, 222.401, 222.268, 222.567, 222.588, 222.413, 222.305, 222.438, 222.365, 222.25, 222.507, 222.258, 222.393, 222.329, 222.282, 222.44, 222.287, 222.192, 222.714, 222.397, 222.403, 222.285, 222.204, 222.162, 222.219, 222.67, 222.345, 222.503, 222.561, 222.497, 222.561, 222.268, 222.347, 222.262, 222.395, 222.208, 222.394, 222.283, 222.162, 222.221, 222.312, 222.362, 222.466, 222.351, 222.32, 222.212, 222.404, 222.629, 222.31, 222.229, 222.473, 222.201, 222.253, 222.245, 222.485, 222.414, 222.25, 222.283, 222.163, 222.212, 222.208, 222.505, 222.419, 222.324, 222.398, 222.269, 222.363, 222.199, 222.542, 222.176, 222.368, 222.616, 222.444, 222.553, 222.432, 222.394, 
Running CRSMerge implementation
Time to set up datastructures: 12752ms
350.845, 350.951, 351.05, 350.708, 351.242, 350.873, 350.921, 350.738, 351.19, 350.976, 350.641, 350.943, 350.895, 350.748, 350.938, 350.667, 351.08, 350.639, 350.683, 350.699, 350.568, 350.48, 350.853, 350.532, 350.642, 350.684, 350.583, 350.738, 350.505, 350.637, 350.698, 350.691, 350.421, 350.96, 350.407, 350.824, 350.594, 350.652, 350.642, 350.669, 350.552, 350.609, 350.646, 350.442, 350.697, 350.436, 350.535, 350.59, 350.702, 350.542, 350.847, 350.778, 350.619, 350.799, 350.724, 350.562, 350.686, 350.69, 350.92, 351.016, 350.799, 351.023, 352.183, 350.973, 351.095, 350.847, 351.542, 350.961, 350.654, 351.304, 350.823, 351.318, 350.875, 351.146, 350.855, 350.759, 350.987, 350.665, 350.731, 350.452, 350.605, 350.922, 351.001, 350.758, 350.811, 350.693, 350.636, 350.859, 350.658, 350.531, 350.69, 350.484, 350.811, 350.654, 350.657, 350.617, 350.977, 350.638, 350.666, 350.968, 
Time to set up datastructures: 10391.6ms
275.263, 275.547, 275.469, 275.269, 276.248, 275.224, 275.253, 275.303, 275.555, 275.514, 275.284, 275.559, 275.258, 275.263, 275.487, 275.463, 275.493, 275.348, 275.531, 275.871, 275.229, 275.526, 275.182, 275.514, 275.225, 275.217, 275.529, 275.301, 275.454, 275.308, 275.822, 275.717, 275.705, 276.425, 275.926, 275.586, 276.311, 276.211, 276.269, 276.185, 276.266, 275.856, 275.639, 275.472, 275.685, 276.615, 276.087, 275.859, 276.632, 275.596, 275.779, 275.639, 276.522, 275.673, 275.758, 275.653, 275.618, 275.898, 275.198, 275.415, 276.061, 276.045, 276.361, 275.377, 275.709, 275.744, 275.725, 275.839, 275.63, 275.966, 275.202, 275.458, 275.791, 275.831, 275.615, 275.428, 275.657, 276.123, 275.929, 275.93, 276.033, 276.002, 275.654, 275.298, 276.166, 275.433, 276.502, 275.784, 275.27, 275.333, 275.291, 277.994, 275.374, 275.295, 275.447, 275.262, 275.605, 275.728, 275.433, 275.593, 
Time to set up datastructures: 13983.3ms
254.078, 254.038, 253.957, 254.032, 253.713, 253.971, 253.965, 254.05, 254.04, 253.969, 254.046, 253.935, 253.851, 253.881, 254.04, 254.002, 254.174, 253.976, 254.023, 254.137, 253.867, 254.055, 254.117, 254.069, 254.185, 254.178, 254.143, 254.042, 253.879, 254.099, 254.105, 254.052, 254.106, 254.169, 254.109, 254.165, 253.958, 254.058, 254.029, 254, 254.021, 253.995, 254.202, 254.231, 253.786, 254.093, 254.033, 254.046, 254.2, 253.884, 254.416, 254.05, 253.906, 254.028, 253.969, 254.067, 254.241, 253.961, 254.118, 253.974, 253.921, 253.996, 254.038, 254.229, 254.125, 253.984, 254.143, 253.753, 253.973, 254.155, 254.118, 254.076, 254.136, 254.085, 254.054, 253.799, 254.035, 254.203, 254.112, 254.074, 254.176, 254.065, 254.163, 253.758, 254.119, 254.027, 254.043, 253.982, 254.033, 253.926, 254.06, 253.867, 254.013, 254.139, 254.094, 254.029, 254.024, 254.061, 254.067, 253.848, 
Time to set up datastructures: 13739.7ms
242.144, 242.165, 242.137, 242.265, 242.295, 242.136, 242.141, 242.165, 242.191, 242.136, 242.367, 242.178, 242.324, 242.201, 242.576, 242.236, 242.176, 242.334, 242.25, 242.263, 242.232, 242.301, 242.178, 242.193, 242.16, 242.08, 242.31, 242.17, 242.146, 243.699, 242.107, 242.129, 242.26, 242.082, 242.181, 242.051, 242.083, 242.267, 242.207, 242.135, 242.44, 242.299, 242.167, 242.266, 242.165, 242.356, 242.183, 242.105, 242.136, 242.054, 242.176, 242.223, 242.112, 242.141, 242.03, 242.122, 242.101, 242.133, 242.211, 242.251, 242.082, 242.191, 242.236, 242.092, 242.194, 242.441, 242.343, 242.136, 242.105, 242.125, 242.122, 242.139, 242.117, 242.225, 242.115, 242.199, 242.344, 242.084, 242.183, 242.183, 242.093, 243.241, 242.267, 242.181, 242.137, 242.273, 242.232, 242.215, 242.111, 242.178, 242.25, 242.107, 242.275, 242.124, 242.057, 242.265, 242.165, 242.057, 242.166, 242.202, 
Time to set up datastructures: 15021.3ms
234.619, 234.607, 234.702, 234.626, 234.604, 234.828, 234.527, 234.563, 234.714, 234.633, 234.587, 234.72, 234.661, 234.59, 234.524, 234.599, 234.589, 234.787, 234.571, 234.557, 234.558, 234.604, 234.863, 234.592, 234.512, 234.674, 234.661, 234.595, 234.944, 234.581, 234.611, 234.615, 234.495, 234.593, 234.613, 234.597, 234.506, 234.624, 234.552, 234.718, 234.479, 234.632, 234.703, 234.75, 234.681, 234.744, 234.594, 234.498, 234.713, 234.503, 234.714, 234.652, 234.52, 234.62, 234.739, 234.627, 234.652, 234.706, 234.548, 234.571, 234.661, 234.564, 234.703, 234.54, 234.52, 235.056, 234.6, 234.706, 234.752, 234.515, 234.621, 234.66, 234.566, 236.241, 234.622, 234.671, 234.663, 234.641, 234.616, 234.641, 234.593, 234.625, 234.631, 234.532, 234.568, 234.583, 234.559, 234.56, 234.599, 234.525, 234.704, 234.572, 234.867, 234.559, 234.694, 234.758, 234.633, 234.534, 234.441, 234.599, 
Time to set up datastructures: 14421.4ms
229.832, 229.825, 229.823, 229.89, 229.829, 229.765, 229.852, 229.705, 229.848, 229.754, 229.821, 229.76, 229.78, 229.812, 229.87, 229.745, 229.946, 229.8, 229.847, 229.792, 229.849, 229.863, 229.695, 229.76, 229.927, 229.85, 229.724, 229.811, 229.891, 229.753, 229.979, 229.725, 229.903, 229.79, 229.82, 229.775, 229.931, 229.966, 229.894, 229.819, 229.876, 229.792, 229.784, 229.841, 229.879, 229.776, 229.707, 229.757, 229.786, 230.056, 229.757, 229.681, 229.896, 229.871, 229.729, 229.829, 229.926, 229.741, 229.778, 229.759, 229.725, 229.924, 229.826, 229.672, 229.885, 229.699, 229.904, 229.874, 229.713, 229.749, 229.736, 229.852, 229.684, 230.002, 229.695, 229.761, 229.783, 229.716, 229.651, 229.783, 229.688, 229.752, 229.72, 229.743, 229.674, 229.762, 229.706, 229.693, 229.725, 229.617, 229.811, 229.708, 229.672, 229.727, 229.728, 229.708, 229.663, 229.724, 229.655, 229.747, 
Time to set up datastructures: 14746.7ms
227.802, 227.675, 227.7, 227.728, 228.022, 227.778, 227.669, 227.928, 227.713, 227.749, 227.536, 227.636, 227.805, 227.763, 227.706, 227.774, 227.732, 227.709, 227.694, 227.754, 229.543, 227.663, 227.674, 227.847, 227.638, 227.695, 227.768, 227.73, 227.633, 227.817, 227.74, 227.639, 227.702, 227.773, 227.679, 227.787, 227.71, 227.816, 227.768, 227.688, 227.618, 227.728, 227.755, 227.716, 227.699, 227.736, 227.637, 227.641, 227.604, 227.697, 227.717, 227.733, 227.709, 227.743, 227.671, 227.815, 227.807, 227.7, 227.722, 227.759, 227.665, 227.757, 227.678, 227.703, 227.658, 227.717, 227.56, 227.749, 227.768, 227.656, 227.873, 227.593, 227.648, 227.735, 227.645, 227.646, 227.706, 227.68, 227.594, 227.634, 227.752, 227.611, 227.641, 227.598, 227.592, 227.737, 227.573, 227.575, 227.633, 227.574, 227.677, 227.603, 227.646, 227.643, 227.635, 227.663, 227.614, 227.712, 227.598, 227.648, 
Time to set up datastructures: 15011.5ms
226.303, 226.518, 226.424, 226.285, 226.373, 226.41, 226.407, 226.346, 226.522, 226.459, 226.468, 226.438, 226.543, 226.6, 226.569, 226.387, 226.4, 226.53, 226.388, 226.416, 226.339, 226.349, 226.63, 226.384, 226.343, 226.494, 226.526, 226.373, 226.34, 226.365, 226.418, 226.365, 226.38, 226.496, 226.513, 226.361, 226.592, 226.541, 226.406, 226.32, 226.407, 226.455, 226.393, 226.454, 226.336, 226.337, 226.443, 226.369, 226.328, 226.473, 226.369, 226.448, 226.433, 226.355, 226.4, 226.307, 226.219, 226.299, 226.372, 226.355, 226.243, 226.36, 226.267, 226.916, 226.314, 226.297, 226.468, 226.289, 226.383, 226.271, 226.379, 226.384, 226.419, 226.295, 226.353, 226.357, 226.324, 226.369, 226.255, 226.316, 226.432, 226.293, 226.231, 226.233, 226.312, 226.719, 226.354, 226.355, 226.279, 226.412, 226.412, 226.723, 226.364, 226.309, 226.642, 226.258, 226.362, 226.324, 226.315, 226.448, 
Time to set up datastructures: 14659.2ms
225.722, 225.669, 225.937, 225.702, 225.594, 225.696, 225.678, 225.674, 225.808, 225.615, 225.529, 225.694, 225.681, 225.94, 225.77, 225.869, 225.742, 225.711, 225.717, 225.925, 225.735, 225.696, 225.474, 225.812, 225.85, 225.576, 225.86, 226.043, 225.93, 225.861, 226.298, 225.831, 225.62, 225.883, 225.965, 225.714, 226.016, 225.826, 226.033, 225.513, 225.624, 225.834, 225.638, 225.651, 225.527, 225.472, 225.555, 225.554, 225.768, 225.531, 225.481, 225.501, 225.634, 225.568, 225.485, 225.8, 225.574, 225.519, 225.479, 225.562, 225.577, 225.508, 225.567, 225.452, 225.423, 225.528, 225.446, 226.1, 225.517, 225.505, 225.502, 225.519, 225.517, 225.624, 225.579, 225.54, 225.493, 225.557, 225.508, 225.461, 225.6, 225.523, 225.488, 225.596, 225.518, 225.429, 225.558, 225.513, 225.506, 225.549, 225.54, 225.614, 225.534, 225.577, 225.493, 225.537, 225.52, 225.491, 225.569, 225.416, 
Time to set up datastructures: 14757.2ms
224.683, 224.897, 224.728, 224.973, 225.357, 225.001, 224.749, 225.094, 224.708, 224.628, 224.897, 224.671, 225.233, 224.813, 224.782, 224.759, 224.708, 224.727, 224.634, 225.46, 225.408, 229.778, 224.918, 225.172, 224.653, 224.776, 224.667, 224.661, 225.249, 224.698, 224.796, 224.979, 224.805, 224.669, 224.65, 224.753, 224.78, 224.869, 225.11, 224.727, 224.914, 224.715, 224.694, 224.679, 224.658, 224.854, 224.734, 224.645, 224.643, 224.954, 224.692, 224.76, 224.716, 224.722, 225.189, 224.709, 225.078, 224.762, 224.855, 224.657, 224.831, 224.705, 225.142, 224.925, 224.735, 224.689, 224.828, 224.852, 224.894, 224.741, 224.731, 224.881, 224.837, 224.804, 225.005, 224.878, 225.006, 224.633, 224.778, 224.696, 224.73, 224.803, 224.785, 224.658, 224.763, 224.968, 224.749, 224.642, 224.749, 224.655, 224.8, 224.823, 224.973, 224.818, 225.376, 224.76, 224.72, 224.804, 224.594, 224.895, 
Time to set up datastructures: 14401.2ms
225.306, 225.262, 225.403, 225.274, 225.363, 225.397, 225.273, 225.479, 225.3, 225.228, 225.328, 225.393, 225.396, 225.344, 225.297, 225.277, 225.431, 225.292, 225.466, 225.347, 225.352, 225.399, 225.376, 225.425, 225.288, 225.357, 225.385, 225.33, 225.389, 225.338, 225.316, 225.351, 225.273, 225.315, 225.334, 225.367, 225.27, 225.355, 225.342, 225.348, 225.381, 225.45, 225.362, 225.273, 225.307, 225.296, 225.292, 225.371, 225.3, 225.325, 225.303, 225.312, 225.306, 225.298, 225.27, 225.37, 225.331, 225.284, 225.29, 225.327, 225.381, 225.292, 225.367, 225.369, 225.414, 225.277, 225.327, 225.334, 225.71, 225.849, 225.395, 225.371, 225.284, 225.438, 225.278, 225.285, 225.396, 225.323, 225.437, 225.283, 225.251, 225.369, 225.379, 225.299, 225.511, 225.39, 225.334, 225.421, 225.293, 225.307, 225.378, 225.316, 225.335, 225.38, 225.395, 225.373, 226.012, 225.294, 225.475, 225.555, 
Time to set up datastructures: 14758.7ms
222.767, 222.775, 222.82, 222.841, 222.788, 222.824, 222.822, 222.799, 222.965, 222.81, 222.743, 222.839, 222.859, 222.929, 222.842, 222.763, 222.714, 222.823, 222.849, 222.832, 222.839, 222.818, 222.755, 222.82, 222.817, 222.799, 222.862, 222.894, 222.82, 222.796, 222.85, 222.763, 223.003, 222.785, 222.753, 223.02, 222.78, 222.763, 222.845, 222.826, 222.775, 222.928, 222.976, 222.738, 222.885, 222.753, 222.734, 222.794, 222.815, 222.787, 222.864, 222.782, 222.732, 223.156, 222.813, 222.729, 222.799, 222.86, 222.814, 222.894, 222.867, 222.794, 222.888, 222.756, 222.89, 222.821, 222.869, 222.754, 222.876, 222.88, 222.78, 222.846, 222.929, 222.767, 222.79, 222.819, 222.924, 223.022, 222.885, 223.172, 222.874, 222.791, 222.869, 222.764, 222.855, 222.777, 222.881, 222.831, 222.774, 222.867, 222.828, 222.759, 222.757, 222.863, 222.761, 222.855, 222.842, 222.745, 222.881, 222.775, 
Time to set up datastructures: 14673.8ms
222.03, 221.999, 222.129, 222.076, 222.042, 222.05, 222.109, 222.081, 222.139, 222.155, 222.054, 222.804, 222.035, 222.62, 222.052, 222.132, 222.141, 222.123, 222.012, 222.136, 222.082, 222.079, 222.142, 222.056, 222.167, 222.098, 222.117, 227.886, 222.145, 222.172, 222.31, 222.05, 222.052, 222.111, 222.102, 222.123, 222.072, 222.038, 222.084, 222.912, 222.06, 222.055, 222.134, 222.112, 222.195, 222.14, 222.026, 222.042, 222.117, 222.002, 222.049, 222.124, 222.024, 222.144, 222.113, 222.027, 222.106, 222.063, 222.063, 222.025, 222.122, 222.043, 222.108, 222.058, 222.022, 222.05, 222.14, 222.119, 222.016, 222.1, 222.083, 222.139, 222.069, 222.005, 222.063, 222.211, 222.042, 222.245, 222.285, 222.105, 222.157, 222.095, 222.037, 222.077, 222.049, 222.172, 222.04, 222.112, 222.087, 222.594, 222.053, 222.094, 222.107, 222.057, 222.064, 222.011, 222.117, 222.086, 222.13, 222.17, 
Running CSB implementation
Time to set up datastructures: 15902.6ms
314.276, 314.158, 314.225, 314.206, 314.194, 314.665, 314.704, 314.593, 314.47, 314.058, 314.43, 314.593, 314.386, 314.659, 314.427, 314.579, 314.733, 314.382, 314.745, 314.292, 314.549, 314.406, 314.667, 314.153, 314.217, 314.496, 314.69, 314.623, 314.065, 314.078, 314.495, 314.336, 314.339, 314.413, 313.893, 314.715, 314.414, 314.454, 314.215, 314.519, 314.442, 314.425, 314.38, 314.282, 314.51, 314.221, 315.02, 314.427, 314.594, 314.346, 314.505, 314.233, 314.925, 314.49, 314.692, 314.285, 314.152, 314.414, 314.363, 314.391, 314.402, 314.287, 314.049, 314.293, 314.086, 314.25, 314.661, 314.137, 314.7, 314.127, 314.231, 314.391, 314.21, 314.572, 314.756, 314.208, 314.597, 314.328, 315.718, 314.528, 314.235, 314.436, 314.191, 314.351, 314.728, 313.999, 314.468, 314.19, 314.598, 314.562, 314.64, 314.485, 314.403, 314.297, 314.49, 314.335, 314.477, 313.904, 314.481, 314.23, 
Time to set up datastructures: 15532.6ms
234.31, 234.52, 234.333, 234.54, 234.71, 234.656, 234.563, 234.486, 234.253, 234.53, 234.45, 234.442, 235.526, 234.672, 234.52, 234.569, 234.401, 234.187, 234.724, 234.24, 234.352, 234.639, 234.469, 234.37, 234.494, 234.169, 234.315, 234.554, 234.518, 234.812, 234.858, 234.333, 234.457, 234.367, 234.25, 234.634, 234.448, 234.699, 235.546, 234.425, 234.442, 234.397, 236.33, 234.16, 234.451, 234.438, 234.909, 235.057, 234.283, 234.397, 234.323, 234.531, 234.694, 234.396, 234.404, 234.278, 234.71, 234.441, 234.916, 234.4, 234.215, 234.429, 234.292, 235.474, 234.906, 234.249, 235.184, 237.898, 233.981, 234.325, 234.459, 234.386, 236.554, 234.203, 234.093, 234.354, 234.27, 234.156, 234.156, 234.012, 234.68, 234.618, 234.066, 234.417, 234.096, 234.132, 234.145, 234.291, 234.201, 236.8, 234.392, 234.038, 234.574, 233.985, 234.016, 234.373, 234.133, 234.533, 234.482, 234.221, 
Time to set up datastructures: 17658.2ms
204.155, 206.355, 205.232, 205.27, 205.327, 205.397, 205.973, 206.153, 206.153, 205.799, 205.046, 205.51, 205.699, 205.976, 205.629, 205.689, 205.711, 205.474, 206.214, 204.845, 205.733, 205.045, 205.709, 205.944, 205.016, 206.149, 204.987, 205.751, 205.506, 205.324, 205.439, 206.251, 205.534, 205.611, 206.068, 205.494, 205.592, 205.082, 205.777, 205.558, 206.076, 205.201, 205.051, 206.123, 205.331, 206.18, 206.335, 206.118, 205.762, 205.819, 205.526, 205.853, 205.72, 205.715, 205.497, 206.364, 205.711, 206.112, 205.872, 206.22, 205.625, 205.506, 205.493, 205.498, 205.726, 205.928, 206.206, 205.776, 205.189, 206.358, 206.046, 204.994, 205.185, 206.122, 205.305, 205.366, 206.094, 205.258, 205.089, 205.416, 205.961, 205.709, 205.465, 205.442, 205.707, 205.26, 205.155, 205.825, 206.058, 205.131, 205.463, 205.589, 206.188, 205.553, 205.988, 206.103, 205.036, 205.186, 206.17, 205.622, 
Time to set up datastructures: 18835.7ms
185.699, 185.346, 185.128, 185.081, 185.365, 185.252, 185.299, 185.227, 185.279, 185.39, 186.118, 185.167, 185.106, 185.112, 185.275, 185.157, 185.205, 184.789, 185.316, 185.074, 185.271, 185.424, 185.206, 185.219, 185.127, 185.37, 185.144, 185.004, 185.181, 185.273, 185.019, 185.034, 185.488, 185.025, 185.231, 185.391, 185.306, 185.226, 185.461, 185.067, 185.189, 185.088, 185.462, 185.334, 185.382, 185.174, 185.227, 185.541, 185.371, 184.974, 185.243, 185.257, 185.246, 185.225, 186.563, 185.013, 185.159, 185.179, 185.044, 185.345, 184.916, 185.338, 185.398, 185.155, 185.469, 185.112, 185.203, 185.108, 185.571, 185.164, 185.307, 184.833, 185.097, 185.451, 185.286, 185.32, 185.165, 185.358, 185.107, 184.885, 185.118, 185.185, 185.142, 185.095, 185.442, 185.215, 185.058, 185.131, 185.165, 185.17, 185.1, 185.306, 185.345, 185.408, 185.079, 185.125, 185.249, 185.04, 185.163, 185.216, 
Time to set up datastructures: 19934.8ms
172.125, 172.138, 172.026, 171.791, 172.06, 171.781, 171.538, 171.689, 172.112, 171.625, 172.107, 171.642, 171.913, 171.864, 171.557, 172.161, 172.165, 172.171, 171.799, 172.175, 171.902, 171.589, 171.894, 172.137, 172.078, 171.598, 171.54, 171.807, 171.659, 171.767, 171.898, 172.132, 171.933, 171.962, 172.247, 171.778, 171.696, 171.981, 172.145, 172.153, 171.664, 172.13, 171.666, 171.975, 172.142, 171.941, 172.186, 172.096, 171.988, 171.796, 171.653, 172.035, 172.129, 172.125, 171.929, 172.15, 171.653, 171.8, 171.881, 171.627, 171.846, 171.894, 172.13, 172.206, 172.328, 171.937, 172.077, 171.776, 171.897, 171.584, 171.951, 172.136, 172.199, 171.866, 171.771, 172.069, 171.664, 171.915, 172.027, 172.306, 171.867, 171.751, 171.643, 172.317, 172.268, 172.163, 171.996, 172.011, 172.082, 172.158, 171.98, 172.166, 172.139, 172.054, 172.092, 171.928, 171.887, 171.653, 171.913, 171.835, 
Time to set up datastructures: 20026.8ms
164.945, 164.735, 164.801, 165.038, 164.904, 164.705, 164.817, 164.944, 164.799, 164.871, 164.74, 165.079, 164.822, 164.811, 164.851, 165.018, 164.804, 164.956, 164.737, 164.874, 164.719, 164.82, 164.777, 164.938, 164.854, 164.758, 164.812, 167.141, 172.746, 164.89, 164.807, 164.839, 164.828, 164.912, 164.764, 164.778, 164.813, 164.826, 164.877, 164.868, 164.706, 164.844, 164.989, 164.842, 164.791, 164.79, 164.772, 164.884, 164.8, 164.849, 164.867, 164.892, 164.754, 164.928, 164.763, 164.988, 165.059, 164.916, 164.852, 164.996, 164.847, 164.636, 164.694, 164.869, 164.864, 164.729, 164.875, 164.773, 165.213, 164.696, 164.639, 164.803, 164.712, 164.665, 164.856, 164.748, 164.738, 164.817, 164.727, 164.635, 164.809, 164.847, 164.662, 164.779, 164.735, 164.731, 164.808, 164.821, 165.019, 164.737, 164.778, 164.786, 164.737, 164.616, 164.748, 164.739, 164.679, 164.773, 164.75, 164.744, 
Time to set up datastructures: 20207.1ms
159.719, 159.45, 159.503, 159.534, 159.469, 159.591, 159.719, 159.569, 159.546, 159.652, 159.574, 159.547, 160.224, 159.544, 159.596, 159.655, 159.573, 159.619, 159.543, 159.704, 159.619, 159.52, 159.75, 159.752, 163.082, 159.947, 159.497, 159.568, 159.504, 159.497, 159.509, 159.712, 159.508, 159.494, 159.553, 159.489, 159.536, 159.576, 159.554, 159.504, 159.725, 159.718, 159.71, 159.57, 159.629, 159.523, 159.495, 159.679, 159.781, 159.538, 159.626, 159.494, 160.123, 159.605, 159.502, 159.653, 159.791, 159.405, 159.638, 159.397, 159.662, 159.516, 159.532, 159.675, 159.705, 159.549, 159.571, 159.801, 159.753, 159.513, 159.462, 159.478, 159.57, 159.574, 159.737, 161.004, 159.651, 159.555, 159.545, 159.616, 159.603, 159.569, 159.616, 159.529, 159.691, 159.565, 159.744, 159.597, 159.579, 159.585, 159.504, 159.494, 159.685, 159.653, 159.719, 159.504, 159.504, 159.498, 159.58, 159.74, 
Time to set up datastructures: 21338ms
159.278, 159.161, 159.185, 159.238, 159.19, 159.429, 159.298, 159.24, 159.209, 159.129, 159.22, 159.249, 159.206, 159.205, 159.185, 159.143, 159.214, 159.24, 159.307, 159.189, 159.138, 159.165, 159.332, 159.178, 159.2, 159.205, 159.091, 159.212, 159.183, 159.18, 159.389, 159.212, 159.209, 159.171, 159.199, 159.136, 159.248, 159.288, 159.023, 159.132, 159.112, 159.248, 159.123, 159.343, 159.069, 159.262, 159.243, 159.207, 159.082, 159.171, 159.271, 159.041, 159.158, 159.203, 159.26, 159.112, 159.111, 159.144, 159.228, 159.269, 159.117, 159.084, 159.24, 159.296, 159.184, 159.181, 159.272, 159.135, 159.236, 159.073, 159.076, 159.252, 159.194, 159.255, 159.189, 159.184, 159.249, 159.348, 159.178, 159.286, 159.293, 159.317, 159.19, 159.265, 159.181, 159.305, 159.196, 159.183, 159.063, 159.358, 159.138, 159.114, 159.239, 159.211, 159.25, 159.163, 159.034, 159.177, 159.125, 159.12, 
Time to set up datastructures: 20288.4ms
155.586, 155.555, 155.597, 155.532, 155.594, 155.596, 155.623, 155.63, 155.567, 155.531, 155.533, 155.688, 155.605, 155.588, 155.607, 155.574, 155.631, 155.632, 155.727, 155.674, 155.538, 155.734, 155.803, 155.607, 155.625, 155.653, 155.672, 155.521, 155.618, 155.675, 155.564, 155.625, 155.662, 155.597, 155.642, 155.643, 155.579, 155.573, 155.721, 155.532, 155.661, 155.621, 155.541, 155.61, 155.755, 155.639, 155.636, 155.628, 155.571, 155.574, 155.661, 155.526, 155.579, 155.49, 155.563, 155.686, 155.575, 155.623, 155.615, 155.662, 155.583, 155.634, 155.572, 155.609, 155.616, 155.555, 155.535, 155.602, 155.675, 155.597, 155.741, 155.567, 155.591, 155.613, 155.573, 155.655, 155.589, 155.597, 155.586, 155.572, 155.587, 155.609, 155.588, 155.584, 155.587, 155.632, 155.554, 155.584, 155.499, 155.584, 155.598, 155.593, 155.603, 155.641, 155.569, 155.709, 155.606, 155.519, 155.717, 155.654, 
Time to set up datastructures: 20537.7ms
154.307, 154.333, 154.399, 154.276, 154.311, 154.578, 154.841, 154.366, 154.382, 154.337, 154.406, 154.365, 154.3, 154.399, 154.318, 154.324, 154.29, 154.283, 154.374, 154.341, 154.467, 154.371, 154.607, 154.385, 154.367, 154.239, 154.557, 154.368, 154.292, 154.234, 154.23, 154.462, 154.611, 154.411, 154.333, 154.372, 154.211, 154.472, 154.375, 154.201, 154.395, 154.394, 154.193, 154.388, 154.366, 155.071, 154.393, 154.387, 154.273, 154.572, 154.311, 154.268, 154.403, 154.358, 154.339, 154.242, 154.333, 154.63, 154.648, 154.352, 154.327, 154.285, 154.35, 154.243, 154.311, 154.231, 154.259, 154.284, 154.293, 154.473, 154.627, 154.29, 154.382, 154.365, 154.216, 154.356, 154.333, 154.441, 154.372, 154.365, 154.298, 154.243, 154.303, 154.493, 154.558, 154.282, 156.222, 154.388, 154.489, 154.365, 155.696, 154.302, 154.28, 154.356, 154.284, 154.31, 154.481, 154.315, 154.375, 154.344, 
Time to set up datastructures: 20157.2ms
154.333, 154.407, 154.183, 154.169, 154.153, 154.244, 154.158, 154.327, 154.287, 154.344, 154.214, 154.311, 154.219, 154.19, 154.226, 154.359, 154.362, 154.313, 154.178, 154.18, 154.173, 154.31, 154.42, 154.225, 154.266, 154.158, 154.242, 154.227, 154.122, 154.208, 154.224, 154.195, 154.161, 154.247, 154.194, 154.19, 154.278, 154.324, 154.528, 154.34, 154.242, 154.251, 154.112, 154.195, 154.179, 154.233, 154.158, 154.232, 154.213, 154.349, 154.331, 154.267, 154.246, 154.183, 154.198, 154.181, 154.231, 154.174, 154.167, 154.236, 154.157, 154.239, 154.246, 154.316, 154.183, 154.245, 154.264, 154.16, 154.281, 154.181, 154.204, 154.123, 154.197, 154.195, 154.286, 154.252, 154.318, 154.226, 154.264, 154.184, 154.299, 154.214, 154.282, 154.235, 154.116, 154.181, 154.312, 154.263, 154.229, 154.221, 154.27, 154.148, 154.232, 154.221, 153.927, 154.26, 154.284, 154.278, 154.134, 154.184, 
Time to set up datastructures: 21997.8ms
154.676, 154.725, 157.838, 154.722, 154.651, 154.703, 154.839, 154.664, 154.674, 154.672, 154.7, 154.669, 154.693, 154.677, 154.696, 154.722, 154.724, 154.735, 154.68, 154.645, 154.663, 154.646, 154.732, 154.744, 154.682, 154.652, 154.662, 154.815, 154.725, 154.729, 154.698, 154.754, 154.641, 154.668, 154.662, 154.655, 154.66, 154.689, 154.638, 154.591, 154.65, 154.625, 154.813, 154.743, 154.72, 154.646, 154.676, 154.68, 154.649, 154.685, 154.642, 154.655, 154.694, 154.683, 154.684, 154.699, 154.75, 154.688, 154.639, 154.696, 154.784, 154.679, 154.69, 154.714, 154.669, 154.641, 154.687, 154.757, 154.71, 154.708, 154.749, 154.703, 154.666, 154.784, 154.658, 154.856, 154.662, 154.627, 154.667, 154.704, 154.669, 154.679, 154.698, 154.684, 154.725, 154.646, 154.737, 154.697, 154.711, 154.646, 154.635, 154.706, 154.732, 154.743, 154.749, 154.692, 154.726, 154.614, 154.604, 154.735, 
Time to set up datastructures: 20650.3ms
151.574, 151.494, 151.436, 151.484, 151.541, 151.506, 151.519, 151.513, 151.528, 151.529, 151.442, 151.422, 151.453, 151.544, 151.537, 151.474, 151.62, 151.475, 151.48, 151.449, 151.562, 151.511, 151.494, 151.48, 151.629, 151.546, 151.507, 151.516, 151.477, 151.5, 151.456, 151.459, 151.464, 151.465, 151.376, 151.388, 151.454, 151.469, 151.453, 151.481, 151.457, 151.489, 151.58, 151.468, 151.557, 151.474, 151.483, 151.519, 151.44, 151.475, 151.414, 151.465, 151.489, 151.382, 151.396, 151.399, 151.469, 151.473, 151.467, 151.468, 151.453, 151.459, 151.545, 151.444, 151.462, 151.421, 151.494, 151.477, 151.461, 151.478, 151.461, 151.469, 151.487, 151.555, 151.406, 151.542, 151.401, 151.5, 151.492, 151.463, 151.46, 151.437, 153.935, 151.592, 151.571, 151.44, 151.592, 151.53, 151.523, 151.471, 151.451, 151.425, 151.447, 151.458, 151.418, 151.574, 151.501, 151.551, 151.435, 151.59, 
Running BlockCOH implementation
Time to set up datastructures: 25389.5ms
305.196, 305.337, 305.164, 305.182, 305.206, 305.604, 305.367, 305.411, 305.56, 305.26, 305.12, 305.175, 305.222, 305.207, 305.242, 305.174, 305.539, 305.191, 305.218, 305.014, 305.105, 305.572, 305.254, 305.283, 305.234, 305.269, 305.227, 305.077, 305.022, 305.292, 305.291, 305.228, 305.168, 305.286, 305.647, 305.335, 305.177, 305.243, 305.313, 305.166, 305.225, 305.216, 305.27, 305.265, 305.17, 305.165, 305.13, 305.372, 305.249, 305.18, 305.049, 305.243, 305.172, 305.286, 305.218, 305.272, 305.242, 305.255, 305.242, 305.237, 305.185, 305.484, 305.22, 305.316, 305.325, 305.506, 305.212, 305.212, 305.372, 305.515, 305.149, 305.398, 305.322, 305.266, 305.495, 305.119, 305.183, 305.219, 305.193, 305.142, 305.107, 305.197, 305.282, 305.264, 305.146, 305.114, 305.133, 305.428, 305.275, 305.229, 305.29, 305.319, 305.17, 305.712, 305.399, 305.217, 305.162, 305.103, 305.165, 305.353, 
Time to set up datastructures: 21662.8ms
250.358, 250.01, 249.9, 249.687, 249.691, 249.94, 249.866, 250.213, 250.344, 249.785, 249.82, 249.718, 249.69, 249.789, 250.528, 249.575, 250.35, 249.915, 249.605, 249.597, 249.921, 250.721, 249.814, 250.539, 250.049, 249.632, 249.701, 249.566, 249.716, 250.324, 250.572, 249.739, 250.257, 249.674, 249.749, 249.833, 249.589, 250.226, 249.807, 249.73, 250.292, 249.79, 249.549, 249.881, 249.642, 249.896, 250.284, 249.93, 250.033, 249.78, 249.622, 249.622, 249.751, 250.137, 249.646, 249.971, 250.162, 249.929, 249.67, 249.675, 249.812, 249.886, 250.461, 249.735, 249.98, 249.795, 249.617, 249.683, 249.682, 250.078, 249.687, 249.656, 249.915, 249.574, 249.541, 249.66, 249.686, 249.801, 250.518, 249.83, 250.24, 249.712, 249.578, 249.753, 249.601, 249.743, 249.704, 249.607, 250.357, 249.772, 250.125, 249.631, 249.608, 249.826, 250.371, 249.731, 250.082, 250.122, 249.849, 249.709, 
Time to set up datastructures: 21296.2ms
232.501, 232.433, 232.712, 232.511, 232.664, 232.78, 232.398, 232.416, 232.609, 232.646, 232.448, 232.791, 232.673, 232.717, 232.52, 232.55, 232.581, 232.622, 232.742, 232.492, 232.507, 232.597, 232.679, 232.502, 232.648, 232.608, 232.634, 232.559, 232.632, 232.698, 232.578, 232.727, 232.262, 232.679, 232.571, 232.526, 232.681, 232.489, 232.664, 232.6, 232.584, 232.343, 232.531, 232.433, 232.593, 232.663, 232.842, 232.651, 232.734, 232.477, 232.469, 232.519, 232.746, 232.507, 232.478, 232.481, 232.57, 232.603, 232.395, 232.6, 232.592, 232.442, 232.526, 232.689, 232.699, 232.577, 232.739, 232.316, 232.627, 232.417, 232.601, 232.601, 232.772, 232.731, 232.822, 232.579, 232.519, 232.45, 232.489, 232.656, 232.837, 232.561, 232.743, 232.465, 232.337, 232.6, 232.681, 232.565, 232.51, 232.479, 232.808, 232.609, 232.558, 232.327, 232.565, 232.666, 232.623, 232.437, 232.724, 232.798, 
Time to set up datastructures: 21940.1ms
220.639, 220.663, 220.646, 220.674, 220.778, 220.604, 220.713, 220.639, 220.685, 220.794, 220.632, 220.658, 220.787, 220.699, 220.691, 221.038, 220.866, 220.611, 220.938, 220.732, 220.861, 220.528, 220.698, 220.634, 220.956, 220.824, 220.752, 220.703, 220.632, 220.638, 220.817, 220.738, 221.917, 220.746, 220.865, 220.773, 220.747, 220.705, 220.699, 220.756, 220.757, 220.742, 220.862, 221.031, 220.828, 220.787, 220.519, 220.549, 220.608, 220.718, 220.735, 220.723, 220.721, 220.6, 220.663, 220.646, 220.724, 220.605, 220.673, 220.622, 220.691, 220.745, 220.707, 220.571, 220.587, 220.683, 220.607, 220.635, 220.8, 220.688, 220.818, 220.655, 220.69, 220.705, 220.655, 220.656, 220.569, 220.614, 220.753, 220.73, 220.839, 220.593, 220.715, 220.854, 220.736, 220.635, 220.746, 220.529, 220.83, 220.721, 220.56, 220.8, 220.657, 220.607, 220.695, 220.547, 220.645, 220.84, 220.7, 220.604, 
Time to set up datastructures: 22249.7ms
223.186, 223.178, 223.179, 223.123, 223.228, 223.178, 223.008, 223.184, 223.051, 222.954, 223.031, 223.098, 223.318, 223.036, 223.035, 223.04, 223.034, 223.095, 223.21, 223.234, 223.116, 223.173, 223.134, 223.083, 222.958, 223.125, 223.126, 223.053, 223.026, 222.981, 223.188, 223.108, 223.002, 223.035, 222.99, 222.983, 223.254, 223.185, 223.148, 223.132, 223.125, 223.056, 223.087, 223.027, 223.101, 223.176, 223.513, 223.065, 223.136, 223.322, 223.32, 222.98, 223.101, 222.956, 224.393, 223.477, 223.258, 223.063, 223.079, 223.1, 223.114, 223.072, 223.149, 223.144, 223.476, 223.217, 223.133, 222.974, 223.176, 223.036, 223.187, 223.163, 223.11, 223.346, 223.516, 223.223, 223.238, 223.237, 223.016, 223.048, 223.229, 223.281, 223.055, 223.156, 223.184, 223.277, 223.151, 223.138, 223.083, 223.064, 223.651, 224.098, 223.116, 223.314, 223.25, 223.038, 223.084, 223.219, 223.186, 223.116, 
Time to set up datastructures: 23233.5ms
216.542, 216.777, 216.605, 216.686, 216.786, 216.687, 216.669, 216.7, 216.589, 216.679, 216.595, 216.635, 216.705, 217.047, 216.723, 216.568, 216.65, 216.488, 216.643, 216.733, 216.58, 216.716, 216.7, 216.727, 217.019, 216.728, 216.587, 216.608, 216.56, 216.59, 216.679, 216.768, 216.559, 216.768, 216.659, 216.703, 216.607, 216.662, 216.76, 216.611, 216.684, 216.721, 216.695, 216.704, 216.682, 216.59, 216.619, 216.741, 216.808, 216.744, 216.7, 216.86, 216.855, 216.634, 216.634, 216.624, 216.707, 216.622, 216.618, 216.822, 216.852, 216.817, 216.613, 216.873, 216.684, 216.592, 216.741, 216.735, 216.665, 216.794, 216.645, 216.652, 216.588, 216.515, 216.766, 216.782, 216.576, 216.592, 216.704, 216.711, 216.744, 216.747, 216.521, 216.614, 216.606, 216.545, 216.742, 216.793, 216.638, 216.616, 216.673, 216.62, 216.659, 216.802, 216.685, 216.655, 216.841, 216.737, 216.503, 216.645, 
Time to set up datastructures: 22225ms
212.572, 212.514, 212.519, 212.607, 212.471, 212.441, 212.459, 212.472, 212.581, 212.677, 212.489, 212.667, 212.718, 212.475, 212.644, 212.454, 212.547, 212.642, 212.556, 212.425, 212.485, 212.62, 212.652, 212.531, 212.651, 212.455, 212.419, 212.56, 212.567, 212.583, 212.525, 212.75, 212.461, 212.485, 212.662, 212.385, 212.675, 212.486, 212.58, 212.724, 212.765, 212.505, 212.367, 212.425, 212.442, 212.512, 212.615, 212.795, 212.469, 212.548, 212.668, 212.519, 212.571, 212.546, 212.419, 212.495, 212.447, 212.482, 212.444, 212.595, 212.425, 212.595, 212.479, 212.714, 212.504, 212.633, 212.621, 212.539, 212.591, 212.698, 212.593, 212.69, 212.499, 212.544, 212.625, 212.492, 212.616, 212.557, 212.745, 212.528, 212.496, 212.503, 212.684, 212.579, 212.663, 212.628, 212.474, 212.557, 212.633, 212.58, 212.596, 212.533, 212.471, 212.407, 212.55, 212.6, 212.52, 212.661, 212.482, 212.46, 
Time to set up datastructures: 21485.9ms
212.672, 212.783, 212.789, 212.692, 214.575, 212.796, 212.775, 213.219, 212.679, 212.826, 212.866, 212.867, 212.959, 212.785, 212.872, 212.865, 213.34, 212.67, 212.893, 212.783, 212.82, 212.863, 212.96, 212.875, 212.875, 213.021, 212.98, 212.807, 212.738, 212.914, 212.493, 212.78, 212.642, 212.805, 212.949, 212.936, 212.887, 212.887, 212.685, 212.783, 212.907, 212.868, 212.886, 212.796, 212.843, 212.797, 212.925, 212.831, 212.733, 212.746, 212.857, 212.705, 212.837, 212.773, 213.115, 212.823, 212.955, 212.944, 212.9, 212.766, 213.006, 212.868, 212.852, 212.891, 212.733, 212.824, 212.97, 212.779, 212.741, 212.934, 212.769, 212.793, 212.921, 212.868, 212.803, 212.677, 212.722, 212.73, 212.773, 212.856, 212.888, 212.814, 212.89, 212.838, 212.861, 212.934, 212.781, 212.828, 212.719, 212.848, 213.05, 212.926, 212.921, 212.816, 212.657, 212.859, 212.653, 212.89, 212.889, 212.878, 
Time to set up datastructures: 21909.1ms
215.719, 215.593, 215.688, 215.556, 215.604, 215.56, 215.531, 215.589, 215.779, 215.667, 215.624, 215.636, 215.573, 215.74, 215.697, 215.704, 215.667, 215.621, 215.675, 215.811, 215.563, 215.513, 215.576, 215.631, 216.144, 215.514, 215.66, 215.659, 215.732, 215.497, 215.659, 215.567, 215.538, 215.777, 215.595, 215.709, 215.588, 215.548, 215.706, 215.585, 215.768, 215.594, 215.774, 215.629, 215.607, 215.612, 215.72, 215.662, 215.56, 215.569, 215.611, 215.711, 215.782, 216.025, 215.555, 215.687, 215.816, 215.648, 215.615, 215.515, 215.68, 215.582, 215.712, 215.62, 215.744, 215.708, 215.606, 215.538, 215.642, 215.541, 218.068, 215.696, 215.571, 215.718, 215.721, 215.733, 215.642, 215.809, 215.568, 215.595, 215.582, 215.748, 215.608, 215.69, 215.536, 215.566, 215.705, 215.494, 215.708, 215.536, 215.758, 215.649, 215.63, 215.597, 215.608, 215.806, 215.52, 215.563, 215.574, 215.684, 
Time to set up datastructures: 21533.5ms
220.562, 220.659, 220.68, 220.232, 220.307, 220.415, 220.488, 220.769, 220.283, 220.487, 220.435, 220.688, 220.396, 221.137, 220.343, 220.356, 220.206, 220.332, 220.439, 220.53, 220.583, 220.263, 220.218, 220.42, 220.3, 220.721, 220.461, 220.333, 220.397, 220.599, 220.371, 220.274, 220.382, 220.303, 220.323, 220.307, 220.353, 220.783, 222.132, 220.906, 220.272, 220.47, 220.389, 220.463, 220.577, 220.418, 220.42, 221.039, 220.317, 220.375, 220.479, 220.375, 220.341, 220.28, 220.262, 220.487, 220.667, 220.481, 220.35, 220.448, 220.314, 220.395, 220.705, 220.365, 220.552, 220.595, 220.323, 220.305, 220.461, 220.358, 220.269, 220.219, 220.398, 220.367, 220.461, 220.384, 220.226, 220.381, 220.244, 220.353, 220.524, 220.259, 220.409, 220.429, 220.782, 220.564, 220.496, 220.34, 220.406, 221.158, 220.621, 220.54, 221.009, 220.446, 220.502, 220.399, 220.349, 220.283, 222.828, 220.38, 
Time to set up datastructures: 21490ms
223.757, 223.642, 223.765, 223.577, 223.608, 223.774, 223.637, 223.683, 223.622, 223.583, 223.472, 223.839, 223.749, 223.719, 223.619, 223.683, 223.813, 223.582, 223.613, 223.633, 223.973, 223.543, 223.841, 223.734, 250.72, 226.046, 223.615, 223.839, 223.514, 223.785, 223.723, 223.571, 223.611, 223.862, 223.748, 223.682, 223.649, 223.569, 223.824, 223.616, 223.678, 228.003, 223.934, 223.737, 223.875, 223.775, 223.898, 223.882, 223.686, 223.607, 223.625, 223.593, 223.607, 223.669, 223.579, 223.682, 223.846, 223.479, 223.647, 223.638, 223.6, 223.728, 223.585, 223.668, 223.689, 223.695, 223.536, 223.815, 223.668, 223.926, 223.737, 223.653, 223.695, 223.755, 223.716, 223.549, 223.733, 223.545, 223.592, 223.759, 223.634, 223.721, 223.641, 223.661, 223.604, 223.657, 223.581, 223.668, 223.666, 223.692, 223.595, 223.68, 223.784, 223.559, 223.783, 223.581, 223.635, 223.665, 223.695, 223.631, 
Time to set up datastructures: 21310.5ms
221.152, 221.047, 220.896, 220.729, 220.674, 220.868, 220.869, 220.878, 220.781, 220.84, 220.812, 220.965, 220.714, 220.989, 220.708, 220.598, 220.876, 220.697, 220.886, 220.897, 220.862, 220.812, 220.924, 220.779, 220.842, 220.871, 220.739, 220.897, 220.884, 221.037, 220.856, 220.864, 220.87, 220.674, 220.789, 220.79, 220.844, 220.853, 221.035, 220.732, 221.097, 220.856, 220.767, 220.898, 220.756, 220.875, 220.709, 220.921, 220.808, 220.837, 220.827, 220.736, 220.827, 220.836, 220.87, 220.644, 220.855, 220.888, 220.702, 220.766, 220.79, 220.9, 220.842, 220.754, 220.978, 220.867, 220.702, 220.972, 220.846, 220.846, 220.756, 220.754, 220.815, 220.819, 220.801, 220.846, 220.692, 220.809, 220.67, 220.83, 220.726, 220.765, 220.795, 220.901, 220.745, 220.792, 220.822, 220.843, 220.739, 220.738, 220.944, 220.832, 220.891, 220.901, 220.884, 220.821, 220.811, 220.902, 220.877, 220.709, 
Time to set up datastructures: 21558.1ms
220.865, 220.943, 220.85, 220.95, 220.828, 220.963, 221.694, 220.982, 220.844, 221.114, 221.03, 221.021, 220.934, 221.066, 220.857, 220.896, 220.891, 220.764, 220.922, 220.926, 220.907, 220.788, 221.005, 221.005, 220.96, 220.851, 220.956, 220.895, 220.963, 220.846, 220.717, 220.923, 220.978, 220.988, 220.896, 221.556, 221.02, 221.028, 221.06, 220.799, 220.891, 220.879, 220.894, 221.014, 220.904, 220.927, 221.046, 221.122, 220.887, 220.905, 221.011, 227.649, 220.868, 220.901, 221.015, 220.913, 221.023, 220.819, 220.977, 220.907, 220.791, 220.908, 220.835, 221.017, 220.715, 220.835, 220.909, 220.851, 220.873, 221.003, 220.978, 221.011, 220.876, 220.81, 220.907, 221.024, 220.739, 220.861, 220.9, 220.873, 220.997, 221.022, 220.856, 220.829, 220.867, 220.839, 220.909, 221.024, 221.007, 220.903, 221.1, 220.96, 220.977, 220.9, 220.764, 221.064, 220.934, 220.867, 220.849, 220.92, 

run on commit: 13f96d2691d15f1db9e6fbb123ed75819301c34d